1.002134 1
1.005193 537
1.009110 1609
1.013027 2681
1.016019 3753
1.017868 4825
1.019936 5897
1.021785 6969
1.023635 8041
1.025484 9113
1.027334 10185
1.029184 11257
1.031033 12329
1.032883 13401
1.034732 14473
1.036582 15545
1.038432 16617
1.040281 17689
1.042131 18761
1.043980 19833
1.045830 20369
1.046755 20369
1.047680 20369
1.048604 20369
1.049529 20369
1.050454 20369
1.051379 20369
1.052304 20369
1.053228 20369
1.054153 20369
1.055078 20369
1.056003 20369
1.056928 20369
1.057852 20369
1.058777 21977
1.059920 21977
1.060844 21977
1.061769 23585
1.062694 23585
1.063619 23585
1.064544 23585
1.065468 25193
1.066393 25193
1.067318 25193
1.068243 25193
1.069168 25193
1.070092 26801
1.071017 26801
1.071942 26801
1.072867 26801
1.073792 26801
1.074716 26801
1.075641 28409
1.076566 28409
1.077491 28409
1.078416 28409
1.079340 28409
1.080265 28409
1.081190 28409
1.082115 30017
1.083040 30017
1.083964 30017
1.084889 30017
1.085814 30017
1.086739 30017
1.087664 30017
1.088588 30017
1.089513 46097
1.091363 47169
1.093212 48241
1.095062 49313
1.096912 50385
1.098761 51457
1.100611 52529
1.102460 53601
1.104310 54673
1.106160 55745
1.108009 56817
1.109859 57889
1.111708 58961
1.113558 60033
1.115408 61105
1.117257 62177
1.119107 63249
1.120956 64321
1.122806 65393
1.124656 66465
1.126505 67537
1.128355 68609
1.130204 69681
1.132054 70753
1.133904 71825
1.135753 72897
1.137603 73969
1.139452 75041
1.141302 76113
1.143152 77185
1.145001 78257
1.146851 79329
1.148700 80401
1.150550 81473
1.152400 82545
1.154249 83617
1.156099 84689
1.157948 85761
1.159798 86833
1.161648 87905
1.163497 88977
1.165347 90049
1.167196 91121
1.169046 92193
1.170896 93265
1.172745 94337
1.174595 95409
1.176444 96481
1.178294 97553
1.180144 98625
1.181993 99161
1.182918 99161
1.183843 99161
1.184768 99161
1.185692 99161
1.186617 99161
1.187542 99161
1.188467 99161
1.189392 99161
1.190316 99161
1.191241 99161
1.192166 99161
1.193091 99161
1.194016 106665
1.195865 107737
1.197715 108809
1.199564 109881
1.201414 110953
1.203264 112025
1.205113 113097
1.206963 114169
1.208812 115241
1.210662 116313
1.212512 117385
1.214361 118457
1.216211 119529
1.218060 120601
1.219910 121673
1.221760 122745
1.223609 123817
1.225459 124889
1.227308 125961
1.229158 127033
1.231008 128105
1.232857 129177
1.234707 130249
1.236556 131321
1.238406 132393
1.240256 133465
1.242105 134537
1.243955 135609
1.245804 136681
1.247654 137753
1.249504 138825
1.251353 139897
1.253203 140969
1.255052 142041
1.256902 143113
1.258752 144185
1.260601 145257
1.262451 146329
1.264300 147401
1.266150 148473
1.268000 149545
1.269849 150617
1.271699 151689
1.273548 152761
1.275398 153833
1.277248 154905
1.279097 155977
1.280947 157049
1.282796 158121
1.284646 159193
1.286496 160265
1.288345 161337
1.290195 162409
1.292044 163481
1.293894 164553
1.295744 165625
1.297593 166697
1.299443 167769
1.301292 168841
1.303142 169913
1.304992 170985
1.306841 172057
1.308691 173129
1.310540 174201
1.312390 175273
1.314240 176345
1.316089 177417
1.317939 178489
1.319788 179561
1.321638 180633
1.323488 181705
1.325337 182777
1.327187 183849
1.329036 184921
1.330886 185993
1.332736 187065
1.334585 188137
1.336435 189209
1.338284 190281
1.340134 191353
1.341984 191889
1.342908 191889
1.343833 191889
1.344758 191889
1.345683 191889
1.346608 191889
1.347532 191889
1.348457 191889
1.349382 191889
1.350307 191889
1.351232 191889
1.352156 191889
1.353081 191889
1.354006 199393
1.355856 200465
1.357705 201537
1.359555 202609
1.361404 203681
1.363254 204753
1.365104 205825
1.366953 206897
1.368803 207969
1.370652 209041
1.372502 210113
1.374352 211185
1.376201 212257
1.378051 213329
1.379900 214401
1.381750 215473
1.383600 216545
1.385449 217617
1.387299 218689
1.389148 219761
1.390998 220833
1.392848 221905
1.394697 222977
1.396547 224049
1.398396 225121
1.400246 226193
1.402096 227265
1.403945 228337
1.405795 229409
1.407644 230481
1.409494 231553
1.411344 232625
1.413193 233697
1.415043 234769
1.416892 235841
1.418742 236913
1.420592 237985
1.422441 239057
1.424291 240129
1.426140 241201
1.427990 242273
1.429840 243345
1.431689 244417
1.433539 245489
1.435388 246561
1.437238 247633
1.439088 248705
1.440937 249777
1.442787 250849
1.444636 251921
1.446486 252993
1.448336 254065
1.450185 255137
1.452035 256209
1.453884 257281
1.455734 258353
1.457584 259425
1.459433 260497
1.461283 261569
1.463132 262641
1.464982 263713
1.466832 264785
1.468681 265857
1.470531 266929
1.472380 268001
1.474230 269073
1.476080 270145
1.477929 271217
1.479779 272289
1.481628 273361
1.483478 274433
1.485328 275505
1.487177 276577
1.489027 277649
1.490876 278721
1.492726 279793
1.494576 280865
1.496425 281937
1.498275 283009
1.500124 284081
1.501974 284617
1.502899 284617
1.503824 284617
1.504748 284617
1.505673 284617
1.506598 284617
1.507523 284617
1.508448 284617
1.509372 284617
1.510297 284617
1.511222 284617
1.512147 284617
1.513072 284617
1.513996 292121
1.515846 293193
1.517696 294265
1.519545 295337
1.521395 296409
1.523244 297481
1.525094 298553
1.526944 299625
1.528793 300697
1.530643 301769
1.532492 302841
1.534342 303913
1.536192 304985
1.538041 306057
1.539891 307129
1.541740 308201
1.543590 309273
1.545440 310345
1.547289 311417
1.549139 312489
1.550988 313561
1.552838 314633
1.554688 315705
1.556537 316777
1.558387 317849
1.560236 318921
1.562086 319993
1.563936 321065
1.565785 322137
1.567635 323209
1.569484 324281
1.571334 325353
1.573184 326425
1.575033 327497
1.576883 328569
1.578732 329641
1.580582 330713
1.582432 331785
1.584281 332857
1.586131 333929
1.587980 335001
1.589830 336073
1.591680 337145
1.593529 338217
1.595379 339289
1.597228 340361
1.599078 341433
1.600928 342505
1.602777 343577
1.604627 344649
1.606476 345721
1.608326 346793
1.610176 347865
1.612025 348937
1.613875 350009
1.615724 351081
1.617574 352153
1.619424 353225
1.621273 354297
1.623123 355369
1.624972 356441
1.626822 357513
1.628672 358585
1.630521 359657
1.632371 360729
1.634220 361801
1.636070 362873
1.637920 363945
1.639769 365017
1.641619 366089
1.643468 367161
1.645318 368233
1.647168 369305
1.649017 370377
1.650867 371449
1.652716 372521
1.654566 373593
1.656416 374665
1.658265 375737
1.660115 376809
1.661964 377345
1.662889 377345
1.663814 377345
1.664739 377345
1.665664 377345
1.666588 377345
1.667513 377345
1.668438 377345
1.669363 377345
1.670288 377345
1.671212 377345
1.672137 377345
1.673062 377345
1.673987 384849
1.675836 385921
1.677686 386993
1.679536 388065
1.681385 389137
1.683235 390209
1.685084 391281
1.686934 392353
1.688784 393425
1.690633 394497
1.692483 395569
1.694332 396641
1.696182 397713
1.698032 398785
1.699881 399857
1.701731 400929
1.703580 402001
1.705430 403073
1.707280 404145
1.709129 405217
1.710979 406289
1.712828 407361
1.714678 408433
1.716528 409505
1.718377 410577
1.720227 411649
1.722076 412721
1.723926 413793
1.725776 414865
1.727625 415937
1.729475 417009
1.731324 418081
1.733174 419153
1.735024 420225
1.736873 421297
1.738723 422369
1.740572 423441
1.742422 424513
1.744272 425585
1.746121 426657
1.747971 427729
1.749820 428801
1.751670 429873
1.753520 430945
1.755369 432017
1.757219 433089
1.759068 434161
1.760918 435233
1.762768 436305
1.764617 437377
1.766467 438449
1.768316 439521
1.770166 440593
1.772016 441665
1.773865 442737
1.775715 443809
1.777564 444881
1.779414 445953
1.781264 447025
1.783113 448097
1.784963 449169
1.786812 450241
1.788662 451313
1.790512 452385
1.792361 453457
1.794211 454529
1.796060 455601
1.797910 456673
1.799760 457745
1.801609 458817
1.803459 459889
1.805308 460961
1.807158 462033
1.809008 463105
1.810857 464177
1.812707 465249
1.814556 466321
1.816406 467393
1.818256 468465
1.820105 469537
1.821955 470073
1.822880 470073
1.823804 470073
1.824729 470073
1.825654 470073
1.826579 470073
1.827504 470073
1.828428 470073
1.829353 470073
1.830278 470073
1.831203 470073
1.832128 470073
1.833052 470073
1.833977 477577
1.835827 478649
1.837676 479721
1.839526 480793
1.841376 481865
1.843225 482937
1.845075 484009
1.846924 485081
1.848774 486153
1.850624 487225
1.852473 488297
1.854323 489369
1.856172 490441
1.858022 491513
1.859872 492585
1.861721 493657
1.863571 494729
1.865420 495801
1.867270 496873
1.869120 497945
1.870969 499017
1.872819 500089
1.874668 501161
1.876518 502233
1.878368 503305
1.880217 504377
1.882067 505449
1.883916 506521
1.885766 507593
1.887616 508665
1.889465 509737
1.891315 510809
1.893164 511881
1.895014 512953
1.896864 514025
1.898713 515097
1.900563 516169
1.902412 517241
1.904262 518313
1.906112 519385
1.907961 520457
1.909811 521529
1.911660 522601
1.913510 523673
1.915360 524745
1.917209 525817
1.919059 526889
1.920908 527961
1.922758 529033
1.924608 530105
1.926457 531177
1.928307 532249
1.930156 533321
1.932006 534393
1.933856 535465
1.935705 536537
1.937555 537609
1.939404 538681
1.941254 539753
1.943104 540825
1.944953 541897
1.946803 542969
1.948652 544041
1.950502 545113
1.952352 546185
1.954201 547257
1.956051 548329
1.957900 549401
1.959750 550473
1.961600 551545
1.963449 552617
1.965299 553689
1.967148 554761
1.968998 555833
1.970848 556905
1.972697 557977
1.974547 559049
1.976396 560121
1.978246 561193
1.980096 562265
1.981945 562801
1.982870 562801
1.983795 562801
1.984720 562801
1.985644 562801
1.986569 562801
1.987494 562801
1.988419 562801
1.989344 562801
1.990268 562801
1.991193 562801
1.992118 562801
1.993043 562801
1.993968 570305
1.995817 571377
1.997667 572449
1.999516 573521
2.001366 574593
2.003216 575665
2.005065 576737
2.006915 577809
2.008764 578881
2.010614 579953
2.012464 581025
2.014313 582097
2.016163 583169
2.018012 584241
2.019862 585313
2.021712 586385
2.023561 587457
2.025411 588529
2.027260 589601
2.029110 590673
2.030960 591745
2.032809 592817
2.034659 593889
2.036508 594961
2.038358 596033
2.040208 597105
2.042057 598177
2.043907 599249
2.045756 600321
2.047606 601393
2.049456 602465
2.051305 603537
2.053155 604609
2.055004 605681
2.056854 606753
2.058704 607825
2.060553 608897
2.062403 609969
2.064252 611041
2.066102 612113
2.067952 613185
2.069801 614257
2.071651 615329
2.073500 616401
2.075350 617473
2.077200 618545
2.079049 619617
2.080899 620689
2.082748 621761
2.084598 622833
2.086448 623905
2.088297 624977
2.090147 626049
2.091996 627121
2.093846 628193
2.095696 629265
2.097545 630337
2.099395 631409
2.101244 632481
2.103094 633553
2.104944 634625
2.106793 635697
2.108643 636769
2.110492 637841
2.112342 638913
2.114192 639985
2.116041 641057
2.117891 642129
2.119740 643201
2.121590 644273
2.123440 645345
2.125289 646417
2.127139 647489
2.128988 648561
2.130838 649633
2.132688 650705
2.134537 651777
2.136387 652849
2.138236 653921
2.140086 654993
2.141936 655529
2.142860 655529
2.143785 655529
2.144710 655529
2.145635 655529
2.146560 655529
2.147484 655529
2.148409 655529
2.149334 655529
2.150259 655529
2.151184 655529
2.152108 655529
2.153033 655529
2.153958 663033
2.155808 664105
2.157657 665177
2.159507 666249
2.161356 667321
2.163206 668393
2.165056 669465
2.166905 670537
2.168755 671609
2.170604 672681
2.172454 673753
2.174304 674825
2.176153 675897
2.178003 676969
2.179852 678041
2.181702 679113
2.183552 680185
2.185401 681257
2.187251 682329
2.189100 683401
2.190950 684473
2.192800 685545
2.194649 686617
2.196499 687689
2.198348 688761
2.200198 689833
2.202048 690905
2.203897 691977
2.205747 693049
2.207596 694121
2.209446 695193
2.211296 696265
2.213145 697337
2.214995 698409
2.216844 699481
2.218694 700553
2.220544 701625
2.222393 702697
2.224243 703769
2.226092 704841
2.227942 705913
2.229792 706985
2.231641 708057
2.233491 709129
2.235340 710201
2.237190 711273
2.239040 712345
2.240889 713417
2.242739 714489
2.244588 715561
2.246438 716633
2.248288 717705
2.250137 718777
2.251987 719849
2.253836 720921
2.255686 721993
2.257536 723065
2.259385 724137
2.261235 725209
2.263084 726281
2.264934 727353
2.266784 728425
2.268633 729497
2.270483 730569
2.272332 731641
2.274182 732713
2.276032 733785
2.277881 734857
2.279731 735929
2.281580 737001
2.283430 738073
2.285280 739145
2.287129 740217
2.288979 741289
2.290828 742361
2.292678 743433
2.294528 744505
2.296377 745577
2.298227 746649
2.300076 747721
2.301926 748257
2.302851 748257
2.303776 748257
2.304700 748257
2.305625 748257
2.306550 748257
2.307475 748257
2.308400 748257
2.309324 748257
2.310249 748257
2.311174 748257
2.312099 748257
2.313024 748257
2.313948 755761
2.315798 756833
2.317648 757905
2.319497 758977
2.321347 760049
2.323196 761121
2.325046 762193
2.326896 763265
2.328745 764337
2.330595 765409
2.332444 766481
2.334294 767553
2.336144 768625
2.337993 769697
2.339843 770769
2.341692 771841
2.343542 772913
2.345392 773985
2.347241 775057
2.349091 776129
2.350940 777201
2.352790 778273
2.354640 779345
2.356489 780417
2.358339 781489
2.360188 782561
2.362038 783633
2.363888 784705
2.365737 785777
2.367587 786849
2.369436 787921
2.371286 788993
2.373136 790065
2.374985 791137
2.376835 792209
2.378684 793281
2.380534 794353
2.382384 795425
2.384233 796497
2.386083 797569
2.387932 798641
2.389782 799713
2.391632 800785
2.393481 801857
2.395331 802929
2.397180 804001
2.399030 805073
2.400880 806145
2.402729 807217
2.404579 808289
2.406428 809361
2.408278 810433
2.410128 811505
2.411977 812577
2.413827 813649
2.415676 814721
2.417526 815793
2.419376 816865
2.421225 817937
2.423075 819009
2.424924 820081
2.426774 821153
2.428624 822225
2.430473 823297
2.432323 824369
2.434172 825441
2.436022 826513
2.437872 827585
2.439721 828657
2.441571 829729
2.443420 830801
2.445270 831873
2.447120 832945
2.448969 834017
2.450819 835089
2.452668 836161
2.454518 837233
2.456368 838305
2.458217 839377
2.460067 840449
2.461916 840985
2.462841 840985
2.463766 840985
2.464691 840985
2.465616 840985
2.466540 840985
2.467465 840985
2.468390 840985
2.469315 840985
2.470240 840985
2.471164 840985
2.472089 840985
2.473014 840985
2.473939 848489
2.475788 849561
2.477638 850633
2.479488 851705
2.481337 852777
2.483187 853849
2.485036 854921
2.486886 855993
2.488736 857065
2.490585 858137
2.492435 859209
2.494284 860281
2.496134 861353
2.497984 862425
2.499833 863497
2.501683 864569
2.503532 865641
2.505382 866713
2.507232 867785
2.509081 868857
2.510931 869929
2.512780 871001
2.514630 872073
2.516480 873145
2.518329 874217
2.520179 875289
2.522028 876361
2.523878 877433
2.525728 878505
2.527577 879577
2.529427 880649
2.531276 881721
2.533126 882793
2.534976 883865
2.536825 884937
2.538675 886009
2.540524 887081
2.542374 888153
2.544224 889225
2.546073 890297
2.547923 891369
2.549772 892441
2.551622 893513
2.553472 894585
2.555321 895657
2.557171 896729
2.559020 897801
2.560870 898873
2.562720 899945
2.564569 901017
2.566419 902089
2.568268 903161
2.570118 904233
2.571968 905305
2.573817 906377
2.575667 907449
2.577516 908521
2.579366 909593
2.581216 910665
2.583065 911737
2.584915 912809
2.586764 913881
2.588614 914953
2.590464 916025
2.592313 917097
2.594163 918169
2.596012 919241
2.597862 920313
2.599712 921385
2.601561 922457
2.603411 923529
2.605260 924601
2.607110 925673
2.608960 926745
2.610809 927817
2.612659 928889
2.614508 929961
2.616358 931033
2.618208 932105
2.620057 933177
2.621907 933713
2.622832 933713
2.623756 933713
2.624681 933713
2.625606 933713
2.626531 933713
2.627456 933713
2.628380 933713
2.629305 933713
2.630230 933713
2.631155 933713
2.632080 933713
2.633004 933713
2.633929 941217
2.635779 942289
2.637628 943361
2.639478 944433
2.641328 945505
2.643177 946577
2.645027 947649
2.646876 948721
2.648726 949793
2.650576 950865
2.652425 951937
2.654275 953009
2.656124 954081
2.657974 955153
2.659824 956225
2.661673 957297
2.663523 958369
2.665372 959441
2.667222 960513
2.669072 961585
2.670921 962657
2.672771 963729
2.674620 964801
2.676470 965873
2.678320 966945
2.680169 968017
2.682019 969089
2.683868 970161
2.685718 971233
2.687568 972305
2.689417 973377
2.691267 974449
2.693116 975521
2.694966 976593
2.696816 977665
2.698665 978737
2.700515 979809
2.702364 980881
2.704214 981953
2.706064 983025
2.707913 984097
2.709763 985169
2.711612 986241
2.713462 987313
2.715312 988385
2.717161 989457
2.719011 990529
2.720860 991601
2.722710 992673
2.724560 993745
2.726409 994817
2.728259 995889
2.730108 996961
2.731958 998033
2.733808 999105
2.735657 1000177
2.737507 1001249
2.739356 1002321
2.741206 1003393
2.743056 1004465
2.744905 1005537
2.746755 1006609
2.748604 1007681
2.750454 1008753
2.752304 1009825
2.754153 1010897
2.756003 1011969
2.757852 1013041
2.759702 1014113
2.761552 1015185
2.763401 1016257
2.765251 1017329
2.767100 1018401
2.768950 1019473
2.770800 1020545
2.772649 1021617
2.774499 1022689
2.776348 1023761
2.778198 1024833
2.780048 1025905
2.781897 1026441
2.782822 1026441
2.783747 1026441
2.784672 1026441
2.785596 1026441
2.786521 1026441
2.787446 1026441
2.788371 1026441
2.789296 1026441
2.790220 1026441
2.791145 1026441
2.792070 1026441
2.792995 1026441
2.793920 1033945
2.795769 1035017
2.797619 1036089
2.799468 1037161
2.801318 1038233
2.803168 1039305
2.805017 1040377
2.806867 1041449
2.808716 1042521
2.810566 1043593
2.812416 1044665
2.814265 1045737
2.816115 1046809
2.817964 1047881
2.819814 1048953
2.821664 1050025
2.823513 1051097
2.825363 1052169
2.827212 1053241
2.829062 1054313
2.830912 1055385
2.832761 1056457
2.834611 1057529
2.836460 1058601
2.838310 1059673
2.840160 1060745
2.842009 1061817
2.843859 1062889
2.845708 1063961
2.847558 1065033
2.849408 1066105
2.851257 1067177
2.853107 1068249
2.854956 1069321
2.856806 1070393
2.858656 1071465
2.860505 1072537
2.862355 1073609
2.864204 1074681
2.866054 1075753
2.867904 1076825
2.869753 1077897
2.871603 1078969
2.873452 1080041
2.875302 1081113
2.877152 1082185
2.879001 1083257
2.880851 1084329
2.882700 1085401
2.884550 1086473
2.886400 1087545
2.888249 1088617
2.890099 1089689
2.891948 1090761
2.893798 1091833
2.895648 1092905
2.897497 1092905
2.898422 1092905
2.899347 1092905
2.900272 1092905
2.901196 1092905
2.902121 1092905
2.903046 1092905
2.903971 1092905
2.904896 1092905
2.905820 1092905
2.906745 1092905
2.907670 1099337
2.909520 1100409
2.911369 1101481
2.913219 1102553
2.915068 1103625
2.916918 1104697
2.918768 1105769
2.920617 1106841
2.922467 1107913
2.924316 1108985
2.926166 1110057
2.928016 1111129
2.929865 1112201
2.931715 1113273
2.933564 1114345
2.935414 1115417
2.937264 1116489
2.939113 1117561
2.940963 1118633
2.942812 1119705
2.944662 1120777
2.946512 1121849
2.948361 1122921
2.950211 1123993
2.952060 1125065
2.953910 1126137
2.955760 1127209
2.957609 1128281
2.959459 1129353
2.961308 1130425
2.963158 1131497
2.965008 1132569
2.966857 1133641
2.968707 1134713
2.970556 1135785
2.972406 1136857
2.974256 1137929
2.976105 1139001
2.977955 1140073
2.979804 1141145
2.981654 1142217
2.983504 1143289
2.985353 1144361
2.987203 1145433
2.989052 1146505
2.990902 1147577
2.992752 1148649
2.994601 1149721
2.996451 1150793
2.998300 1151865
3.000150 1152937
3.002000 1154009
3.003849 1155081
3.005699 1156153
3.007548 1157225
3.009398 1158297
3.011248 1159369
3.013097 1160441
3.014947 1161513
3.016796 1162585
3.018646 1163657
3.020496 1164729
3.022345 1165801
3.024195 1166873
3.026044 1167945
3.027894 1169017
3.029744 1170089
3.031593 1171161
3.033443 1172233
3.035292 1173305
3.037142 1174377
3.038992 1175449
3.040841 1176521
3.042691 1177593
3.044540 1178665
3.046390 1179737
3.048240 1180809
3.050089 1181881
3.051939 1182953
3.053788 1184025
3.055638 1185097
3.057488 1186169
3.059337 1187241
3.061187 1188313
3.063036 1189385
3.064886 1190457
3.066736 1191529
3.068585 1192065
3.069510 1192065
3.070435 1192065
3.071360 1192065
3.072284 1192065
3.073209 1192065
3.074134 1192065
3.075059 1192065
3.075984 1192065
3.076908 1192065
3.077833 1192065
3.078758 1192065
3.079683 1192065
3.080608 1199569
3.082457 1200641
3.084307 1201713
3.086156 1202785
3.088006 1203857
3.089856 1204929
3.091705 1206001
3.093555 1207073
3.095404 1208145
3.097254 1209217
3.099104 1210289
3.100953 1211361
3.102803 1212433
3.104652 1213505
3.106502 1214577
3.108352 1215649
3.110201 1216721
3.112051 1217793
3.113900 1218865
3.115750 1219937
3.117600 1221009
3.119449 1222081
3.121299 1223153
3.123148 1224225
3.124998 1225297
3.126848 1226369
3.128697 1227441
3.130547 1228513
3.132396 1229585
3.134246 1230657
3.136096 1231729
3.137945 1232801
3.139795 1233873
3.141644 1234945
3.143494 1236017
3.145344 1237089
3.147193 1238161
3.149043 1239233
3.150892 1240305
3.152742 1241377
3.154592 1242449
3.156441 1243521
3.158291 1244593
3.160140 1245665
3.161990 1246737
3.163840 1247809
3.165689 1248881
3.167539 1249953
3.169388 1251025
3.171238 1252097
3.173088 1253169
3.174937 1254241
3.176787 1255313
3.178636 1256385
3.180486 1257457
3.182336 1258529
3.184185 1259601
3.186035 1260673
3.187884 1261745
3.189734 1262817
3.191584 1263889
3.193433 1264961
3.195283 1266033
3.197132 1267105
3.198982 1268177
3.200832 1269249
3.202681 1270321
3.204531 1271393
3.206380 1272465
3.208230 1273537
3.210080 1274609
3.211929 1275681
3.213779 1276753
3.215628 1277825
3.217478 1278897
3.219328 1279969
3.221177 1281041
3.223027 1282113
3.224876 1283185
3.226726 1284257
3.228576 1284793
3.229500 1284793
3.230425 1284793
3.231350 1284793
3.232275 1284793
3.233200 1284793
3.234124 1284793
3.235049 1284793
3.235974 1284793
3.236899 1284793
3.237824 1284793
3.238748 1284793
3.239673 1284793
3.240598 1292297
3.242448 1293369
3.244297 1294441
3.246147 1295513
3.247996 1296585
3.249846 1297657
3.251696 1298729
3.253545 1299801
3.255395 1300873
3.257244 1301945
3.259094 1303017
3.260944 1304089
3.262793 1305161
3.264643 1306233
3.266492 1307305
3.268342 1308377
3.270192 1309449
3.272041 1310521
3.273891 1311593
3.275740 1312665
3.277590 1313737
3.279440 1314809
3.281289 1315881
3.283139 1316953
3.284988 1318025
3.286838 1319097
3.288688 1320169
3.290537 1321241
3.292387 1322313
3.294236 1323385
3.296086 1324457
3.297936 1325529
3.299785 1326601
3.301635 1327673
3.303484 1328745
3.305334 1329817
3.307184 1330889
3.309033 1331961
3.310883 1333033
3.312732 1334105
3.314582 1335177
3.316432 1336249
3.318281 1337321
3.320131 1338393
3.321980 1339465
3.323830 1340537
3.325680 1341609
3.327529 1342681
3.329379 1343753
3.331228 1344825
3.333078 1345897
3.334928 1346969
3.336777 1348041
3.338627 1349113
3.340476 1350185
3.342326 1351257
3.344176 1352329
3.346025 1353401
3.347875 1354473
3.349724 1355545
3.351574 1356617
3.353424 1357689
3.355273 1358761
3.357123 1359833
3.358972 1360905
3.360822 1361977
3.362672 1363049
3.364521 1364121
3.366371 1365193
3.368220 1366265
3.370070 1367337
3.371920 1368409
3.373769 1369481
3.375619 1370553
3.377468 1371625
3.379318 1372697
3.381168 1373769
3.383017 1374841
3.384867 1375913
3.386716 1376985
3.388566 1377521
3.389491 1377521
3.390416 1377521
3.391340 1377521
3.392265 1377521
3.393190 1377521
3.394115 1377521
3.395040 1377521
3.395964 1377521
3.396889 1377521
3.397814 1377521
3.398739 1377521
3.399664 1377521
3.400588 1385025
3.402438 1386097
3.404288 1387169
3.406137 1388241
3.407987 1389313
3.409836 1390385
3.411686 1391457
3.413536 1392529
3.415385 1393601
3.417235 1394673
3.419084 1395745
3.420934 1396817
3.422784 1397889
3.424633 1398961
3.426483 1400033
3.428332 1401105
3.430182 1402177
3.432032 1403249
3.433881 1404321
3.435731 1405393
3.437580 1406465
3.439430 1407537
3.441280 1408609
3.443129 1409681
3.444979 1410753
3.446828 1411825
3.448678 1412897
3.450528 1413969
3.452377 1415041
3.454227 1416113
3.456076 1417185
3.457926 1418257
3.459776 1419329
3.461625 1420401
3.463475 1421473
3.465324 1422545
3.467174 1423617
3.469024 1424689
3.470873 1425761
3.472723 1426833
3.474572 1427905
3.476422 1428977
3.478272 1430049
3.480121 1431121
3.481971 1432193
3.483820 1433265
3.485670 1434337
3.487520 1435409
3.489369 1436481
3.491219 1437553
3.493068 1438625
3.494918 1439697
3.496768 1440769
3.498617 1441841
3.500467 1442913
3.502316 1443985
3.504166 1445057
3.506016 1446129
3.507865 1447201
3.509715 1448273
3.511564 1449345
3.513414 1450417
3.515264 1451489
3.517113 1452561
3.518963 1453633
3.520812 1454705
3.522662 1455777
3.524512 1456849
3.526361 1457921
3.528211 1458993
3.530060 1460065
3.531910 1461137
3.533760 1462209
3.535609 1463281
3.537459 1464353
3.539308 1465425
3.541158 1466497
3.543008 1467569
3.544857 1468641
3.546707 1469713
3.548556 1470249
3.549481 1470249
3.550406 1470249
3.551331 1470249
3.552256 1470249
3.553180 1470249
3.554105 1470249
3.555030 1470249
3.555955 1470249
3.556880 1470249
3.557804 1470249
3.558729 1470249
3.559654 1470249
3.560579 1477753
3.562428 1478825
3.564278 1479897
3.566128 1480969
3.567977 1482041
3.569827 1483113
3.571676 1484185
3.573526 1485257
3.575376 1486329
3.577225 1487401
3.579075 1488473
3.580924 1489545
3.582774 1490617
3.584624 1491689
3.586473 1492761
3.588323 1493833
3.590172 1494905
3.592022 1495977
3.593872 1497049
3.595721 1498121
3.597571 1499193
3.599420 1500265
3.601270 1501337
3.603120 1502409
3.604969 1503481
3.606819 1504553
3.608668 1505625
3.610518 1506697
3.612368 1507769
3.614217 1508841
3.616067 1509913
3.617916 1510985
3.619766 1512057
3.621616 1513129
3.623465 1514201
3.625315 1515273
3.627164 1516345
3.629014 1517417
3.630864 1518489
3.632713 1519561
3.634563 1520633
3.636412 1521705
3.638262 1522777
3.640112 1523849
3.641961 1524921
3.643811 1525993
3.645660 1527065
3.647510 1528137
3.649360 1529209
3.651209 1530281
3.653059 1531353
3.654908 1532425
3.656758 1533497
3.658608 1534569
3.660457 1535641
3.662307 1536713
3.664156 1537785
3.666006 1538857
3.667856 1539929
3.669705 1541001
3.671555 1542073
3.673404 1543145
3.675254 1544217
3.677104 1545289
3.678953 1546361
3.680803 1547433
3.682652 1548505
3.684502 1549577
3.686352 1550649
3.688201 1551721
3.690051 1552793
3.691900 1553865
3.693750 1554937
3.695600 1556009
3.697449 1557081
3.699299 1558153
3.701148 1559225
3.702998 1560297
3.704848 1561369
3.706697 1562441
3.708547 1562977
3.709472 1562977
3.710396 1562977
3.711321 1562977
3.712246 1562977
3.713171 1562977
3.714096 1562977
3.715020 1562977
3.715945 1562977
3.716870 1562977
3.717795 1562977
3.718720 1562977
3.719644 1562977
3.720569 1570481
3.722419 1571553
3.724268 1572625
3.726118 1573697
3.727968 1574769
3.729817 1575841
3.731667 1576913
3.733516 1577985
3.735366 1579057
3.737216 1580129
3.739065 1581201
3.740915 1582273
3.742764 1583345
3.744614 1584417
3.746464 1585489
3.748313 1586561
3.750163 1587633
3.752012 1588705
3.753862 1589777
3.755712 1590849
3.757561 1591921
3.759411 1592993
3.761260 1594065
3.763110 1595137
3.764960 1596209
3.766809 1597281
3.768659 1598353
3.770508 1599425
3.772358 1600497
3.774208 1601569
3.776057 1602641
3.777907 1603713
3.779756 1604785
3.781606 1605857
3.783456 1606929
3.785305 1608001
3.787155 1609073
3.789004 1610145
3.790854 1611217
3.792704 1612289
3.794553 1613361
3.796403 1614433
3.798252 1615505
3.800102 1616577
3.801952 1617649
3.803801 1618721
3.805651 1619793
3.807500 1620865
3.809350 1621937
3.811200 1623009
3.813049 1624081
3.814899 1625153
3.816748 1626225
3.818598 1627297
3.820448 1628369
3.822297 1629441
3.824147 1630513
3.825996 1631585
3.827846 1632657
3.829696 1633729
3.831545 1634801
3.833395 1635873
3.835244 1636945
3.837094 1638017
3.838944 1639089
3.840793 1640161
3.842643 1641233
3.844492 1642305
3.846342 1643377
3.848192 1644449
3.850041 1645521
3.851891 1646593
3.853740 1647665
3.855590 1648737
3.857440 1649809
3.859289 1650881
3.861139 1651953
3.862988 1653025
3.864838 1654097
3.866688 1655169
3.868537 1655705
3.869462 1655705
3.870387 1655705
3.871312 1655705
3.872236 1655705
3.873161 1655705
3.874086 1655705
3.875011 1655705
3.875936 1655705
3.876860 1655705
3.877785 1655705
3.878710 1655705
3.879635 1655705
3.880560 1663209
3.882409 1664281
3.884259 1665353
3.886108 1666425
3.887958 1667497
3.889808 1668569
3.891657 1669641
3.893507 1670713
3.895356 1671785
3.897206 1672857
3.899056 1673929
3.900905 1675001
3.902755 1676073
3.904604 1677145
3.906454 1678217
3.908304 1679289
3.910153 1680361
3.912003 1681433
3.913852 1682505
3.915702 1683577
3.917552 1684649
3.919401 1685721
3.921251 1686793
3.923100 1687865
3.924950 1688937
3.926800 1690009
3.928649 1691081
3.930499 1692153
3.932348 1693225
3.934198 1694297
3.936048 1695369
3.937897 1696441
3.939747 1697513
3.941596 1698585
3.943446 1699657
3.945296 1700729
3.947145 1701801
3.948995 1702873
3.950844 1703945
3.952694 1705017
3.954544 1706089
3.956393 1707161
3.958243 1708233
3.960092 1709305
3.961942 1710377
3.963792 1711449
3.965641 1712521
3.967491 1713593
3.969340 1714665
3.971190 1715737
3.973040 1716809
3.974889 1717881
3.976739 1718953
3.978588 1720025
3.980438 1721097
3.982288 1722169
3.984137 1723241
3.985987 1724313
3.987836 1725385
3.989686 1726457
3.991536 1727529
3.993385 1728601
3.995235 1729673
3.997084 1730745
3.998934 1731817
4.000784 1732889
4.002633 1733961
4.004483 1735033
4.006332 1736105
4.008182 1737177
4.010032 1738249
4.011881 1739321
4.013731 1740393
4.015580 1741465
4.017430 1742537
4.019280 1743609
4.021129 1744681
4.022979 1745753
4.024828 1746825
4.026678 1747897
4.028528 1748433
4.029452 1748433
4.030377 1748433
4.031302 1748433
4.032227 1748433
4.033152 1748433
4.034076 1748433
4.035001 1748433
4.035926 1748433
4.036851 1748433
4.037776 1748433
4.038700 1748433
4.039625 1748433
4.040550 1755937
4.042400 1757009
4.044249 1758081
4.046099 1759153
4.047948 1760225
4.049798 1761297
4.051648 1762369
4.053497 1763441
4.055347 1764513
4.057196 1765585
4.059046 1766657
4.060896 1767729
4.062745 1768801
4.064595 1769873
4.066444 1770945
4.068294 1772017
4.070144 1773089
4.071993 1774161
4.073843 1775233
4.075692 1776305
4.077542 1777377
4.079392 1778449
4.081241 1779521
4.083091 1780593
4.084940 1781665
4.086790 1782737
4.088640 1783809
4.090489 1784881
4.092339 1785953
4.094188 1787025
4.096038 1788097
4.097888 1789169
4.099737 1790241
4.101587 1791313
4.103436 1792385
4.105286 1793457
4.107136 1794529
4.108985 1795601
4.110835 1796673
4.112684 1797745
4.114534 1798817
4.116384 1799889
4.118233 1800961
4.120083 1802033
4.121932 1803105
4.123782 1804177
4.125632 1805249
4.127481 1806321
4.129331 1807393
4.131180 1808465
4.133030 1809537
4.134880 1810609
4.136729 1811681
4.138579 1812753
4.140428 1813825
4.142278 1814897
4.144128 1815969
4.145977 1817041
4.147827 1818113
4.149676 1819185
4.151526 1820257
4.153376 1821329
4.155225 1822401
4.157075 1823473
4.158924 1824545
4.160774 1825617
4.162624 1826689
4.164473 1827761
4.166323 1828833
4.168172 1829905
4.170022 1830977
4.171872 1832049
4.173721 1833121
4.175571 1834193
4.177420 1835265
4.179270 1836337
4.181120 1837409
4.182969 1838481
4.184819 1839553
4.186668 1840625
4.188518 1841161
4.189443 1841161
4.190368 1841161
4.191292 1841161
4.192217 1841161
4.193142 1841161
4.194067 1841161
4.194992 1841161
4.195916 1841161
4.196841 1841161
4.197766 1841161
4.198691 1841161
4.199616 1841161
4.200540 1848665
4.202390 1849737
4.204240 1850809
4.206089 1851881
4.207939 1852953
4.209788 1854025
4.211638 1855097
4.213488 1856169
4.215337 1857241
4.217187 1858313
4.219036 1859385
4.220886 1860457
4.222736 1861529
4.224585 1862601
4.226435 1863673
4.228284 1864745
4.230134 1865817
4.231984 1866889
4.233833 1867961
4.235683 1869033
4.237532 1870105
4.239382 1871177
4.241232 1872249
4.243081 1873321
4.244931 1874393
4.246780 1875465
4.248630 1876537
4.250480 1877609
4.252329 1878681
4.254179 1879753
4.256028 1880825
4.257878 1881897
4.259728 1882969
4.261577 1884041
4.263427 1885113
4.265276 1886185
4.267126 1887257
4.268976 1888329
4.270825 1889401
4.272675 1890473
4.274524 1891545
4.276374 1892617
4.278224 1893689
4.280073 1894761
4.281923 1895833
4.283772 1896905
4.285622 1897977
4.287472 1899049
4.289321 1900121
4.291171 1901193
4.293020 1902265
4.294870 1903337
4.296720 1904409
4.298569 1905481
4.300419 1906553
4.302268 1907625
4.304118 1908697
4.305968 1909769
4.307817 1910841
4.309667 1911913
4.311516 1912985
4.313366 1914057
4.315216 1915129
4.317065 1916201
4.318915 1917273
4.320764 1918345
4.322614 1919417
4.324464 1920489
4.326313 1921561
4.328163 1922633
4.330012 1923705
4.331862 1924777
4.333712 1925849
4.335561 1926921
4.337411 1927993
4.339260 1929065
4.341110 1930137
4.342960 1931209
4.344809 1932281
4.346659 1933353
4.348508 1933889
4.349433 1933889
4.350358 1933889
4.351283 1933889
4.352208 1933889
4.353132 1933889
4.354057 1933889
4.354982 1933889
4.355907 1933889
4.356832 1933889
4.357756 1933889
4.358681 1933889
4.359606 1933889
4.360531 1941393
4.362380 1942465
4.364230 1943537
4.366080 1944609
4.367929 1945681
4.369779 1946753
4.371628 1947825
4.373478 1948897
4.375328 1949969
4.377177 1951041
4.379027 1952113
4.380876 1953185
4.382726 1954257
4.384576 1955329
4.386425 1956401
4.388275 1957473
4.390124 1958545
4.391974 1959617
4.393824 1960689
4.395673 1961761
4.397523 1962833
4.399372 1963905
4.401222 1964977
4.403072 1966049
4.404921 1967121
4.406771 1968193
4.408620 1969265
4.410470 1970337
4.412320 1971409
4.414169 1972481
4.416019 1973553
4.417868 1974625
4.419718 1975697
4.421568 1976769
4.423417 1977841
4.425267 1978913
4.427116 1979985
4.428966 1981057
4.430816 1982129
4.432665 1983201
4.434515 1984273
4.436364 1985345
4.438214 1986417
4.440064 1987489
4.441913 1988561
4.443763 1989633
4.445612 1990705
4.447462 1991777
4.449312 1992849
4.451161 1993921
4.453011 1994993
4.454860 1996065
4.456710 1997137
4.458560 1998209
4.460409 1999281
4.462259 2000353
4.464108 2001425
4.465958 2002497
4.467808 2003569
4.469657 2004641
4.471507 2005713
4.473356 2006785
4.475206 2007857
4.477056 2008929
4.478905 2010001
4.480755 2011073
4.482604 2012145
4.484454 2013217
4.486304 2014289
4.488153 2015361
4.490003 2016433
4.491852 2017505
4.493702 2018577
4.495552 2019649
4.497401 2020721
4.499251 2021793
4.501100 2022865
4.502950 2023937
4.504800 2025009
4.506649 2026081
4.508499 2026617
4.509424 2026617
4.510348 2026617
4.511273 2026617
4.512198 2026617
4.513123 2026617
4.514048 2026617
4.514972 2026617
4.515897 2026617
4.516822 2026617
4.517747 2026617
4.518672 2026617
4.519596 2026617
4.520521 2034121
4.522371 2035193
4.524220 2036265
4.526070 2037337
4.527920 2038409
4.529769 2039481
4.531619 2040553
4.533468 2041625
4.535318 2042697
4.537168 2043769
4.539017 2044841
4.540867 2045913
4.542716 2046985
4.544566 2048057
4.546416 2049129
4.548265 2050201
4.550115 2051273
4.551964 2052345
4.553814 2053417
4.555664 2054489
4.557513 2055561
4.559363 2056633
4.561212 2057705
4.563062 2058777
4.564912 2059849
4.566761 2060921
4.568611 2061993
4.570460 2063065
4.572310 2064137
4.574160 2065209
4.576009 2066281
4.577859 2067353
4.579708 2068425
4.581558 2069497
4.583408 2070569
4.585257 2071641
4.587107 2072713
4.588956 2073785
4.590806 2074857
4.592656 2075929
4.594505 2077001
4.596355 2078073
4.598204 2079145
4.600054 2080217
4.601904 2081289
4.603753 2082361
4.605603 2083433
4.607452 2084505
4.609302 2085577
4.611152 2086649
4.613001 2087721
4.614851 2088793
4.616700 2089865
4.618550 2090937
4.620400 2092009
4.622249 2093081
4.624099 2094153
4.625948 2095225
4.627798 2096297
4.629648 2097369
4.631497 2098441
4.633347 2099513
4.635196 2100585
4.637046 2101657
4.638896 2102729
4.640745 2103801
4.642595 2104873
4.644444 2105945
4.646294 2107017
4.648144 2108089
4.649993 2109161
4.651843 2110233
4.653692 2111305
4.655542 2112377
4.657392 2113449
4.659241 2114521
4.661091 2115593
4.662940 2116665
4.664790 2117737
4.666640 2118809
4.668489 2119345
4.669414 2119345
4.670339 2119345
4.671264 2119345
4.672188 2119345
4.673113 2119345
4.674038 2119345
4.674963 2119345
4.675888 2119345
4.676812 2119345
4.677737 2119345
4.678662 2119345
4.679587 2119345
4.680512 2126849
4.682361 2127921
4.684211 2128993
4.686060 2130065
4.687910 2131137
4.689760 2132209
4.691609 2133281
4.693459 2134353
4.695308 2135425
4.697158 2136497
4.699008 2137569
4.700857 2138641
4.702707 2139713
4.704556 2140785
4.706406 2141857
4.708256 2142929
4.710105 2144001
4.711955 2145073
4.713804 2146145
4.715654 2147217
4.717504 2148289
4.719353 2149361
4.721203 2150433
4.723052 2151505
4.724902 2152577
4.726752 2153649
4.728601 2154721
4.730451 2155793
4.732300 2156865
4.734150 2157937
4.736000 2159009
4.737849 2160081
4.739699 2161153
4.741548 2162225
4.743398 2163297
4.745248 2164369
4.747097 2165441
4.748947 2166513
4.750796 2167585
4.752646 2168657
4.754496 2169729
4.756345 2170801
4.758195 2171873
4.760044 2172945
4.761894 2174017
4.763744 2175089
4.765593 2176161
4.767443 2177233
4.769292 2178305
4.771142 2179377
4.772992 2180449
4.774841 2181521
4.776691 2182593
4.778540 2183665
4.780390 2184737
4.782240 2185809
4.784089 2186881
4.785939 2187953
4.787788 2189025
4.789638 2190097
4.791488 2191169
4.793337 2192241
4.795187 2193313
4.797036 2194385
4.798886 2195457
4.800736 2196529
4.802585 2197601
4.804435 2198673
4.806284 2199745
4.808134 2200817
4.809984 2201889
4.811833 2202961
4.813683 2204033
4.815532 2205105
4.817382 2206177
4.819232 2207249
4.821081 2208321
4.822931 2209393
4.824780 2210465
4.826630 2211537
4.828480 2212073
4.829404 2212073
4.830329 2212073
4.831254 2212073
4.832179 2212073
4.833104 2212073
4.834028 2212073
4.834953 2212073
4.835878 2212073
4.836803 2212073
4.837728 2212073
4.838652 2212073
4.839577 2212073
4.840502 2219577
4.842352 2220649
4.844201 2221721
4.846051 2222793
4.847900 2223865
4.849750 2224937
4.851600 2226009
4.853449 2227081
4.855299 2228153
4.857148 2229225
4.858998 2230297
4.860848 2231369
4.862697 2232441
4.864547 2233513
4.866396 2234585
4.868246 2235657
4.870096 2236729
4.871945 2237801
4.873795 2238873
4.875644 2239945
4.877494 2241017
4.879344 2242089
4.881193 2243161
4.883043 2244233
4.884892 2245305
4.886742 2246377
4.888592 2247449
4.890441 2248521
4.892291 2249593
4.894140 2250665
4.895990 2251737
4.897840 2252809
4.899689 2253881
4.901539 2254953
4.903388 2256025
4.905238 2257097
4.907088 2258169
4.908937 2259241
4.910787 2260313
4.912636 2261385
4.914486 2262457
4.916336 2263529
4.918185 2264601
4.920035 2265673
4.921884 2266745
4.923734 2267817
4.925584 2268889
4.927433 2269961
4.929283 2271033
4.931132 2272105
4.932982 2273177
4.934832 2274249
4.936681 2275321
4.938531 2276393
4.940380 2277465
4.942230 2278537
4.944080 2279609
4.945929 2280681
4.947779 2281753
4.949628 2282825
4.951478 2283897
4.953328 2284969
4.955177 2286041
4.957027 2287113
4.958876 2288185
4.960726 2289257
4.962576 2290329
4.964425 2291401
4.966275 2292473
4.968124 2293545
4.969974 2294617
4.971824 2295689
4.973673 2296761
4.975523 2297833
4.977372 2298905
4.979222 2299977
4.981072 2301049
4.982921 2302121
4.984771 2303193
4.986620 2304265
4.988470 2304801
4.989395 2304801
4.990320 2304801
4.991244 2304801
4.992169 2304801
4.993094 2304801
4.994019 2304801
4.994944 2304801
4.995868 2304801
4.996793 2304801
4.997718 2304801
4.998643 2304801
4.999568 2304801
5.000492 2312305
5.002342 2313377
5.004192 2314449
5.006041 2315521
5.007891 2316593
5.009740 2317665
5.011590 2318737
5.013440 2319809
5.015289 2320881
5.017139 2321953
5.018988 2323025
5.020838 2324097
5.022688 2325169
5.024537 2326241
5.026387 2327313
5.028236 2328385
5.030086 2329457
5.031936 2330529
5.033785 2331601
5.035635 2332673
5.037484 2333745
5.039334 2334817
5.041184 2335889
5.043033 2336961
5.044883 2338033
5.046732 2339105
5.048582 2340177
5.050432 2341249
5.052281 2342321
5.054131 2343393
5.055980 2344465
5.057830 2345537
5.059680 2346609
5.061529 2347681
5.063379 2348753
5.065228 2349825
5.067078 2350897
5.068928 2351969
5.070777 2353041
5.072627 2354113
5.074476 2355185
5.076326 2356257
5.078176 2357329
5.080025 2358401
5.081875 2359473
5.083724 2360545
5.085574 2361617
5.087424 2362689
5.089273 2363761
5.091123 2364833
5.092972 2365905
5.094822 2366977
5.096672 2368049
5.098521 2369121
5.100371 2370193
5.102220 2371265
5.104070 2372337
5.105920 2373409
5.107769 2374481
5.109619 2375553
5.111468 2376625
5.113318 2377697
5.115168 2378769
5.117017 2379841
5.118867 2380913
5.120716 2381985
5.122566 2383057
5.124416 2384129
5.126265 2385201
5.128115 2386273
5.129964 2387345
5.131814 2388417
5.133664 2389489
5.135513 2390561
5.137363 2391633
5.139212 2392705
5.141062 2393777
5.142912 2394849
5.144761 2395921
5.146611 2396993
5.148460 2397529
5.149385 2397529
5.150310 2397529
5.151235 2397529
5.152160 2397529
5.153084 2397529
5.154009 2397529
5.154934 2397529
5.155859 2397529
5.156784 2397529
5.157708 2397529
5.158633 2397529
5.159558 2397529
5.160483 2405033
5.162332 2406105
5.164182 2407177
5.166032 2408249
5.167881 2409321
5.169731 2410393
5.171580 2411465
5.173430 2412537
5.175280 2413609
5.177129 2414681
5.178979 2415753
5.180828 2416825
5.182678 2417897
5.184528 2418969
5.186377 2420041
5.188227 2421113
5.190076 2422185
5.191926 2423257
5.193776 2424329
5.195625 2425401
5.197475 2426473
5.199324 2427545
5.201174 2428617
5.203024 2429689
5.204873 2430761
5.206723 2431833
5.208572 2432905
5.210422 2433977
5.212272 2435049
5.214121 2436121
5.215971 2437193
5.217820 2438265
5.219670 2439337
5.221520 2440409
5.223369 2441481
5.225219 2442553
5.227068 2443625
5.228918 2444697
5.230768 2445769
5.232617 2446841
5.234467 2447913
5.236316 2448985
5.238166 2450057
5.240016 2451129
5.241865 2452201
5.243715 2453273
5.245564 2454345
5.247414 2455417
5.249264 2456489
5.251113 2457561
5.252963 2458633
5.254812 2459705
5.256662 2460777
5.258512 2461849
5.260361 2462921
5.262211 2463993
5.264060 2465065
5.265910 2466137
5.267760 2467209
5.269609 2468281
5.271459 2469353
5.273308 2470425
5.275158 2471497
5.277008 2472569
5.278857 2473641
5.280707 2474713
5.282556 2475785
5.284406 2476857
5.286256 2477929
5.288105 2479001
5.289955 2480073
5.291804 2481145
5.293654 2482217
5.295504 2483289
5.297353 2484361
5.299203 2485433
5.301052 2486505
5.302902 2487577
5.304752 2488649
5.306601 2489721
5.308451 2490257
5.309376 2490257
5.310300 2490257
5.311225 2490257
5.312150 2490257
5.313075 2490257
5.314000 2490257
5.314924 2490257
5.315849 2490257
5.316774 2490257
5.317699 2490257
5.318624 2490257
5.319548 2490257
5.320473 2497761
5.322323 2498833
5.324172 2499905
5.326022 2500977
5.327872 2502049
5.329721 2503121
5.331571 2504193
5.333420 2505265
5.335270 2506337
5.337120 2507409
5.338969 2508481
5.340819 2509553
5.342668 2510625
5.344518 2511697
5.346368 2512769
5.348217 2513841
5.350067 2514913
5.351916 2515985
5.353766 2517057
5.355616 2518129
5.357465 2519201
5.359315 2520273
5.361164 2521345
5.363014 2522417
5.364864 2523489
5.366713 2524561
5.368563 2525633
5.370412 2526705
5.372262 2527777
5.374112 2528849
5.375961 2529921
5.377811 2530993
5.379660 2532065
5.381510 2533137
5.383360 2534209
5.385209 2535281
5.387059 2536353
5.388908 2537425
5.390758 2538497
5.392608 2539569
5.394457 2540641
5.396307 2541713
5.398156 2542785
5.400006 2543857
5.401856 2544929
5.403705 2546001
5.405555 2547073
5.407404 2548145
5.409254 2549217
5.411104 2550289
5.412953 2551361
5.414803 2552433
5.416652 2553505
5.418502 2554577
5.420352 2555649
5.422201 2556721
5.424051 2557793
5.425900 2558865
5.427750 2559937
5.429600 2561009
5.431449 2562081
5.433299 2563153
5.435148 2564225
5.436998 2565297
5.438848 2566369
5.440697 2567441
5.442547 2568513
5.444396 2569585
5.446246 2570657
5.448096 2571729
5.449945 2572801
5.451795 2573873
5.453644 2574945
5.455494 2576017
5.457344 2577089
5.459193 2578161
5.461043 2579233
5.462892 2580305
5.464742 2581377
5.466592 2582449
5.468441 2582985
5.469366 2582985
5.470291 2582985
5.471216 2582985
5.472140 2582985
5.473065 2582985
5.473990 2582985
5.474915 2582985
5.475840 2582985
5.476764 2582985
5.477689 2582985
5.478614 2582985
5.479539 2582985
5.480464 2590489
5.482313 2591561
5.484163 2592633
5.486012 2593705
5.487862 2594777
5.489712 2595849
5.491561 2596921
5.493411 2597993
5.495260 2599065
5.497110 2600137
5.498960 2601209
5.500809 2602281
5.502659 2603353
5.504508 2604425
5.506358 2605497
5.508208 2606569
5.510057 2607641
5.511907 2608713
5.513756 2609785
5.515606 2610857
5.517456 2611929
5.519305 2613001
5.521155 2614073
5.523004 2615145
5.524854 2616217
5.526704 2617289
5.528553 2618361
5.530403 2619433
5.532252 2620505
5.534102 2621577
5.535952 2622649
5.537801 2623721
5.539651 2624793
5.541500 2625865
5.543350 2626937
5.545200 2628009
5.547049 2629081
5.548899 2630153
5.550748 2631225
5.552598 2632297
5.554448 2633369
5.556297 2634441
5.558147 2635513
5.559996 2636585
5.561846 2637657
5.563696 2638729
5.565545 2639801
5.567395 2640873
5.569244 2641945
5.571094 2643017
5.572944 2644089
5.574793 2645161
5.576643 2646233
5.578492 2647305
5.580342 2648377
5.582192 2649449
5.584041 2650521
5.585891 2651593
5.587740 2652665
5.589590 2653737
5.591440 2654809
5.593289 2655881
5.595139 2656953
5.596988 2658025
5.598838 2659097
5.600688 2660169
5.602537 2661241
5.604387 2662313
5.606236 2663385
5.608086 2664457
5.609936 2665529
5.611785 2666601
5.613635 2667673
5.615484 2668745
5.617334 2669817
5.619184 2670889
5.621033 2671961
5.622883 2673033
5.624732 2674105
5.626582 2675177
5.628432 2675713
5.629356 2675713
5.630281 2675713
5.631206 2675713
5.632131 2675713
5.633056 2675713
5.633980 2675713
5.634905 2675713
5.635830 2675713
5.636755 2675713
5.637680 2675713
5.638604 2675713
5.639529 2675713
5.640454 2683217
5.642304 2684289
5.644153 2685361
5.646003 2686433
5.647852 2687505
5.649702 2688577
5.651552 2689649
5.653401 2690721
5.655251 2691793
5.657100 2692865
5.658950 2693937
5.660800 2695009
5.662649 2696081
5.664499 2697153
5.666348 2698225
5.668198 2699297
5.670048 2700369
5.671897 2701441
5.673747 2702513
5.675596 2703585
5.677446 2704657
5.679296 2705729
5.681145 2706801
5.682995 2707873
5.684844 2708945
5.686694 2710017
5.688544 2711089
5.690393 2712161
5.692243 2713233
5.694092 2714305
5.695942 2715377
5.697792 2716449
5.699641 2717521
5.701491 2718593
5.703340 2719665
5.705190 2720737
5.707040 2721809
5.708889 2722881
5.710739 2723953
5.712588 2725025
5.714438 2726097
5.716288 2727169
5.718137 2728241
5.719987 2729313
5.721836 2730385
5.723686 2731457
5.725536 2732529
5.727385 2733601
5.729235 2734673
5.731084 2735745
5.732934 2736817
5.734784 2737889
5.736633 2738961
5.738483 2740033
5.740332 2741105
5.742182 2742177
5.744032 2743249
5.745881 2744321
5.747731 2745393
5.749580 2746465
5.751430 2747537
5.753280 2748609
5.755129 2749681
5.756979 2750753
5.758828 2751825
5.760678 2752897
5.762528 2753969
5.764377 2755041
5.766227 2756113
5.768076 2757185
5.769926 2758257
5.771776 2759329
5.773625 2760401
5.775475 2761473
5.777324 2762545
5.779174 2763617
5.781024 2764689
5.782873 2765761
5.784723 2766833
5.786572 2767905
5.788422 2768441
5.789347 2768441
5.790272 2768441
5.791196 2768441
5.792121 2768441
5.793046 2768441
5.793971 2768441
5.794896 2768441
5.795820 2768441
5.796745 2768441
5.797670 2768441
5.798595 2768441
5.799520 2768441
5.800444 2775945
5.802294 2777017
5.804144 2778089
5.805993 2779161
5.807843 2780233
5.809692 2781305
5.811542 2782377
5.813392 2783449
5.815241 2784521
5.817091 2785593
5.818940 2786665
5.820790 2787737
5.822640 2788809
5.824489 2789881
5.826339 2790953
5.828188 2792025
5.830038 2793097
5.831888 2794169
5.833737 2795241
5.835587 2796313
5.837436 2797385
5.839286 2798457
5.841136 2799529
5.842985 2800601
5.844835 2801673
5.846684 2802745
5.848534 2803817
5.850384 2804889
5.852233 2805961
5.854083 2807033
5.855932 2808105
5.857782 2809177
5.859632 2810249
5.861481 2811321
5.863331 2812393
5.865180 2813465
5.867030 2814537
5.868880 2815609
5.870729 2816681
5.872579 2817753
5.874428 2818825
5.876278 2819897
5.878128 2820969
5.879977 2822041
5.881827 2823113
5.883676 2824185
5.885526 2825257
5.887376 2826329
5.889225 2827401
5.891075 2828473
5.892924 2829545
5.894774 2830617
5.896624 2831689
5.898473 2832761
5.900323 2833833
5.902172 2834905
5.904022 2835977
5.905872 2837049
5.907721 2838121
5.909571 2839193
5.911420 2840265
5.913270 2841337
5.915120 2842409
5.916969 2843481
5.918819 2844553
5.920668 2845625
5.922518 2846697
5.924368 2847769
5.926217 2848841
5.928067 2849913
5.929916 2850985
5.931766 2852057
5.933616 2853129
5.935465 2854201
5.937315 2855273
5.939164 2856345
5.941014 2857417
5.942864 2858489
5.944713 2859561
5.946563 2860633
5.948412 2861169
5.949337 2861169
5.950262 2861169
5.951187 2861169
5.952112 2861169
5.953036 2861169
5.953961 2861169
5.954886 2861169
5.955811 2861169
5.956736 2861169
5.957660 2861169
5.958585 2861169
5.959510 2861169
5.960435 2868673
5.962284 2869745
5.964134 2870817
5.965984 2871889
5.967833 2872961
5.969683 2874033
5.971532 2875105
5.973382 2876177
5.975232 2877249
5.977081 2878321
5.978931 2879393
5.980780 2880465
5.982630 2881537
5.984480 2882609
5.986329 2883681
5.988179 2884753
5.990028 2885825
5.991878 2886897
5.993728 2887969
5.995577 2889041
5.997427 2890113
5.999276 2891185
6.001126 2892257
6.002976 2893329
6.004825 2894401
6.006675 2895473
6.008524 2896545
6.010374 2897617
6.012224 2898689
6.014073 2899761
6.015923 2900833
6.017772 2901905
6.019622 2902977
6.021472 2904049
6.023321 2905121
6.025171 2906193
6.027020 2907265
6.028870 2908337
6.030720 2909409
6.032569 2910481
6.034419 2911553
6.036268 2912625
6.038118 2913697
6.039968 2914769
6.041817 2915841
6.043667 2916913
6.045516 2917985
6.047366 2919057
6.049216 2920129
6.051065 2921201
6.052915 2922273
6.054764 2923345
6.056614 2924417
6.058464 2925489
6.060313 2926561
6.062163 2927633
6.064012 2928705
6.065862 2929777
6.067712 2930849
6.069561 2931921
6.071411 2932993
6.073260 2934065
6.075110 2935137
6.076960 2936209
6.078809 2937281
6.080659 2938353
6.082508 2939425
6.084358 2940497
6.086208 2941569
6.088057 2942641
6.089907 2943713
6.091756 2944785
6.093606 2945857
6.095456 2946929
6.097305 2948001
6.099155 2949073
6.101004 2950145
6.102854 2951217
6.104704 2952289
6.106553 2953361
6.108403 2953897
6.109328 2953897
6.110252 2953897
6.111177 2953897
6.112102 2953897
6.113027 2953897
6.113952 2953897
6.114876 2953897
6.115801 2953897
6.116726 2953897
6.117651 2953897
6.118576 2953897
6.119500 2953897
6.120425 2961401
6.122275 2962473
6.124124 2963545
6.125974 2964617
6.127824 2965689
6.129673 2966761
6.131523 2967833
6.133372 2968905
6.135222 2969977
6.137072 2971049
6.138921 2972121
6.140771 2973193
6.142620 2974265
6.144470 2975337
6.146320 2976409
6.148169 2977481
6.150019 2978553
6.151868 2979625
6.153718 2980697
6.155568 2981769
6.157417 2982841
6.159267 2983913
6.161116 2984985
6.162966 2986057
6.164816 2987129
6.166665 2988201
6.168515 2989273
6.170364 2990345
6.172214 2991417
6.174064 2992489
6.175913 2993561
6.177763 2994633
6.179612 2995705
6.181462 2996777
6.183312 2997849
6.185161 2998921
6.187011 2999993
6.188860 3001065
6.190710 3002137
6.192560 3003209
6.194409 3004281
6.196259 3005353
6.198108 3006425
6.199958 3007497
6.201808 3008569
6.203657 3009641
6.205507 3010713
6.207356 3011785
6.209206 3012857
6.211056 3013929
6.212905 3015001
6.214755 3016073
6.216604 3017145
6.218454 3018217
6.220304 3019289
6.222153 3020361
6.224003 3021433
6.225852 3022505
6.227702 3023577
6.229552 3024649
6.231401 3025721
6.233251 3026793
6.235100 3027865
6.236950 3028937
6.238800 3030009
6.240649 3031081
6.242499 3032153
6.244348 3033225
6.246198 3034297
6.248048 3035369
6.249897 3036441
6.251747 3037513
6.253596 3038585
6.255446 3039657
6.257296 3040729
6.259145 3041801
6.260995 3042873
6.262844 3043945
6.264694 3045017
6.266544 3046089
6.268393 3046625
6.269318 3046625
6.270243 3046625
6.271168 3046625
6.272092 3046625
6.273017 3046625
6.273942 3046625
6.274867 3046625
6.275792 3046625
6.276716 3046625
6.277641 3046625
6.278566 3046625
6.279491 3046625
6.280416 3054129
6.282265 3055201
6.284115 3056273
6.285964 3057345
6.287814 3058417
6.289664 3059489
6.291513 3060561
6.293363 3061633
6.295212 3062705
6.297062 3063777
6.298912 3064849
6.300761 3065921
6.302611 3066993
6.304460 3068065
6.306310 3069137
6.308160 3070209
6.310009 3071281
6.311859 3072353
6.313708 3073425
6.315558 3074497
6.317408 3075569
6.319257 3076641
6.321107 3077713
6.322956 3078785
6.324806 3079857
6.326656 3080929
6.328505 3082001
6.330355 3083073
6.332204 3084145
6.334054 3085217
6.335904 3086289
6.337753 3087361
6.339603 3088433
6.341452 3089505
6.343302 3090577
6.345152 3091649
6.347001 3092721
6.348851 3093793
6.350700 3094865
6.352550 3095937
6.354400 3097009
6.356249 3098081
6.358099 3099153
6.359948 3100225
6.361798 3101297
6.363648 3102369
6.365497 3103441
6.367347 3104513
6.369196 3105585
6.371046 3106657
6.372896 3107729
6.374745 3108801
6.376595 3109873
6.378444 3110945
6.380294 3112017
6.382144 3113089
6.383993 3114161
6.385843 3115233
6.387692 3116305
6.389542 3117377
6.391392 3118449
6.393241 3119521
6.395091 3120593
6.396940 3121665
6.398790 3122737
6.400640 3123809
6.402489 3124881
6.404339 3125953
6.406188 3127025
6.408038 3128097
6.409888 3129169
6.411737 3130241
6.413587 3131313
6.415436 3132385
6.417286 3133457
6.419136 3134529
6.420985 3135601
6.422835 3136673
6.424684 3137745
6.426534 3138817
6.428384 3139353
6.429308 3139353
6.430233 3139353
6.431158 3139353
6.432083 3139353
6.433008 3139353
6.433932 3139353
6.434857 3139353
6.435782 3139353
6.436707 3139353
6.437632 3139353
6.438556 3139353
6.439481 3139353
6.440406 3146857
6.442256 3147929
6.444105 3149001
6.445955 3150073
6.447804 3151145
6.449654 3152217
6.451504 3153289
6.453353 3154361
6.455203 3155433
6.457052 3156505
6.458902 3157577
6.460752 3158649
6.462601 3159721
6.464451 3160793
6.466300 3161865
6.468150 3162937
6.470000 3164009
6.471849 3165081
6.473699 3166153
6.475548 3167225
6.477398 3168297
6.479248 3169369
6.481097 3170441
6.482947 3171513
6.484796 3172585
6.486646 3173657
6.488496 3174729
6.490345 3175801
6.492195 3176873
6.494044 3177945
6.495894 3179017
6.497744 3180089
6.499593 3181161
6.501443 3182233
6.503292 3183305
6.505142 3184377
6.506992 3185449
6.508841 3186521
6.510691 3187593
6.512540 3188665
6.514390 3189737
6.516240 3190809
6.518089 3191881
6.519939 3192953
6.521788 3194025
6.523638 3195097
6.525488 3196169
6.527337 3197241
6.529187 3198313
6.531036 3199385
6.532886 3200457
6.534736 3201529
6.536585 3202601
6.538435 3203673
6.540284 3204745
6.542134 3205817
6.543984 3206889
6.545833 3207961
6.547683 3209033
6.549532 3210105
6.551382 3211177
6.553232 3212249
6.555081 3213321
6.556931 3214393
6.558780 3215465
6.560630 3216537
6.562480 3217609
6.564329 3218681
6.566179 3219753
6.568028 3220825
6.569878 3221897
6.571728 3222969
6.573577 3224041
6.575427 3225113
6.577276 3226185
6.579126 3227257
6.580976 3228329
6.582825 3229401
6.584675 3230473
6.586524 3231545
6.588374 3232081
6.589299 3232081
6.590224 3232081
6.591148 3232081
6.592073 3232081
6.592998 3232081
6.593923 3232081
6.594848 3232081
6.595772 3232081
6.596697 3232081
6.597622 3232081
6.598547 3232081
6.599472 3232081
6.600396 3239585
6.602246 3240657
6.604096 3241729
6.605945 3242801
6.607795 3243873
6.609644 3244945
6.611494 3246017
6.613344 3247089
6.615193 3248161
6.617043 3249233
6.618892 3250305
6.620742 3251377
6.622592 3252449
6.624441 3253521
6.626291 3254593
6.628140 3255665
6.629990 3256737
6.631840 3257809
6.633689 3258881
6.635539 3259953
6.637388 3261025
6.639238 3262097
6.641088 3263169
6.642937 3264241
6.644787 3265313
6.646636 3266385
6.648486 3267457
6.650336 3268529
6.652185 3269601
6.654035 3270673
6.655884 3271745
6.657734 3272817
6.659584 3273889
6.661433 3274961
6.663283 3276033
6.665132 3277105
6.666982 3278177
6.668832 3279249
6.670681 3280321
6.672531 3281393
6.674380 3282465
6.676230 3283537
6.678080 3284609
6.679929 3285681
6.681779 3286753
6.683628 3287825
6.685478 3288897
6.687328 3289969
6.689177 3291041
6.691027 3292113
6.692876 3293185
6.694726 3294257
6.696576 3295329
6.698425 3296401
6.700275 3297473
6.702124 3298545
6.703974 3299617
6.705824 3300689
6.707673 3301761
6.709523 3302833
6.711372 3303905
6.713222 3304977
6.715072 3306049
6.716921 3307121
6.718771 3308193
6.720620 3309265
6.722470 3310337
6.724320 3311409
6.726169 3312481
6.728019 3313553
6.729868 3314625
6.731718 3315697
6.733568 3316769
6.735417 3317841
6.737267 3318913
6.739116 3319985
6.740966 3321057
6.742816 3322129
6.744665 3323201
6.746515 3324273
6.748364 3324809
6.749289 3324809
6.750214 3324809
6.751139 3324809
6.752064 3324809
6.752988 3324809
6.753913 3324809
6.754838 3324809
6.755763 3324809
6.756688 3324809
6.757612 3324809
6.758537 3324809
6.759462 3324809
6.760387 3332313
6.762236 3333385
6.764086 3334457
6.765936 3335529
6.767785 3336601
6.769635 3337673
6.771484 3338745
6.773334 3339817
6.775184 3340889
6.777033 3341961
6.778883 3343033
6.780732 3344105
6.782582 3345177
6.784432 3346249
6.786281 3347321
6.788131 3348393
6.789980 3349465
6.791830 3350537
6.793680 3351609
6.795529 3352681
6.797379 3353753
6.799228 3354825
6.801078 3355897
6.802928 3356969
6.804777 3358041
6.806627 3359113
6.808476 3360185
6.810326 3361257
6.812176 3362329
6.814025 3363401
6.815875 3364473
6.817724 3365545
6.819574 3366617
6.821424 3367689
6.823273 3368761
6.825123 3369833
6.826972 3370905
6.828822 3371977
6.830672 3373049
6.832521 3374121
6.834371 3375193
6.836220 3376265
6.838070 3377337
6.839920 3378409
6.841769 3379481
6.843619 3380553
6.845468 3381625
6.847318 3382697
6.849168 3383769
6.851017 3384841
6.852867 3385913
6.854716 3386985
6.856566 3388057
6.858416 3389129
6.860265 3390201
6.862115 3391273
6.863964 3392345
6.865814 3393417
6.867664 3394489
6.869513 3395561
6.871363 3396633
6.873212 3397705
6.875062 3398777
6.876912 3399849
6.878761 3400921
6.880611 3401993
6.882460 3403065
6.884310 3404137
6.886160 3405209
6.888009 3406281
6.889859 3407353
6.891708 3408425
6.893558 3409497
6.895408 3410569
6.897257 3411641
6.899107 3412713
6.900956 3413785
6.902806 3414857
6.904656 3415929
6.906505 3417001
6.908355 3417537
6.909280 3417537
6.910204 3417537
6.911129 3417537
6.912054 3417537
6.912979 3417537
6.913904 3417537
6.914828 3417537
6.915753 3417537
6.916678 3417537
6.917603 3417537
6.918528 3417537
6.919452 3417537
6.920377 3425041
6.922227 3426113
6.924076 3427185
6.925926 3428257
6.927776 3429329
6.929625 3430401
6.931475 3431473
6.933324 3432545
6.935174 3433617
6.937024 3434689
6.938873 3435761
6.940723 3436833
6.942572 3437905
6.944422 3438977
6.946272 3440049
6.948121 3441121
6.949971 3442193
6.951820 3443265
6.953670 3444337
6.955520 3445409
6.957369 3446481
6.959219 3447553
6.961068 3448625
6.962918 3449697
6.964768 3450769
6.966617 3451841
6.968467 3452913
6.970316 3453985
6.972166 3455057
6.974016 3456129
6.975865 3457201
6.977715 3458273
6.979564 3459345
6.981414 3460417
6.983264 3461489
6.985113 3462561
6.986963 3463633
6.988812 3464705
6.990662 3465777
6.992512 3466849
6.994361 3467921
6.996211 3468993
6.998060 3470065
6.999910 3471137
7.001760 3472209
7.003609 3473281
7.005459 3474353
7.007308 3475425
7.009158 3476497
7.011008 3477569
7.012857 3478641
7.014707 3479713
7.016556 3480785
7.018406 3481857
7.020256 3482929
7.022105 3484001
7.023955 3485073
7.025804 3486145
7.027654 3487217
7.029504 3488289
7.031353 3489361
7.033203 3490433
7.035052 3491505
7.036902 3492577
7.038752 3493649
7.040601 3494721
7.042451 3495793
7.044300 3496865
7.046150 3497937
7.048000 3499009
7.049849 3500081
7.051699 3501153
7.053548 3502225
7.055398 3503297
7.057248 3504369
7.059097 3505441
7.060947 3506513
7.062796 3507585
7.064646 3508657
7.066496 3509729
7.068345 3510265
7.069270 3510265
7.070195 3510265
7.071120 3510265
7.072044 3510265
7.072969 3510265
7.073894 3510265
7.074819 3510265
7.075744 3510265
7.076668 3510265
7.077593 3510265
7.078518 3510265
7.079443 3510265
7.080368 3517769
7.082217 3518841
7.084067 3519913
7.085916 3520985
7.087766 3522057
7.089616 3523129
7.091465 3524201
7.093315 3525273
7.095164 3526345
7.097014 3527417
7.098864 3528489
7.100713 3529561
7.102563 3530633
7.104412 3531705
7.106262 3532777
7.108112 3533849
7.109961 3534921
7.111811 3535993
7.113660 3537065
7.115510 3538137
7.117360 3539209
7.119209 3540281
7.121059 3541353
7.122908 3542425
7.124758 3543497
7.126608 3544569
7.128457 3545641
7.130307 3546713
7.132156 3547785
7.134006 3548857
7.135856 3549929
7.137705 3551001
7.139555 3552073
7.141404 3553145
7.143254 3554217
7.145104 3555289
7.146953 3556361
7.148803 3557433
7.150652 3558505
7.152502 3559577
7.154352 3560649
7.156201 3561721
7.158051 3562793
7.159900 3563865
7.161750 3564937
7.163600 3566009
7.165449 3567081
7.167299 3568153
7.169148 3569225
7.170998 3570297
7.172848 3571369
7.174697 3572441
7.176547 3573513
7.178396 3574585
7.180246 3575657
7.182096 3576729
7.183945 3577801
7.185795 3578873
7.187644 3579945
7.189494 3581017
7.191344 3582089
7.193193 3583161
7.195043 3584233
7.196892 3585305
7.198742 3586377
7.200592 3587449
7.202441 3588521
7.204291 3589593
7.206140 3590665
7.207990 3591737
7.209840 3592809
7.211689 3593881
7.213539 3594953
7.215388 3596025
7.217238 3597097
7.219088 3598169
7.220937 3599241
7.222787 3600313
7.224636 3601385
7.226486 3602457
7.228336 3602993
7.229260 3602993
7.230185 3602993
7.231110 3602993
7.232035 3602993
7.232960 3602993
7.233884 3602993
7.234809 3602993
7.235734 3602993
7.236659 3602993
7.238508 3602993
7.239433 3602993
7.240358 3608889
7.241283 3608889
7.242208 3608889
7.243132 3608889
7.244057 3608889
7.244982 3612641
7.246832 3613713
7.248681 3614785
7.250531 3615857
7.252380 3616929
7.254230 3618001
7.256080 3619073
7.257929 3620145
7.259779 3621217
7.261628 3622289
7.263478 3623361
7.265328 3624433
7.267177 3625505
7.269027 3626577
7.270876 3627649
7.272726 3628721
7.274576 3629793
7.276425 3630865
7.278275 3631937
7.280124 3633009
7.281974 3634081
7.283824 3635153
7.285673 3636225
7.287523 3637297
7.289372 3638369
7.291222 3639441
7.293072 3640513
7.294921 3641585
7.296771 3642657
7.298620 3643729
7.300470 3644801
7.302320 3645873
7.304169 3646945
7.306019 3648017
7.307868 3649089
7.309718 3650161
7.311568 3651233
7.313417 3652305
7.315267 3653377
7.317116 3654449
7.318966 3655521
7.320816 3656593
7.322665 3657665
7.324515 3658737
7.326364 3659809
7.328214 3660881
7.330064 3661953
7.331913 3663025
7.333763 3664097
7.335612 3665169
7.337462 3666241
7.339312 3667313
7.341161 3668385
7.343011 3669457
7.344860 3670529
7.346710 3671601
7.348560 3672673
7.350409 3673745
7.352259 3674817
7.354108 3675889
7.355958 3676961
7.357808 3678033
7.359657 3679105
7.361507 3680177
7.363356 3681249
7.365206 3682321
7.367056 3683393
7.368905 3684465
7.370755 3685537
7.372604 3686609
7.374454 3687681
7.376304 3688753
7.378153 3689825
7.380003 3690897
7.381852 3691969
7.383702 3693041
7.385552 3694113
7.387401 3695185
7.389251 3696257
7.391100 3697329
7.392950 3697865
7.393875 3697865
7.394800 3697865
7.395724 3697865
7.396649 3697865
7.397574 3697865
7.398499 3697865
7.399424 3697865
7.400348 3697865
7.401273 3697865
7.402198 3697865
7.403123 3697865
7.404048 3697865
7.404972 3705369
7.406822 3706441
7.408672 3707513
7.410521 3708585
7.412371 3709657
7.414220 3710729
7.416070 3711801
7.417920 3712873
7.419769 3713945
7.421619 3715017
7.423468 3716089
7.425318 3717161
7.427168 3718233
7.429017 3719305
7.430867 3720377
7.432716 3721449
7.434566 3722521
7.436416 3723593
7.438265 3724665
7.440115 3725737
7.441964 3726809
7.443814 3727881
7.445664 3728953
7.447513 3730025
7.449363 3731097
7.451212 3732169
7.453062 3733241
7.454912 3734313
7.456761 3735385
7.458611 3736457
7.460460 3737529
7.462310 3738601
7.464160 3739673
7.466009 3740745
7.467859 3741817
7.469708 3742889
7.471558 3743961
7.473408 3745033
7.475257 3746105
7.477107 3747177
7.478956 3748249
7.480806 3749321
7.482656 3750393
7.484505 3751465
7.486355 3752537
7.488204 3753609
7.490054 3754681
7.491904 3755753
7.493753 3756825
7.495603 3757897
7.497452 3758969
7.499302 3760041
7.501152 3761113
7.503001 3762185
7.504851 3763257
7.506700 3764329
7.508550 3765401
7.510400 3766473
7.512249 3767545
7.514099 3768617
7.515948 3769689
7.517798 3770761
7.519648 3771833
7.521497 3772905
7.523347 3773977
7.525196 3775049
7.527046 3776121
7.528896 3777193
7.530745 3778265
7.532595 3779337
7.534444 3780409
7.536294 3781481
7.538144 3782553
7.539993 3783625
7.541843 3784697
7.543692 3785769
7.545542 3786841
7.547392 3787913
7.549241 3788985
7.551091 3790057
7.552940 3790593
7.553865 3790593
7.554790 3790593
7.555715 3790593
7.556640 3790593
7.557564 3790593
7.558489 3790593
7.559414 3790593
7.560339 3790593
7.561264 3790593
7.562188 3790593
7.563113 3790593
7.564038 3790593
7.564963 3798097
7.566812 3799169
7.568662 3800241
7.570512 3801313
7.572361 3802385
7.574211 3803457
7.576060 3804529
7.577910 3805601
7.579760 3806673
7.581609 3807745
7.583459 3808817
7.585308 3809889
7.587158 3810961
7.589008 3812033
7.590857 3813105
7.592707 3814177
7.594556 3815249
7.596406 3816321
7.598256 3817393
7.600105 3818465
7.601955 3819537
7.603804 3820609
7.605654 3821681
7.607504 3822753
7.609353 3823825
7.611203 3824897
7.613052 3825969
7.614902 3827041
7.616752 3828113
7.618601 3829185
7.620451 3830257
7.622300 3831329
7.624150 3832401
7.626000 3833473
7.627849 3834545
7.629699 3835617
7.631548 3836689
7.633398 3837761
7.635248 3838833
7.637097 3839905
7.638947 3840977
7.640796 3842049
7.642646 3843121
7.644496 3844193
7.646345 3845265
7.648195 3846337
7.650044 3847409
7.651894 3848481
7.653744 3849553
7.655593 3850625
7.657443 3851697
7.659292 3852769
7.661142 3853841
7.662992 3854913
7.664841 3855985
7.666691 3857057
7.668540 3858129
7.670390 3859201
7.672240 3860273
7.674089 3861345
7.675939 3862417
7.677788 3863489
7.679638 3864561
7.681488 3865633
7.683337 3866705
7.685187 3867777
7.687036 3868849
7.688886 3869921
7.690736 3870993
7.692585 3872065
7.694435 3873137
7.696284 3874209
7.698134 3875281
7.699984 3876353
7.701833 3877425
7.703683 3878497
7.705532 3879569
7.707382 3880641
7.709232 3881713
7.711081 3882785
7.712931 3883321
7.713856 3883321
7.714780 3883321
7.715705 3883321
7.716630 3883321
7.717555 3883321
7.718480 3883321
7.719404 3883321
7.720329 3883321
7.721254 3883321
7.722179 3883321
7.723104 3883321
7.724028 3883321
7.724953 3890825
7.726803 3891897
7.728652 3892969
7.730502 3894041
7.732352 3895113
7.734201 3896185
7.736051 3897257
7.737900 3898329
7.739750 3899401
7.741600 3900473
7.743449 3901545
7.745299 3902617
7.747148 3903689
7.748998 3904761
7.750848 3905833
7.752697 3906905
7.754547 3907977
7.756396 3909049
7.758246 3910121
7.760096 3911193
7.761945 3912265
7.763795 3913337
7.765644 3914409
7.767494 3915481
7.769344 3916553
7.771193 3917625
7.773043 3918697
7.774892 3919769
7.776742 3920841
7.778592 3921913
7.780441 3922985
7.782291 3924057
7.784140 3925129
7.785990 3926201
7.787840 3927273
7.789689 3928345
7.791539 3929417
7.793388 3930489
7.795238 3931561
7.797088 3932633
7.798937 3933705
7.801712 3934241
7.802636 3934241
7.803561 3934241
7.804486 3934241
7.805411 3934241
7.806336 3934241
7.807260 3934241
7.808185 3934241
7.809110 3934241
7.810035 3934241
7.810960 3940137
7.812809 3941209
7.814659 3942281
7.816508 3943353
7.818358 3944425
7.820208 3945497
7.822057 3946569
7.823907 3947641
7.825756 3948713
7.827606 3949785
7.829456 3950857
7.831305 3951929
7.833155 3953001
7.835004 3954073
7.836854 3955145
7.838704 3956217
7.840553 3957289
7.842403 3958361
7.844252 3959433
7.846102 3960505
7.847952 3961577
7.849801 3962649
7.851651 3963721
7.853500 3964793
7.855350 3965865
7.857200 3966937
7.859049 3968009
7.860899 3969081
7.862748 3970153
7.864598 3971225
7.866448 3972297
7.868297 3973369
7.870147 3974441
7.871996 3975513
7.873846 3976585
7.875696 3977657
7.877545 3978729
7.879395 3979801
7.881244 3980873
7.883094 3981945
7.884944 3983017
7.886793 3984089
7.888643 3985161
7.890492 3986233
7.892342 3987305
7.894192 3988377
7.896041 3989449
7.897891 3990521
7.899740 3991593
7.901590 3992665
7.903440 3993737
7.905289 3994809
7.907139 3995881
7.908988 3996953
7.910838 3998025
7.912688 3999097
7.914537 4000169
7.916387 4001241
7.918236 4002313
7.920086 4003385
7.921936 4004457
7.923785 4005529
7.925635 4006601
7.927484 4007673
7.929334 4008745
7.931184 4009817
7.933033 4010889
7.934883 4011961
7.936732 4013033
7.938582 4014105
7.940432 4015177
7.942281 4016249
7.944131 4017321
7.945980 4018393
7.947830 4019465
7.949680 4020537
7.951529 4021609
7.953379 4022681
7.955228 4023753
7.957078 4024825
7.958928 4025897
7.960777 4026969
7.962627 4028041
7.964476 4029113
7.966326 4030185
7.968176 4031257
7.970025 4032329
7.971875 4033401
7.973724 4034473
7.975574 4035545
7.977424 4036081
7.978348 4036081
7.979273 4036081
7.980198 4036081
7.981123 4036081
7.982048 4036081
7.982972 4036081
7.983897 4036081
7.984822 4036081
7.985747 4036081
7.986672 4036081
7.987596 4036081
7.988521 4036081
7.989446 4043585
7.991296 4044657
7.993145 4045729
7.994995 4046801
7.996844 4047873
7.998694 4048945
8.000544 4050017
8.002393 4051089
8.004243 4052161
8.006092 4053233
8.007942 4054305
8.009792 4055377
8.011641 4056449
8.013491 4057521
8.015340 4058593
8.017190 4059665
8.019040 4060737
8.020889 4061809
8.022739 4062881
8.024588 4063953
8.026438 4065025
8.028288 4066097
8.030137 4067169
8.031987 4068241
8.033836 4069313
8.035686 4070385
8.037536 4071457
8.039385 4072529
8.041235 4073601
8.043084 4074673
8.044934 4075745
8.046784 4076817
8.048633 4077889
8.050483 4078961
8.052332 4080033
8.054182 4081105
8.056032 4082177
8.057881 4083249
8.059731 4084321
8.061580 4085393
8.063430 4086465
8.065280 4087537
8.067129 4088609
8.068979 4089681
8.070828 4090753
8.072678 4091825
8.074528 4092897
8.076377 4093969
8.078227 4095041
8.080076 4096113
8.081926 4097185
8.083776 4098257
8.085625 4099329
8.087475 4100401
8.089324 4101473
8.091174 4102545
8.093024 4103617
8.094873 4104689
8.096723 4105761
8.098572 4106833
8.100422 4107905
8.102272 4108977
8.104121 4110049
8.105971 4111121
8.107820 4112193
8.109670 4113265
8.111520 4114337
8.113369 4115409
8.115219 4116481
8.117068 4117553
8.118918 4118625
8.120768 4119697
8.122617 4120769
8.124467 4121841
8.126316 4122913
8.128166 4123985
8.130016 4125057
8.131865 4126129
8.133715 4127201
8.135564 4128273
8.137414 4128809
8.138339 4128809
8.139264 4128809
8.140188 4128809
8.141113 4128809
8.142038 4128809
8.142963 4128809
8.143888 4128809
8.144812 4128809
8.145737 4128809
8.146662 4128809
8.147587 4128809
8.148512 4128809
8.149436 4136313
8.151286 4137385
8.153136 4138457
8.154985 4139529
8.156835 4140601
8.158684 4141673
8.160534 4142745
8.162384 4143817
8.164233 4144889
8.166083 4145961
8.167932 4147033
8.169782 4148105
8.171632 4149177
8.173481 4150249
8.175331 4151321
8.177180 4152393
8.179030 4153465
8.180880 4154537
8.182729 4155609
8.184579 4156681
8.186428 4157753
8.188278 4158825
8.190128 4159897
8.191977 4160969
8.193827 4162041
8.195676 4163113
8.197526 4164185
8.199376 4165257
8.201225 4166329
8.203075 4167401
8.204924 4168473
8.206774 4169545
8.208624 4170617
8.210473 4171689
8.212323 4172761
8.214172 4173833
8.216022 4174905
8.217872 4175977
8.219721 4177049
8.221571 4178121
8.223420 4179193
8.225270 4180265
8.227120 4181337
8.228969 4182409
8.230819 4183481
8.232668 4184553
8.234518 4185625
8.236368 4186697
8.238217 4187769
8.240067 4188841
8.241916 4189913
8.243766 4190985
8.245616 4192057
8.247465 4193129
8.249315 4194201
8.251164 4195273
8.253014 4196345
8.254864 4197417
8.256713 4198489
8.258563 4199561
8.260412 4200633
8.262262 4201705
8.264112 4202777
8.265961 4203849
8.267811 4204921
8.269660 4205993
8.271510 4207065
8.273360 4208137
8.275209 4209209
8.277059 4210281
8.278908 4211353
8.280758 4212425
8.282608 4213497
8.284457 4214569
8.286307 4215641
8.288156 4216713
8.290006 4217785
8.291856 4218857
8.293705 4219929
8.295555 4221001
8.297404 4221537
8.298329 4221537
8.299254 4221537
8.300179 4221537
8.301104 4221537
8.302028 4221537
8.302953 4221537
8.303878 4221537
8.304803 4221537
8.305728 4221537
8.306652 4221537
8.307577 4221537
8.308502 4221537
8.309427 4229041
8.311276 4230113
8.313126 4231185
8.314976 4232257
8.316825 4233329
8.318675 4234401
8.320524 4235473
8.322374 4236545
8.324224 4237617
8.326073 4238689
8.327923 4239761
8.329772 4240833
8.331622 4241905
8.333472 4242977
8.335321 4244049
8.337171 4245121
8.339020 4246193
8.340870 4247265
8.342720 4248337
8.344569 4249409
8.346419 4250481
8.348268 4251553
8.350118 4252625
8.351968 4253697
8.353817 4254769
8.355667 4255841
8.357516 4256913
8.359366 4257985
8.361216 4259057
8.363065 4260129
8.364915 4261201
8.366764 4262273
8.368614 4263345
8.370464 4264417
8.372313 4265489
8.374163 4266561
8.376012 4267633
8.377862 4268705
8.379712 4269777
8.381561 4270849
8.383411 4271921
8.385260 4272993
8.387110 4274065
8.388960 4275137
8.390809 4276209
8.392659 4277281
8.394508 4278353
8.396358 4279425
8.398208 4280497
8.400057 4281569
8.401907 4282641
8.403756 4283713
8.405606 4284785
8.407456 4285857
8.409305 4286929
8.411155 4288001
8.413004 4289073
8.414854 4290145
8.416704 4291217
8.418553 4292289
8.420403 4293361
8.422252 4294433
8.424102 4295505
8.425952 4296577
8.427801 4297649
8.429651 4298721
8.431500 4299793
8.433350 4300865
8.435200 4301937
8.437049 4303009
8.438899 4304081
8.440748 4305153
8.442598 4306225
8.444448 4307297
8.446297 4308369
8.448147 4309441
8.449996 4310513
8.451846 4311585
8.453696 4312657
8.455545 4313729
8.457395 4314265
8.458320 4314265
8.459244 4314265
8.460169 4314265
8.461094 4314265
8.462019 4314265
8.462944 4314265
8.463868 4314265
8.464793 4314265
8.465718 4314265
8.466643 4314265
8.467568 4314265
8.468492 4314265
8.469417 4321769
8.471267 4322841
8.473116 4323913
8.474966 4324985
8.476816 4326057
8.478665 4327129
8.480515 4328201
8.482364 4329273
8.484214 4330345
8.486064 4331417
8.487913 4332489
8.489763 4333561
8.491612 4334633
8.493462 4335705
8.495312 4336777
8.497161 4337849
8.499011 4338921
8.500860 4339993
8.502710 4341065
8.504560 4342137
8.506409 4343209
8.508259 4344281
8.510108 4345353
8.511958 4346425
8.513808 4347497
8.515657 4348569
8.517507 4349641
8.519356 4350713
8.521206 4351785
8.523056 4352857
8.524905 4353929
8.526755 4355001
8.528604 4356073
8.530454 4357145
8.532304 4358217
8.534153 4359289
8.536003 4360361
8.537852 4361433
8.539702 4362505
8.541552 4363577
8.543401 4364649
8.545251 4365721
8.547100 4366793
8.548950 4367865
8.550800 4368937
8.552649 4370009
8.554499 4371081
8.556348 4372153
8.558198 4373225
8.560048 4374297
8.561897 4375369
8.563747 4376441
8.565596 4377513
8.567446 4378585
8.569296 4379657
8.571145 4380729
8.572995 4381801
8.574844 4382873
8.576694 4383945
8.578544 4385017
8.580393 4386089
8.582243 4387161
8.584092 4388233
8.585942 4389305
8.587792 4390377
8.589641 4391449
8.591491 4392521
8.593340 4393593
8.595190 4394665
8.597040 4395737
8.598889 4396809
8.600739 4397881
8.602588 4398953
8.604438 4400025
8.606288 4401097
8.608137 4402169
8.609987 4403241
8.611836 4404313
8.613686 4405385
8.615536 4406457
8.617385 4406993
8.618310 4406993
8.619235 4406993
8.620160 4406993
8.621084 4406993
8.622009 4406993
8.622934 4406993
8.623859 4406993
8.624784 4406993
8.625708 4406993
8.626633 4406993
8.627558 4406993
8.628483 4406993
8.629408 4414497
8.631257 4415569
8.633107 4416641
8.634956 4417713
8.636806 4418785
8.638656 4419857
8.640505 4420929
8.642355 4422001
8.644204 4423073
8.646054 4424145
8.647904 4425217
8.649753 4426289
8.651603 4427361
8.653452 4428433
8.655302 4429505
8.657152 4430577
8.659001 4431649
8.660851 4432721
8.662700 4433793
8.664550 4434865
8.666400 4435937
8.668249 4437009
8.670099 4438081
8.671948 4439153
8.673798 4440225
8.675648 4441297
8.677497 4442369
8.679347 4443441
8.681196 4444513
8.683046 4445585
8.684896 4446657
8.686745 4447729
8.688595 4448801
8.690444 4449873
8.692294 4450945
8.694144 4452017
8.695993 4453089
8.697843 4454161
8.699692 4455233
8.701542 4456305
8.703392 4457377
8.705241 4458449
8.707091 4459521
8.708940 4460593
8.710790 4461665
8.712640 4462737
8.714489 4463809
8.716339 4464881
8.718188 4465953
8.720038 4467025
8.721888 4468097
8.723737 4469169
8.725587 4470241
8.727436 4471313
8.729286 4472385
8.731136 4473457
8.732985 4474529
8.734835 4474529
8.735760 4474529
8.736684 4474529
8.737609 4474529
8.738534 4474529
8.739459 4474529
8.740384 4474529
8.741308 4474529
8.742233 4474529
8.743158 4474529
8.744083 4474529
8.745008 4480961
8.746857 4482033
8.748707 4483105
8.750556 4484177
8.752406 4485249
8.754256 4486321
8.756105 4487393
8.757955 4488465
8.759804 4489537
8.761654 4490609
8.763504 4491681
8.765353 4492753
8.767203 4493825
8.769052 4494897
8.770902 4495969
8.772752 4497041
8.774601 4498113
8.776451 4499185
8.778300 4500257
8.780150 4501329
8.782000 4502401
8.783849 4503473
8.785699 4504545
8.787548 4505617
8.789398 4506689
8.791248 4507761
8.793097 4508833
8.794947 4509905
8.796796 4510977
8.798646 4512049
8.800496 4513121
8.802345 4514193
8.804195 4515265
8.806044 4516337
8.807894 4517409
8.809744 4518481
8.811593 4519553
8.813443 4520625
8.815292 4521697
8.817142 4522769
8.818992 4522769
8.819916 4522769
8.820841 4522769
8.821766 4522769
8.822691 4522769
8.823616 4522769
8.824540 4522769
8.825465 4522769
8.826390 4522769
8.827315 4528129
8.829164 4529201
8.831014 4530273
8.832864 4531345
8.834713 4532417
8.836563 4533489
8.838412 4534561
8.840262 4535633
8.842112 4536705
8.843961 4537777
8.845811 4538849
8.847660 4539921
8.849510 4540993
8.851360 4542065
8.853209 4543137
8.855059 4544209
8.856908 4545281
8.858758 4546353
8.860608 4547425
8.862457 4548497
8.864307 4549569
8.866156 4550641
8.868006 4551713
8.869856 4552785
8.871705 4553857
8.873555 4554929
8.875404 4556001
8.877254 4557073
8.879104 4558145
8.880953 4559217
8.882803 4560289
8.884652 4561361
8.886502 4562433
8.888352 4563505
8.890201 4564577
8.892051 4565649
8.893900 4566721
8.895750 4567793
8.897600 4568865
8.899449 4569937
8.901299 4571009
8.903148 4572081
8.904998 4573153
8.906848 4574225
8.908697 4575297
8.910547 4576369
8.912396 4577441
8.914246 4578513
8.916096 4579585
8.917945 4580657
8.919795 4581729
8.921644 4582801
8.923494 4583873
8.925344 4584945
8.927193 4586017
8.929043 4587089
8.930892 4588161
8.932742 4589233
8.934592 4590305
8.936441 4591377
8.938291 4592449
8.940140 4593521
8.941990 4594593
8.943840 4595665
8.945689 4596737
8.947539 4597809
8.949388 4598881
8.951238 4599953
8.953088 4601025
8.954937 4602097
8.956787 4603169
8.958636 4604241
8.960486 4605313
8.962336 4606385
8.964185 4607457
8.966035 4608529
8.967884 4609601
8.969734 4610673
8.971584 4611745
8.973433 4612817
8.975283 4613889
8.977132 4614961
8.978982 4616033
8.980832 4617105
8.982681 4618177
8.984531 4619249
8.986380 4620321
8.988230 4621393
8.990080 4622465
8.991929 4623537
8.993779 4624609
8.995628 4625681
8.997478 4626217
8.998403 4626217
8.999328 4626217
9.000252 4626217
9.001177 4626217
9.002102 4626217
9.003027 4626217
9.003952 4626217
9.004876 4626217
9.005801 4626217
9.006726 4626217
9.007651 4626217
9.008576 4626217
9.009500 4633721
9.011350 4634793
9.013200 4635865
9.015049 4636937
9.016899 4638009
9.018748 4639081
9.020598 4640153
9.022448 4641225
9.024297 4642297
9.026147 4643369
9.027996 4644441
9.029846 4645513
9.031696 4646585
9.033545 4647657
9.035395 4648729
9.037244 4649801
9.039094 4650873
9.040944 4651945
9.042793 4653017
9.044643 4654089
9.046492 4655161
9.048342 4656233
9.050192 4657305
9.052041 4658377
9.053891 4659449
9.055740 4660521
9.057590 4661593
9.059440 4662665
9.061289 4663737
9.063139 4664809
9.064988 4665881
9.066838 4666953
9.068688 4668025
9.070537 4669097
9.072387 4670169
9.074236 4671241
9.076086 4672313
9.077936 4673385
9.079785 4674457
9.081635 4675529
9.083484 4676601
9.085334 4677673
9.087184 4678745
9.089033 4679817
9.090883 4680889
9.092732 4681961
9.094582 4683033
9.096432 4684105
9.098281 4685177
9.100131 4686249
9.101980 4687321
9.103830 4688393
9.105680 4689465
9.107529 4690537
9.109379 4691609
9.111228 4692681
9.113078 4693753
9.114928 4694825
9.116777 4695897
9.118627 4696969
9.120476 4698041
9.122326 4699113
9.124176 4700185
9.126025 4701257
9.127875 4702329
9.129724 4703401
9.131574 4704473
9.133424 4705545
9.135273 4706617
9.137123 4707689
9.138972 4708761
9.140822 4709833
9.142672 4710905
9.144521 4711977
9.146371 4713049
9.148220 4714121
9.150070 4715193
9.151920 4716265
9.153769 4717337
9.155619 4718409
9.157468 4718945
9.158393 4718945
9.159318 4718945
9.160243 4718945
9.161168 4718945
9.162092 4718945
9.163017 4718945
9.163942 4718945
9.164867 4718945
9.165792 4718945
9.166716 4718945
9.167641 4718945
9.168566 4718945
9.169491 4726449
9.171340 4727521
9.173190 4728593
9.175040 4729665
9.176889 4730737
9.178739 4731809
9.180588 4732881
9.182438 4733953
9.184288 4735025
9.186137 4736097
9.187987 4737169
9.189836 4738241
9.191686 4739313
9.193536 4740385
9.195385 4741457
9.197235 4742529
9.199084 4743601
9.200934 4744673
9.202784 4745745
9.204633 4746817
9.206483 4747889
9.208332 4748961
9.210182 4750033
9.212032 4751105
9.213881 4752177
9.215731 4753249
9.217580 4754321
9.219430 4755393
9.221280 4756465
9.223129 4757537
9.224979 4758609
9.226828 4759681
9.228678 4760753
9.230528 4761825
9.232377 4762897
9.234227 4763969
9.236076 4765041
9.237926 4766113
9.239776 4767185
9.241625 4768257
9.243475 4769329
9.245324 4770401
9.247174 4771473
9.249024 4772545
9.250873 4773617
9.252723 4774689
9.254572 4775761
9.256422 4776833
9.258272 4777905
9.260121 4778977
9.261971 4780049
9.263820 4781121
9.265670 4782193
9.267520 4783265
9.269369 4784337
9.271219 4785409
9.273068 4786481
9.274918 4787553
9.276768 4788625
9.278617 4789697
9.280467 4790769
9.282316 4791841
9.284166 4792913
9.286016 4793985
9.287865 4795057
9.289715 4796129
9.291564 4797201
9.293414 4798273
9.295264 4799345
9.297113 4800417
9.298963 4801489
9.300812 4802561
9.302662 4803633
9.304512 4804705
9.306361 4805777
9.308211 4806849
9.310060 4807921
9.311910 4808993
9.313760 4810065
9.315609 4811137
9.317459 4811673
9.318384 4811673
9.319308 4811673
9.320233 4811673
9.321158 4811673
9.322083 4811673
9.323008 4811673
9.323932 4811673
9.324857 4811673
9.325782 4811673
9.326707 4811673
9.327632 4811673
9.328556 4811673
9.329481 4819177
9.331331 4820249
9.333180 4821321
9.335030 4822393
9.336880 4823465
9.338729 4824537
9.340579 4825609
9.342428 4826681
9.344278 4827753
9.346128 4828825
9.347977 4829897
9.349827 4830969
9.351676 4832041
9.353526 4833113
9.355376 4834185
9.357225 4835257
9.359075 4836329
9.360924 4837401
9.362774 4838473
9.364624 4839545
9.366473 4840617
9.368323 4841689
9.370172 4842761
9.372022 4843833
9.373872 4844905
9.375721 4845977
9.377571 4847049
9.379420 4848121
9.381270 4849193
9.383120 4850265
9.384969 4851337
9.386819 4852409
9.388668 4853481
9.390518 4854553
9.392368 4855625
9.394217 4856697
9.396067 4857769
9.397916 4858841
9.399766 4859913
9.401616 4860985
9.403465 4862057
9.405315 4863129
9.407164 4864201
9.409014 4865273
9.410864 4866345
9.412713 4867417
9.414563 4868489
9.416412 4869561
9.418262 4870633
9.420112 4871705
9.421961 4872777
9.423811 4873849
9.425660 4874921
9.427510 4875993
9.429360 4877065
9.431209 4878137
9.433059 4879209
9.434908 4880281
9.436758 4881353
9.438608 4882425
9.440457 4883497
9.442307 4884569
9.444156 4885641
9.446006 4886713
9.447856 4887785
9.449705 4888857
9.451555 4889929
9.453404 4891001
9.455254 4892073
9.457104 4893145
9.458953 4894217
9.460803 4895289
9.462652 4896361
9.464502 4897433
9.466352 4898505
9.468201 4899577
9.470051 4900649
9.471900 4901721
9.473750 4902793
9.475600 4903865
9.477449 4904401
9.478374 4904401
9.479299 4904401
9.480224 4904401
9.481148 4904401
9.482073 4904401
9.482998 4904401
9.483923 4904401
9.484848 4904401
9.485772 4904401
9.486697 4904401
9.487622 4904401
9.488547 4904401
9.489472 4911905
9.491321 4912977
9.493171 4914049
9.495020 4915121
9.496870 4916193
9.498720 4917265
9.500569 4918337
9.502419 4919409
9.504268 4920481
9.506118 4921553
9.507968 4922625
9.509817 4923697
9.511667 4924769
9.513516 4925841
9.515366 4926913
9.517216 4927985
9.519065 4929057
9.520915 4930129
9.522764 4931201
9.524614 4932273
9.526464 4933345
9.528313 4934417
9.530163 4935489
9.532012 4936561
9.533862 4937633
9.535712 4938705
9.537561 4939777
9.539411 4940849
9.541260 4941921
9.543110 4942993
9.544960 4944065
9.546809 4945137
9.548659 4946209
9.550508 4947281
9.552358 4948353
9.554208 4949425
9.556057 4950497
9.557907 4951569
9.559756 4952641
9.561606 4953713
9.563456 4954785
9.565305 4955857
9.567155 4956929
9.569004 4958001
9.570854 4959073
9.572704 4960145
9.574553 4961217
9.576403 4962289
9.578252 4963361
9.580102 4964433
9.581952 4965505
9.583801 4966577
9.585651 4967649
9.587500 4968721
9.589350 4969793
9.591200 4970865
9.593049 4971937
9.594899 4973009
9.596748 4974081
9.598598 4975153
9.600448 4976225
9.602297 4977297
9.604147 4978369
9.605996 4979441
9.607846 4980513
9.609696 4981585
9.611545 4982657
9.613395 4983729
9.615244 4984801
9.617094 4985873
9.618944 4986945
9.620793 4988017
9.622643 4989089
9.624492 4990161
9.626342 4991233
9.628192 4992305
9.630041 4993377
9.631891 4994449
9.633740 4995521
9.635590 4996593
9.637440 4997129
9.638364 4997129
9.639289 4997129
9.640214 4997129
9.641139 4997129
9.642064 4997129
9.642988 4997129
9.643913 4997129
9.644838 4997129
9.645763 4997129
9.646688 4997129
9.647612 4997129
9.648537 4997129
9.649462 5004633
9.651312 5005705
9.653161 5006777
9.655011 5007849
9.656860 5008921
9.658710 5009993
9.660560 5011065
9.662409 5012137
9.664259 5013209
9.666108 5014281
9.667958 5015353
9.669808 5016425
9.671657 5017497
9.673507 5018569
9.675356 5019641
9.677206 5020713
9.679056 5021785
9.680905 5022857
9.682755 5023929
9.684604 5025001
9.686454 5026073
9.688304 5027145
9.690153 5028217
9.692003 5029289
9.693852 5030361
9.695702 5031433
9.697552 5032505
9.699401 5033577
9.701251 5034649
9.703100 5035721
9.704950 5036793
9.706800 5037865
9.708649 5038937
9.710499 5040009
9.712348 5041081
9.714198 5042153
9.716048 5043225
9.717897 5044297
9.719747 5045369
9.721596 5046441
9.723446 5047513
9.725296 5048585
9.727145 5049657
9.728995 5050729
9.730844 5051801
9.732694 5052873
9.734544 5053945
9.736393 5055017
9.738243 5056089
9.740092 5057161
9.741942 5058233
9.743792 5059305
9.745641 5060377
9.747491 5061449
9.749340 5062521
9.751190 5063593
9.753040 5064665
9.754889 5065737
9.756739 5066809
9.758588 5067881
9.760438 5068953
9.762288 5070025
9.764137 5071097
9.765987 5072169
9.767836 5073241
9.769686 5074313
9.771536 5075385
9.773385 5076457
9.775235 5077529
9.777084 5078601
9.778934 5079673
9.780784 5080745
9.782633 5081817
9.784483 5082889
9.786332 5083961
9.788182 5085033
9.790032 5086105
9.791881 5087177
9.793731 5088249
9.795580 5089321
9.797430 5089857
9.798355 5089857
9.799280 5089857
9.800204 5089857
9.801129 5089857
9.802054 5089857
9.802979 5089857
9.803904 5089857
9.804828 5089857
9.805753 5089857
9.806678 5089857
9.807603 5089857
9.808528 5089857
9.809452 5097361
9.811302 5098433
9.813152 5099505
9.815001 5100577
9.816851 5101649
9.818700 5102721
9.820550 5103793
9.822400 5104865
9.824249 5105937
9.826099 5107009
9.827948 5108081
9.829798 5109153
9.831648 5110225
9.833497 5111297
9.835347 5112369
9.837196 5113441
9.839046 5114513
9.840896 5115585
9.842745 5116657
9.844595 5117729
9.846444 5118801
9.848294 5119873
9.850144 5120945
9.851993 5122017
9.853843 5123089
9.855692 5124161
9.857542 5125233
9.859392 5126305
9.861241 5127377
9.863091 5128449
9.864940 5129521
9.866790 5130593
9.868640 5131665
9.870489 5132737
9.872339 5133809
9.874188 5134881
9.876038 5135953
9.877888 5137025
9.879737 5138097
9.881587 5139169
9.883436 5140241
9.885286 5141313
9.887136 5142385
9.888985 5143457
9.890835 5144529
9.892684 5145601
9.894534 5146673
9.896384 5147745
9.898233 5148817
9.900083 5149889
9.901932 5150961
9.903782 5152033
9.905632 5153105
9.907481 5154177
9.909331 5155249
9.911180 5156321
9.913030 5157393
9.914880 5158465
9.916729 5159537
9.918579 5160609
9.920428 5161681
9.922278 5162753
9.924128 5163825
9.925977 5164897
9.927827 5165969
9.929676 5167041
9.931526 5168113
9.933376 5169185
9.935225 5170257
9.937075 5171329
9.938924 5172401
9.940774 5173473
9.942624 5174545
9.944473 5175617
9.946323 5176689
9.948172 5177761
9.950022 5178833
9.951872 5179905
9.953721 5180977
9.955571 5182049
9.957420 5182585
9.958345 5182585
9.959270 5182585
9.960195 5182585
9.961120 5182585
9.962044 5182585
9.962969 5182585
9.963894 5182585
9.964819 5182585
9.965744 5182585
9.966668 5182585
9.967593 5182585
9.968518 5182585
9.969443 5190089
9.971292 5191161
9.973142 5192233
9.974992 5193305
9.976841 5194377
9.978691 5195449
9.980540 5196521
9.982390 5197593
9.984240 5198665
9.986089 5199737
9.987939 5200809
9.989788 5201881
9.991638 5202953
9.993488 5204025
9.995337 5205097
9.997187 5206169
9.999036 5207241
