1.010134 1
1.021193 537
1.033110 1609
1.045027 2681
1.056019 3753
1.057868 4825
1.067936 5897
1.069785 6969
1.071635 8041
1.079852 9113
1.081702 10185
1.083552 11257
1.085401 12329
1.090844 13401
1.092694 14473
1.094544 15545
1.096393 16617
1.098243 17689
1.100092 18761
1.101942 19833
1.103792 20905
1.105641 21977
1.107491 23049
1.109340 24121
1.111190 25193
1.112115 25193
1.113040 25193
1.113964 25193
1.114889 25193
1.115814 25193
1.116739 25193
1.117664 25193
1.118588 25193
1.119513 25193
1.120438 25193
1.121363 25193
1.122288 25193
1.123212 25193
1.124137 25193
1.125062 25193
1.125987 25193
1.126912 26801
1.135129 26801
1.136054 26801
1.136979 26801
1.137904 28409
1.138828 28409
1.146121 28409
1.147046 28409
1.147971 28409
1.148896 30017
1.149820 30017
1.150745 30017
1.157113 30017
1.158038 30017
1.158963 30017
1.159888 31625
1.160812 31625
1.161737 31625
1.162662 31625
1.168105 31625
1.169030 31625
1.169955 31625
1.170880 33233
1.171804 33233
1.172729 33233
1.173654 33233
1.174579 33233
1.179097 33233
1.180022 33233
1.180947 33233
1.181872 34841
1.182796 34841
1.183721 34841
1.184646 34841
1.185571 34841
1.186496 34841
1.190089 34841
1.191014 34841
1.191939 34841
1.192864 36449
1.193788 36449
1.194713 36449
1.195638 36449
1.196563 36449
1.197488 36449
1.198412 36449
1.201081 36449
1.202006 36449
1.202931 36449
1.203856 38057
1.204780 38057
1.205705 38057
1.206630 38057
1.207555 38057
1.208480 38057
1.209404 38057
1.210329 38057
1.212073 38057
1.212998 38057
1.213923 38057
1.214848 66465
1.216697 67537
1.218547 68609
1.220396 69681
1.222246 70753
1.224096 71825
1.225945 72897
1.228614 73969
1.230464 75041
1.232313 76113
1.234163 77185
1.236012 78257
1.237862 79329
1.239712 80401
1.241561 81473
1.243411 82545
1.245260 83617
1.247110 84689
1.248960 85761
1.250809 86833
1.252659 87905
1.254508 88977
1.256358 90049
1.258208 91121
1.260057 92193
1.261907 93265
1.263756 94337
1.265606 95409
1.267456 96481
1.269305 97553
1.271155 98625
1.273004 99697
1.274854 100769
1.276704 101841
1.278553 102913
1.280403 103985
1.282252 105057
1.284102 106129
1.285952 107201
1.287801 108273
1.289651 109345
1.291500 110417
1.293350 111489
1.295200 112561
1.297049 113633
1.298899 114705
1.300748 115777
1.302598 116849
1.304448 117921
1.306297 118993
1.308147 120065
1.309996 121137
1.311846 122209
1.313696 123281
1.315545 124353
1.317395 125425
1.319244 126497
1.321094 127569
1.322944 128641
1.324793 129713
1.326643 130785
1.328492 131857
1.330342 132929
1.332192 134001
1.334041 135073
1.335891 136145
1.337740 137217
1.339590 138289
1.341440 139361
1.343289 140433
1.345139 141505
1.346988 142577
1.348838 143649
1.350688 144721
1.352537 145793
1.354387 146865
1.355312 146865
1.356236 146865
1.357161 146865
1.358086 146865
1.359011 146865
1.359936 146865
1.360860 146865
1.361785 146865
1.362710 146865
1.363635 146865
1.364560 146865
1.365484 146865
1.366409 146865
1.367334 146865
1.368259 146865
1.369184 146865
1.370108 155977
1.375552 157049
1.377401 158121
1.379251 159193
1.381100 160265
1.387468 161337
1.389318 162409
1.391168 163481
1.393017 164553
1.398460 165625
1.400310 166697
1.402160 167769
1.404009 168841
1.409452 169913
1.411302 170985
1.413152 172057
1.415001 173129
1.420444 174201
1.422294 175273
1.424144 176345
1.425993 177417
1.427843 178489
1.432361 179561
1.434211 180633
1.436060 181705
1.437910 182777
1.439760 183849
1.444278 184921
1.446128 185993
1.447977 187065
1.449827 188137
1.451676 189209
1.455270 190281
1.457120 191353
1.458969 192425
1.460819 193497
1.462668 194569
1.466262 195641
1.468112 196713
1.469961 197785
1.471811 198857
1.473660 199929
1.475510 201001
1.478179 202073
1.480028 203145
1.481878 204217
1.483728 205289
1.485577 206361
1.487427 207433
1.490096 208505
1.491945 209577
1.493795 210649
1.495644 211721
1.497494 212793
1.499344 213865
1.501193 214937
1.503043 216009
1.504892 217081
1.506742 218153
1.508592 219225
1.510441 220297
1.512291 221369
1.514140 222441
1.515990 223513
1.517840 224585
1.519689 225657
1.521539 226729
1.523388 227801
1.525238 228873
1.527088 229945
1.528937 231017
1.530787 232089
1.532636 233161
1.534486 234233
1.536336 235305
1.538185 236377
1.540035 237449
1.541884 238521
1.543734 239593
1.545584 240665
1.547433 241737
1.549283 242809
1.551132 243881
1.552982 244953
1.554832 246025
1.556681 247097
1.558531 248169
1.560380 249241
1.562230 250313
1.564080 251385
1.565929 252457
1.567779 253529
1.569628 254601
1.571478 255673
1.573328 256745
1.575177 257817
1.577027 258889
1.578876 259961
1.580726 261033
1.582576 262105
1.584425 263177
1.586275 264249
1.588124 265321
1.589974 266393
1.591824 267465
1.593673 268537
1.595523 269609
1.597372 270681
1.599222 271753
1.601072 272825
1.602921 273897
1.604771 274969
1.606620 276041
1.608470 277113
1.610320 278185
1.612169 279257
1.614019 280329
1.615868 281401
1.616793 281401
1.617718 281401
1.618643 281401
1.619568 281401
1.620492 281401
1.621417 281401
1.622342 281401
1.623267 281401
1.624192 281401
1.625116 281401
1.626041 281401
1.626966 281401
1.627891 281401
1.628816 281401
1.629740 281401
1.630665 281401
1.631590 290513
1.637033 291585
1.638883 292657
1.640732 293729
1.642582 294801
1.648950 295873
1.650800 296945
1.652649 298017
1.654499 299089
1.659942 300161
1.661792 301233
1.663641 302305
1.665491 303377
1.670934 304449
1.672784 305521
1.674633 306593
1.676483 307665
1.681926 308737
1.683776 309809
1.685625 310881
1.687475 311953
1.689324 313025
1.693843 314097
1.695692 315169
1.697542 316241
1.699392 317313
1.701241 318385
1.705760 319457
1.707609 320529
1.709459 321601
1.711308 322673
1.713158 323745
1.716752 324817
1.718601 325889
1.720451 326961
1.722300 328033
1.724150 329105
1.727744 330177
1.729593 331249
1.731443 332321
1.733292 333393
1.735142 334465
1.736992 335537
1.739660 336609
1.741510 337681
1.743360 338753
1.745209 339825
1.747059 340897
1.748908 341969
1.751577 343041
1.753427 344113
1.755276 345185
1.757126 346257
1.758976 347329
1.760825 348401
1.762675 349473
1.764524 350545
1.766374 351617
1.768224 352689
1.770073 353761
1.771923 354833
1.773772 355905
1.775622 356977
1.777472 358049
1.779321 359121
1.781171 360193
1.783020 361265
1.784870 362337
1.786720 363409
1.788569 364481
1.790419 365553
1.792268 366625
1.794118 367697
1.795968 368769
1.797817 369841
1.799667 370913
1.801516 371985
1.803366 373057
1.805216 374129
1.807065 375201
1.808915 376273
1.810764 377345
1.812614 378417
1.814464 379489
1.816313 380561
1.818163 381633
1.820012 382705
1.821862 383777
1.823712 384849
1.825561 385921
1.827411 386993
1.829260 388065
1.831110 389137
1.832960 390209
1.834809 391281
1.836659 392353
1.838508 393425
1.840358 394497
1.842208 395569
1.844057 396641
1.845907 397713
1.847756 398785
1.849606 399857
1.851456 400929
1.853305 402001
1.855155 403073
1.857004 404145
1.858854 405217
1.860704 406289
1.862553 407361
1.864403 408433
1.866252 409505
1.868102 410577
1.869952 411649
1.871801 412721
1.873651 413793
1.875500 414865
1.877350 415937
1.878275 415937
1.879200 415937
1.880124 415937
1.881049 415937
1.881974 415937
1.882899 415937
1.883824 415937
1.884748 415937
1.885673 415937
1.886598 415937
1.887523 415937
1.888448 415937
1.889372 415937
1.890297 415937
1.891222 415937
1.892147 415937
1.893072 425049
1.898515 426121
1.900364 427193
1.902214 428265
1.904064 429337
1.910432 430409
1.912281 431481
1.914131 432553
1.915980 433625
1.921424 434697
1.923273 435769
1.925123 436841
1.926972 437913
1.932416 438985
1.934265 440057
1.936115 441129
1.937964 442201
1.943408 443273
1.945257 444345
1.947107 445417
1.948956 446489
1.950806 447561
1.955324 448633
1.957174 449705
1.959024 450777
1.960873 451849
1.962723 452921
1.967241 453993
1.969091 455065
1.970940 456137
1.972790 457209
1.974640 458281
1.978233 459353
1.980083 460425
1.981932 461497
1.983782 462569
1.985632 463641
1.989225 464713
1.991075 465785
1.992924 466857
1.994774 467929
1.996624 469001
1.998473 470073
2.001142 471145
2.002992 472217
2.004841 473289
2.006691 474361
2.008540 475433
2.010390 476505
2.013059 477577
2.014908 478649
2.016758 479721
2.018608 480793
2.020457 481865
2.022307 482937
2.024156 484009
2.026006 485081
2.027856 486153
2.029705 487225
2.031555 488297
2.033404 489369
2.035254 490441
2.037104 491513
2.038953 492585
2.040803 493657
2.042652 494729
2.044502 495801
2.046352 496873
2.048201 497945
2.050051 499017
2.051900 500089
2.053750 501161
2.055600 502233
2.057449 503305
2.059299 504377
2.061148 505449
2.062998 506521
2.064848 507593
2.066697 508665
2.068547 509737
2.070396 510809
2.072246 511881
2.074096 512953
2.075945 514025
2.077795 515097
2.079644 516169
2.081494 517241
2.083344 518313
2.085193 519385
2.087043 520457
2.088892 521529
2.090742 522601
2.092592 523673
2.094441 524745
2.096291 525817
2.098140 526889
2.099990 527961
2.101840 529033
2.103689 530105
2.105539 531177
2.107388 532249
2.109238 533321
2.111088 534393
2.112937 535465
2.114787 536537
2.116636 537609
2.118486 538681
2.120336 539753
2.122185 540825
2.124035 541897
2.125884 542969
2.127734 544041
2.129584 545113
2.131433 546185
2.133283 547257
2.135132 548329
2.136982 549401
2.138832 550473
2.139756 550473
2.140681 550473
2.141606 550473
2.142531 550473
2.143456 550473
2.144380 550473
2.145305 550473
2.146230 550473
2.147155 550473
2.148080 550473
2.149004 550473
2.149929 550473
2.150854 550473
2.151779 550473
2.152704 550473
2.153628 550473
2.154553 559585
2.159996 560657
2.161846 561729
2.163696 562801
2.165545 563873
2.171913 564945
2.173763 566017
2.175612 567089
2.177462 568161
2.182905 569233
2.184755 570305
2.186604 571377
2.188454 572449
2.193897 573521
2.195747 574593
2.197596 575665
2.199446 576737
2.204889 577809
2.206739 578881
2.208588 579953
2.210438 581025
2.212288 582097
2.216806 583169
2.218656 584241
2.220505 585313
2.222355 586385
2.224204 587457
2.228723 588529
2.230572 589601
2.232422 590673
2.234272 591745
2.236121 592817
2.239715 593889
2.241564 594961
2.243414 596033
2.245264 597105
2.247113 598177
2.250707 599249
2.252556 600321
2.254406 601393
2.256256 602465
2.258105 603537
2.259955 604609
2.262624 605681
2.264473 606753
2.266323 607825
2.268172 608897
2.270022 609969
2.271872 611041
2.274540 612113
2.276390 613185
2.278240 614257
2.280089 615329
2.281939 616401
2.283788 617473
2.285638 618545
2.287488 619617
2.289337 620689
2.291187 621761
2.293036 622833
2.294886 623905
2.296736 624977
2.298585 626049
2.300435 627121
2.302284 628193
2.304134 629265
2.305984 630337
2.307833 631409
2.309683 632481
2.311532 633553
2.313382 634625
2.315232 635697
2.317081 636769
2.318931 637841
2.320780 638913
2.322630 639985
2.324480 641057
2.326329 642129
2.328179 643201
2.330028 644273
2.331878 645345
2.333728 646417
2.335577 647489
2.337427 648561
2.339276 649633
2.341126 650705
2.342976 651777
2.344825 652849
2.346675 653921
2.348524 654993
2.350374 656065
2.352224 657137
2.354073 658209
2.355923 659281
2.357772 660353
2.359622 661425
2.361472 662497
2.363321 663569
2.365171 664641
2.367020 665713
2.368870 666785
2.370720 667857
2.372569 668929
2.374419 670001
2.376268 671073
2.378118 672145
2.379968 673217
2.381817 674289
2.383667 675361
2.385516 676433
2.387366 677505
2.389216 678577
2.391065 679649
2.392915 680721
2.394764 681793
2.396614 682865
2.398464 683937
2.400313 685009
2.401238 685009
2.402163 685009
2.403088 685009
2.404012 685009
2.404937 685009
2.405862 685009
2.406787 685009
2.407712 685009
2.408636 685009
2.409561 685009
2.410486 685009
2.411411 685009
2.412336 685009
2.413260 685009
2.414185 685009
2.415110 685009
2.416035 694121
2.421478 695193
2.423328 696265
2.425177 697337
2.427027 698409
2.433395 699481
2.435244 700553
2.437094 701625
2.438944 702697
2.444387 703769
2.446236 704841
2.448086 705913
2.449936 706985
2.455379 708057
2.457228 709129
2.459078 710201
2.460928 711273
2.466371 712345
2.468220 713417
2.470070 714489
2.471920 715561
2.473769 716633
2.478288 717705
2.480137 718777
2.481987 719849
2.483836 720921
2.485686 721993
2.490204 723065
2.492054 724137
2.493904 725209
2.495753 726281
2.497603 727353
2.501196 728425
2.503046 729497
2.504896 730569
2.506745 731641
2.508595 732713
2.512188 733785
2.514038 734857
2.515888 735929
2.517737 737001
2.519587 738073
2.521436 739145
2.524105 740217
2.525955 741289
2.527804 742361
2.529654 743433
2.531504 744505
2.533353 745577
2.536022 746649
2.537872 747721
2.539721 748793
2.541571 749865
2.543420 750937
2.545270 752009
2.547120 753081
2.548969 754153
2.550819 755225
2.552668 756297
2.554518 757369
2.556368 758441
2.558217 759513
2.560067 760585
2.561916 761657
2.563766 762729
2.565616 763801
2.567465 764873
2.569315 765945
2.571164 767017
2.573014 768089
2.574864 769161
2.576713 770233
2.578563 771305
2.580412 772377
2.582262 773449
2.584112 774521
2.585961 775593
2.587811 776665
2.589660 777737
2.591510 778809
2.593360 779881
2.595209 780953
2.597059 782025
2.598908 783097
2.600758 784169
2.602608 785241
2.604457 786313
2.606307 787385
2.608156 788457
2.610006 789529
2.611856 790601
2.613705 791673
2.615555 792745
2.617404 793817
2.619254 794889
2.621104 795961
2.622953 797033
2.624803 798105
2.626652 799177
2.628502 800249
2.630352 801321
2.632201 802393
2.634051 803465
2.635900 804537
2.637750 805609
2.639600 806681
2.641449 807753
2.643299 808825
2.645148 809897
2.646998 810969
2.648848 812041
2.650697 813113
2.652547 814185
2.654396 815257
2.656246 816329
2.658096 817401
2.659945 818473
2.661795 819545
2.662720 819545
2.663644 819545
2.664569 819545
2.665494 819545
2.666419 819545
2.667344 819545
2.668268 819545
2.669193 819545
2.670118 819545
2.671043 819545
2.671968 819545
2.672892 819545
2.673817 819545
2.674742 819545
2.675667 819545
2.676592 819545
2.677516 828657
2.682960 829729
2.684809 830801
2.686659 831873
2.688508 832945
2.694876 834017
2.696726 835089
2.698576 836161
2.700425 837233
2.705868 838305
2.707718 839377
2.709568 840449
2.711417 841521
2.716860 842593
2.718710 843665
2.720560 844737
2.722409 845809
2.727852 846881
2.729702 847953
2.731552 849025
2.733401 850097
2.735251 851169
2.739769 852241
2.741619 853313
2.743468 854385
2.745318 855457
2.747168 856529
2.751686 857601
2.753536 858673
2.755385 859745
2.757235 860817
2.759084 861889
2.762678 862961
2.764528 864033
2.766377 865105
2.768227 866177
2.770076 867249
2.773670 868321
2.775520 869393
2.777369 870465
2.779219 871537
2.781068 872609
2.782918 873681
2.785587 874753
2.787436 875825
2.789286 876897
2.791136 877969
2.792985 879041
2.794835 880113
2.797504 881185
2.799353 882257
2.801203 883329
2.803052 884401
2.804902 885473
2.806752 886545
2.808601 887617
2.810451 888689
2.812300 889761
2.814150 890833
2.816000 891905
2.817849 892977
2.819699 894049
2.821548 895121
2.823398 896193
2.825248 897265
2.827097 898337
2.828947 899409
2.830796 900481
2.832646 901553
2.834496 902625
2.836345 903697
2.838195 904769
2.840044 905841
2.841894 906913
2.843744 907985
2.845593 909057
2.847443 910129
2.849292 911201
2.851142 912273
2.852992 913345
2.854841 914417
2.856691 915489
2.858540 916561
2.860390 917633
2.862240 918705
2.864089 919777
2.865939 920849
2.867788 921921
2.869638 922993
2.871488 924065
2.873337 925137
2.875187 926209
2.877036 927281
2.878886 928353
2.880736 929425
2.882585 930497
2.884435 931569
2.886284 932641
2.888134 933713
2.889984 934785
2.891833 935857
2.893683 936929
2.895532 938001
2.897382 939073
2.899232 940145
2.901081 941217
2.902931 942289
2.904780 943361
2.906630 944433
2.908480 945505
2.910329 946577
2.912179 947649
2.914028 948721
2.915878 949793
2.917728 950865
2.919577 951937
2.921427 953009
2.923276 954081
2.924201 954081
2.925126 954081
2.926051 954081
2.926976 954081
2.927900 954081
2.928825 954081
2.929750 954081
2.930675 954081
2.931600 954081
2.932524 954081
2.933449 954081
2.934374 954081
2.935299 954081
2.936224 954081
2.937148 954081
2.938073 954081
2.938998 963193
2.944441 964265
2.946291 965337
2.948140 966409
2.949990 967481
2.956358 968553
2.958208 969625
2.960057 970697
2.961907 971769
2.967350 972841
2.969200 973913
2.971049 974985
2.972899 976057
2.978342 977129
2.980192 978201
2.982041 979273
2.983891 980345
2.989334 981417
2.991184 982489
2.993033 983561
2.994883 984633
2.996732 985705
3.001251 986777
3.003100 987849
3.004950 988921
3.006800 989993
3.008649 991065
3.013168 992137
3.015017 993209
3.016867 994281
3.018716 995353
3.020566 996425
3.024160 997497
3.026009 998569
3.027859 999641
3.029708 1000713
3.031558 1001785
3.035152 1002857
3.037001 1003929
3.038851 1005001
3.040700 1006073
3.042550 1007145
3.044400 1008217
3.047068 1009289
3.048918 1010361
3.050768 1011433
3.052617 1012505
3.054467 1013577
3.056316 1014649
3.058985 1015721
3.060835 1016793
3.062684 1017865
3.064534 1018937
3.066384 1020009
3.068233 1021081
3.070083 1022153
3.071932 1023225
3.073782 1024297
3.075632 1025369
3.077481 1026441
3.079331 1027513
3.081180 1028585
3.083030 1029657
3.084880 1030729
3.086729 1031801
3.088579 1032873
3.090428 1033945
3.092278 1035017
3.094128 1036089
3.095977 1037161
3.097827 1038233
3.099676 1039305
3.101526 1040377
3.103376 1041449
3.105225 1042521
3.107075 1043593
3.108924 1044665
3.110774 1045737
3.112624 1046809
3.114473 1047881
3.116323 1048953
3.118172 1050025
3.120022 1051097
3.121872 1052169
3.123721 1053241
3.125571 1054313
3.127420 1055385
3.129270 1056457
3.131120 1057529
3.132969 1058601
3.134819 1059673
3.136668 1060745
3.138518 1061817
3.140368 1062889
3.142217 1063961
3.144067 1065033
3.145916 1066105
3.147766 1067177
3.149616 1068249
3.151465 1069321
3.153315 1070393
3.155164 1071465
3.157014 1072537
3.158864 1073609
3.160713 1074681
3.162563 1075753
3.164412 1076825
3.166262 1077897
3.168112 1078969
3.169961 1080041
3.171811 1081113
3.173660 1082185
3.175510 1083257
3.177360 1084329
3.179209 1085401
3.181059 1086473
3.182908 1087545
3.184758 1088617
3.185683 1088617
3.186608 1088617
3.187532 1088617
3.188457 1088617
3.189382 1088617
3.190307 1088617
3.191232 1088617
3.192156 1088617
3.194006 1088617
3.194931 1088617
3.195856 1088617
3.196780 1088617
3.197705 1088617
3.198630 1088617
3.199555 1088617
3.200480 1093441
3.205923 1093441
3.206848 1093441
3.207772 1093441
3.208697 1093441
3.209622 1093441
3.210547 1093441
3.211472 1100945
3.216915 1102017
3.218764 1103089
3.220614 1104161
3.222464 1105233
3.228832 1106305
3.230681 1107377
3.232531 1108449
3.234380 1109521
3.239824 1110593
3.241673 1111665
3.243523 1112737
3.245372 1113809
3.250816 1114881
3.252665 1115953
3.254515 1117025
3.256364 1118097
3.261808 1119169
3.263657 1120241
3.265507 1121313
3.267356 1122385
3.269206 1123457
3.273724 1124529
3.275574 1125601
3.277424 1126673
3.279273 1127745
3.281123 1128817
3.285641 1129889
3.287491 1130961
3.289340 1132033
3.291190 1133105
3.293040 1134177
3.296633 1135249
3.298483 1136321
3.300332 1137393
3.302182 1138465
3.304032 1139537
3.307625 1140609
3.309475 1141681
3.311324 1142753
3.313174 1143825
3.315024 1144897
3.316873 1145969
3.319542 1147041
3.321392 1148113
3.323241 1149185
3.325091 1150257
3.326940 1151329
3.328790 1152401
3.331459 1153473
3.333308 1154545
3.335158 1155617
3.337008 1156689
3.338857 1157761
3.340707 1158833
3.342556 1159905
3.344406 1160977
3.346256 1162049
3.348105 1163121
3.349955 1164193
3.351804 1165265
3.353654 1166337
3.355504 1167409
3.357353 1168481
3.359203 1169553
3.361052 1170625
3.362902 1171697
3.364752 1172769
3.366601 1173841
3.368451 1174913
3.370300 1175985
3.372150 1177057
3.374000 1178129
3.375849 1179201
3.377699 1180273
3.379548 1181345
3.381398 1182417
3.383248 1183489
3.385097 1184561
3.386947 1185633
3.388796 1186705
3.390646 1187777
3.392496 1188849
3.394345 1189921
3.396195 1190993
3.398044 1192065
3.399894 1193137
3.401744 1194209
3.403593 1195281
3.405443 1196353
3.407292 1197425
3.409142 1198497
3.410992 1199569
3.412841 1200641
3.414691 1201713
3.416540 1202785
3.418390 1203857
3.420240 1204929
3.422089 1206001
3.423939 1207073
3.425788 1208145
3.427638 1209217
3.429488 1210289
3.431337 1211361
3.433187 1212433
3.435036 1213505
3.436886 1214577
3.438736 1215649
3.440585 1216721
3.442435 1217793
3.444284 1218865
3.446134 1219937
3.447984 1221009
3.449833 1222081
3.451683 1223153
3.453532 1224225
3.455382 1225297
3.457232 1226369
3.458156 1226369
3.459081 1226369
3.460006 1226369
3.460931 1226369
3.461856 1226369
3.462780 1226369
3.463705 1226369
3.464630 1226369
3.465555 1226369
3.466480 1226369
3.467404 1226369
3.468329 1226369
3.469254 1226369
3.470179 1226369
3.471104 1226369
3.472028 1226369
3.472953 1235481
3.478396 1236553
3.480246 1237625
3.482096 1238697
3.483945 1239769
3.490313 1240841
3.492163 1241913
3.494012 1242985
3.495862 1244057
3.501305 1245129
3.503155 1246201
3.505004 1247273
3.506854 1248345
3.512297 1249417
3.514147 1250489
3.515996 1251561
3.517846 1252633
3.523289 1253705
3.525139 1254777
3.526988 1255849
3.528838 1256921
3.530688 1257993
3.535206 1259065
3.537056 1260137
3.538905 1261209
3.540755 1262281
3.542604 1263353
3.547123 1264425
3.548972 1265497
3.550822 1266569
3.552672 1267641
3.554521 1268713
3.558115 1269785
3.559964 1270857
3.561814 1271929
3.563664 1273001
3.565513 1274073
3.569107 1275145
3.570956 1276217
3.572806 1277289
3.574656 1278361
3.576505 1279433
3.578355 1280505
3.581024 1281577
3.582873 1282649
3.584723 1283721
3.586572 1284793
3.588422 1285865
3.590272 1286937
3.592940 1288009
3.594790 1289081
3.596640 1290153
3.598489 1291225
3.600339 1292297
3.602188 1293369
3.604038 1294441
3.605888 1295513
3.607737 1296585
3.609587 1297657
3.611436 1298729
3.613286 1299801
3.615136 1300873
3.616985 1301945
3.618835 1303017
3.620684 1304089
3.622534 1305161
3.624384 1306233
3.626233 1307305
3.628083 1308377
3.629932 1309449
3.631782 1310521
3.633632 1311593
3.635481 1312665
3.637331 1313737
3.639180 1314809
3.641030 1315881
3.642880 1316953
3.644729 1318025
3.646579 1319097
3.648428 1320169
3.650278 1321241
3.652128 1322313
3.653977 1323385
3.655827 1324457
3.657676 1325529
3.659526 1326601
3.661376 1327673
3.663225 1328745
3.665075 1329817
3.666924 1330889
3.668774 1331961
3.670624 1333033
3.672473 1334105
3.674323 1335177
3.676172 1336249
3.678022 1337321
3.679872 1338393
3.681721 1339465
3.683571 1340537
3.685420 1341609
3.687270 1342681
3.689120 1343753
3.690969 1344825
3.692819 1345897
3.694668 1346969
3.696518 1348041
3.698368 1349113
3.700217 1350185
3.702067 1351257
3.703916 1352329
3.705766 1353401
3.707616 1354473
3.709465 1355545
3.711315 1356617
3.713164 1357689
3.715014 1358761
3.716864 1359833
3.718713 1360905
3.719638 1360905
3.720563 1360905
3.721488 1360905
3.722412 1360905
3.723337 1360905
3.724262 1360905
3.725187 1360905
3.726112 1360905
3.727036 1360905
3.727961 1360905
3.728886 1360905
3.729811 1360905
3.730736 1360905
3.731660 1360905
3.732585 1360905
3.733510 1360905
3.734435 1370017
3.739878 1371089
3.741728 1372161
3.743577 1373233
3.745427 1374305
3.751795 1375377
3.753644 1376449
3.755494 1377521
3.757344 1378593
3.762787 1379665
3.764636 1380737
3.766486 1381809
3.768336 1382881
3.773779 1383953
3.775628 1385025
3.777478 1386097
3.779328 1387169
3.784771 1388241
3.786620 1389313
3.788470 1390385
3.790320 1391457
3.792169 1392529
3.796688 1393601
3.798537 1394673
3.800387 1395745
3.802236 1396817
3.804086 1397889
3.808604 1398961
3.810454 1400033
3.812304 1401105
3.814153 1402177
3.816003 1403249
3.819596 1404321
3.821446 1405393
3.823296 1406465
3.825145 1407537
3.826995 1408609
3.830588 1409681
3.832438 1410753
3.834288 1411825
3.836137 1412897
3.837987 1413969
3.839836 1415041
3.842505 1416113
3.844355 1417185
3.846204 1418257
3.848054 1419329
3.849904 1420401
3.851753 1421473
3.854422 1422545
3.856272 1423617
3.858121 1424689
3.859971 1425761
3.861820 1426833
3.863670 1427905
3.865520 1428977
3.867369 1430049
3.869219 1431121
3.871068 1432193
3.872918 1433265
3.874768 1434337
3.876617 1435409
3.878467 1436481
3.880316 1437553
3.882166 1438625
3.884016 1439697
3.885865 1440769
3.887715 1441841
3.889564 1442913
3.891414 1443985
3.893264 1445057
3.895113 1446129
3.896963 1447201
3.898812 1448273
3.900662 1449345
3.902512 1450417
3.904361 1451489
3.906211 1452561
3.908060 1453633
3.909910 1454705
3.911760 1455777
3.913609 1456849
3.915459 1457921
3.917308 1458993
3.919158 1460065
3.921008 1461137
3.922857 1462209
3.924707 1463281
3.926556 1464353
3.928406 1465425
3.930256 1466497
3.932105 1467569
3.933955 1468641
3.935804 1469713
3.937654 1470785
3.939504 1471857
3.941353 1472929
3.943203 1474001
3.945052 1475073
3.946902 1476145
3.948752 1477217
3.950601 1478289
3.952451 1479361
3.954300 1480433
3.956150 1481505
3.958000 1482577
3.959849 1483649
3.961699 1484721
3.963548 1485793
3.965398 1486865
3.967248 1487937
3.969097 1489009
3.970947 1490081
3.972796 1491153
3.974646 1492225
3.976496 1493297
3.978345 1494369
3.980195 1495441
3.981120 1495441
3.982044 1495441
3.982969 1495441
3.983894 1495441
3.984819 1495441
3.985744 1495441
3.986668 1495441
3.987593 1495441
3.988518 1495441
3.989443 1495441
3.990368 1495441
3.991292 1495441
3.992217 1495441
3.993142 1495441
3.994067 1495441
3.994992 1495441
3.995916 1504553
4.001360 1505625
4.003209 1506697
4.005059 1507769
4.006908 1508841
4.013276 1509913
4.015126 1510985
4.016976 1512057
4.018825 1513129
4.024268 1514201
4.026118 1515273
4.027968 1516345
4.029817 1517417
4.035260 1518489
4.037110 1519561
4.038960 1520633
4.040809 1521705
4.046252 1522777
4.048102 1523849
4.049952 1524921
4.051801 1525993
4.053651 1527065
4.058169 1528137
4.060019 1529209
4.061868 1530281
4.063718 1531353
4.065568 1532425
4.070086 1533497
4.071936 1534569
4.073785 1535641
4.075635 1536713
4.077484 1537785
4.081078 1538857
4.082928 1539929
4.084777 1541001
4.086627 1542073
4.088476 1543145
4.092070 1544217
4.093920 1545289
4.095769 1546361
4.097619 1547433
4.099468 1548505
4.101318 1549577
4.103987 1550649
4.105836 1551721
4.107686 1552793
4.109536 1553865
4.111385 1554937
4.113235 1556009
4.115904 1557081
4.117753 1558153
4.119603 1559225
4.121452 1560297
4.123302 1561369
4.125152 1562441
4.127001 1563513
4.128851 1564585
4.130700 1565657
4.132550 1566729
4.134400 1567801
4.136249 1568873
4.138099 1569945
4.139948 1571017
4.141798 1572089
4.143648 1573161
4.145497 1574233
4.147347 1575305
4.149196 1576377
4.151046 1577449
4.152896 1578521
4.154745 1579593
4.156595 1580665
4.158444 1581737
4.160294 1582809
4.162144 1583881
4.163993 1584953
4.165843 1586025
4.167692 1587097
4.169542 1588169
4.171392 1589241
4.173241 1590313
4.175091 1591385
4.176940 1592457
4.178790 1593529
4.180640 1594601
4.182489 1595673
4.184339 1596745
4.186188 1597817
4.188038 1598889
4.189888 1599961
4.191737 1601033
4.193587 1602105
4.195436 1603177
4.197286 1604249
4.199136 1605321
4.200985 1606393
4.202835 1607465
4.204684 1608537
4.206534 1609609
4.208384 1610681
4.210233 1611753
4.212083 1612825
4.213932 1613897
4.215782 1614969
4.217632 1616041
4.219481 1617113
4.221331 1618185
4.223180 1619257
4.225030 1620329
4.226880 1621401
4.228729 1622473
4.230579 1623545
4.232428 1624617
4.234278 1625689
4.236128 1626761
4.237977 1627833
4.239827 1628905
4.241676 1629977
4.242601 1629977
4.243526 1629977
4.244451 1629977
4.245376 1629977
4.246300 1629977
4.247225 1629977
4.248150 1629977
4.249075 1629977
4.250000 1629977
4.250924 1629977
4.251849 1629977
4.252774 1629977
4.253699 1629977
4.254624 1629977
4.255548 1629977
4.256473 1629977
4.257398 1639089
4.262841 1640161
4.264691 1641233
4.266540 1642305
4.268390 1643377
4.274758 1644449
4.276608 1645521
4.278457 1646593
4.280307 1647665
4.285750 1648737
4.287600 1649809
4.289449 1650881
4.291299 1651953
4.296742 1653025
4.298592 1654097
4.300441 1655169
4.302291 1656241
4.307734 1657313
4.309584 1658385
4.311433 1659457
4.313283 1660529
4.315132 1661601
4.319651 1662673
4.321500 1663745
4.323350 1664817
4.325200 1665889
4.327049 1666961
4.331568 1668033
4.333417 1669105
4.335267 1670177
4.337116 1671249
4.338966 1672321
4.342560 1673393
4.344409 1674465
4.346259 1675537
4.348108 1676609
4.349958 1677681
4.353552 1678753
4.355401 1679825
4.357251 1680897
4.359100 1681969
4.360950 1683041
4.362800 1684113
4.365468 1685185
4.367318 1686257
4.369168 1687329
4.371017 1688401
4.372867 1689473
4.374716 1690545
4.377385 1691617
4.379235 1692689
4.381084 1693761
4.382934 1694833
4.384784 1695905
4.386633 1696977
4.388483 1698049
4.390332 1699121
4.392182 1700193
4.394032 1701265
4.395881 1702337
4.397731 1703409
4.399580 1704481
4.401430 1705553
4.403280 1706625
4.405129 1707697
4.406979 1708769
4.408828 1709841
4.410678 1710913
4.412528 1711985
4.414377 1713057
4.416227 1714129
4.418076 1715201
4.419926 1716273
4.421776 1717345
4.423625 1718417
4.425475 1719489
4.427324 1720561
4.429174 1721633
4.431024 1722705
4.432873 1723777
4.434723 1724849
4.436572 1725921
4.438422 1726993
4.440272 1728065
4.442121 1729137
4.443971 1730209
4.445820 1731281
4.447670 1732353
4.449520 1733425
4.451369 1734497
4.453219 1735569
4.455068 1736641
4.456918 1737713
4.458768 1738785
4.460617 1739857
4.462467 1740929
4.464316 1742001
4.466166 1743073
4.468016 1744145
4.469865 1745217
4.471715 1746289
4.473564 1747361
4.475414 1748433
4.477264 1749505
4.479113 1750577
4.480963 1751649
4.482812 1752721
4.484662 1753793
4.486512 1754865
4.488361 1755937
4.490211 1757009
4.492060 1758081
4.493910 1759153
4.495760 1760225
4.497609 1761297
4.499459 1762369
4.501308 1763441
4.503158 1764513
4.504083 1764513
4.505008 1764513
4.505932 1764513
4.506857 1764513
4.507782 1764513
4.508707 1764513
4.509632 1764513
4.510556 1764513
4.511481 1764513
4.512406 1764513
4.513331 1764513
4.514256 1764513
4.515180 1764513
4.516105 1764513
4.517030 1764513
4.517955 1764513
4.518880 1773625
4.524323 1774697
4.526172 1775769
4.528022 1776841
4.529872 1777913
4.536240 1778985
4.538089 1780057
4.539939 1781129
4.541788 1782201
4.547232 1783273
4.549081 1784345
4.550931 1785417
4.552780 1786489
4.558224 1787561
4.560073 1788633
4.561923 1789705
4.563772 1790777
4.569216 1791849
4.571065 1792921
4.572915 1793993
4.574764 1795065
4.576614 1796137
4.581132 1797209
4.582982 1798281
4.584832 1799353
4.586681 1800425
4.588531 1801497
4.593049 1802569
4.594899 1803641
4.596748 1804713
4.598598 1805785
4.600448 1806857
4.604041 1807929
4.605891 1809001
4.607740 1810073
4.609590 1811145
4.611440 1812217
4.615033 1813289
4.616883 1814361
4.618732 1815433
4.620582 1816505
4.622432 1817577
4.624281 1818649
4.626950 1819721
4.628800 1820793
4.630649 1821865
4.632499 1822937
4.634348 1824009
4.636198 1825081
4.638867 1826153
4.640716 1827225
4.642566 1828297
4.644416 1829369
4.646265 1830441
4.648115 1831513
4.649964 1832585
4.651814 1833657
4.653664 1834729
4.655513 1835801
4.657363 1836873
4.659212 1837945
4.661062 1839017
4.662912 1840089
4.664761 1841161
4.666611 1842233
4.668460 1843305
4.670310 1844377
4.672160 1845449
4.674009 1846521
4.675859 1847593
4.677708 1848665
4.679558 1849737
4.681408 1850809
4.683257 1851881
4.685107 1852953
4.686956 1854025
4.688806 1855097
4.690656 1856169
4.692505 1857241
4.694355 1858313
4.696204 1859385
4.698054 1860457
4.699904 1861529
4.701753 1862601
4.703603 1863673
4.705452 1864745
4.707302 1865817
4.709152 1866889
4.711001 1867961
4.712851 1869033
4.714700 1870105
4.716550 1871177
4.718400 1872249
4.720249 1873321
4.722099 1874393
4.723948 1875465
4.725798 1876537
4.727648 1877609
4.729497 1878681
4.731347 1879753
4.733196 1880825
4.735046 1881897
4.736896 1882969
4.738745 1884041
4.740595 1885113
4.742444 1886185
4.744294 1887257
4.746144 1888329
4.747993 1889401
4.749843 1890473
4.751692 1891545
4.753542 1892617
4.755392 1893689
4.757241 1894761
4.759091 1895833
4.760940 1896905
4.762790 1897977
4.764640 1899049
4.765564 1899049
4.766489 1899049
4.767414 1899049
4.768339 1899049
4.769264 1899049
4.770188 1899049
4.771113 1899049
4.772038 1899049
4.772963 1899049
4.773888 1899049
4.774812 1899049
4.775737 1899049
4.776662 1899049
4.777587 1899049
4.778512 1899049
4.779436 1899049
4.780361 1908161
4.785804 1909233
4.787654 1910305
4.789504 1911377
4.791353 1912449
4.797721 1913521
4.799571 1914593
4.801420 1915665
4.803270 1916737
4.808713 1917809
4.810563 1918881
4.812412 1919953
4.814262 1921025
4.819705 1922097
4.821555 1923169
4.823404 1924241
4.825254 1925313
4.830697 1926385
4.832547 1927457
4.834396 1928529
4.836246 1929601
4.838096 1930673
4.842614 1931745
4.844464 1932817
4.846313 1933889
4.848163 1934961
4.850012 1936033
4.854531 1937105
4.856380 1938177
4.858230 1939249
4.860080 1940321
4.861929 1941393
4.865523 1942465
4.867372 1943537
4.869222 1944609
4.871072 1945681
4.872921 1946753
4.876515 1947825
4.878364 1948897
4.880214 1949969
4.882064 1951041
4.883913 1952113
4.885763 1953185
4.888432 1954257
4.890281 1955329
4.892131 1956401
4.893980 1957473
4.895830 1958545
4.897680 1959617
4.900348 1960689
4.902198 1961761
4.904048 1962833
4.905897 1963905
4.907747 1964977
4.909596 1966049
4.911446 1967121
4.913296 1968193
4.915145 1969265
4.916995 1970337
4.918844 1971409
4.920694 1972481
4.922544 1973553
4.924393 1974625
4.926243 1975697
4.928092 1976769
4.929942 1977841
4.931792 1978913
4.933641 1979985
4.935491 1981057
4.937340 1982129
4.939190 1983201
4.941040 1984273
4.942889 1985345
4.944739 1986417
4.946588 1987489
4.948438 1988561
4.950288 1989633
4.952137 1990705
4.953987 1991777
4.955836 1992849
4.957686 1993921
4.959536 1994993
4.961385 1996065
4.963235 1997137
4.965084 1998209
4.966934 1999281
4.968784 2000353
4.970633 2001425
4.972483 2002497
4.974332 2003569
4.976182 2004641
4.978032 2005713
4.979881 2006785
4.981731 2007857
4.983580 2008929
4.985430 2010001
4.987280 2011073
4.989129 2012145
4.990979 2013217
4.992828 2014289
4.994678 2015361
4.996528 2016433
4.998377 2017505
5.000227 2018577
5.002076 2019649
5.003926 2020721
5.005776 2021793
5.007625 2022865
5.009475 2023937
5.011324 2025009
5.013174 2026081
5.015024 2027153
5.016873 2028225
5.018723 2029297
5.020572 2030369
5.022422 2031441
5.024272 2032513
5.026121 2033585
5.027046 2033585
5.027971 2033585
5.028896 2033585
5.029820 2033585
5.030745 2033585
5.031670 2033585
5.032595 2033585
5.033520 2033585
5.034444 2033585
5.035369 2033585
5.036294 2033585
5.037219 2033585
5.038144 2033585
5.039068 2033585
5.039993 2033585
5.040918 2033585
5.041843 2042697
5.047286 2043769
5.049136 2044841
5.050985 2045913
5.052835 2046985
5.059203 2048057
5.061052 2049129
5.062902 2050201
5.064752 2051273
5.070195 2052345
5.072044 2053417
5.073894 2054489
5.075744 2055561
5.081187 2056633
5.083036 2057705
5.084886 2058777
5.086736 2059849
5.092179 2060921
5.094028 2061993
5.095878 2063065
5.097728 2064137
5.099577 2065209
5.104096 2066281
5.105945 2067353
5.107795 2068425
5.109644 2069497
5.111494 2070569
5.116012 2071641
5.117862 2072713
5.119712 2073785
5.121561 2074857
5.123411 2075929
5.127004 2077001
5.128854 2078073
5.130704 2079145
5.132553 2080217
5.134403 2081289
5.137996 2082361
5.139846 2083433
5.141696 2084505
5.143545 2085577
5.145395 2086649
5.147244 2087721
5.149913 2088793
5.151763 2089865
5.153612 2090937
5.155462 2092009
5.157312 2093081
5.159161 2094153
5.161830 2095225
5.163680 2096297
5.165529 2097369
5.167379 2098441
5.169228 2099513
5.171078 2100585
5.172928 2101657
5.174777 2102729
5.176627 2103801
5.178476 2104873
5.180326 2105945
5.182176 2107017
5.184025 2108089
5.185875 2109161
5.187724 2110233
5.189574 2111305
5.191424 2112377
5.193273 2113449
5.195123 2114521
5.196972 2115593
5.198822 2116665
5.200672 2117737
5.202521 2118809
5.204371 2119881
5.206220 2120953
5.208070 2122025
5.209920 2123097
5.211769 2124169
5.213619 2125241
5.215468 2126313
5.217318 2127385
5.219168 2128457
5.221017 2129529
5.222867 2130601
5.224716 2131673
5.226566 2132745
5.228416 2133817
5.230265 2134889
5.232115 2135961
5.233964 2137033
5.235814 2138105
5.237664 2139177
5.239513 2140249
5.241363 2141321
5.243212 2142393
5.245062 2143465
5.246912 2144537
5.248761 2145609
5.250611 2146681
5.252460 2147753
5.254310 2148825
5.256160 2149897
5.258009 2150969
5.259859 2152041
5.261708 2153113
5.263558 2154185
5.265408 2155257
5.267257 2156329
5.269107 2157401
5.270956 2158473
5.272806 2159545
5.274656 2160617
5.276505 2161689
5.278355 2162761
5.280204 2163833
5.282054 2164905
5.283904 2165977
5.285753 2167049
5.287603 2168121
5.288528 2168121
5.289452 2168121
5.290377 2168121
5.291302 2168121
5.292227 2168121
5.293152 2168121
5.294076 2168121
5.295001 2168121
5.295926 2168121
5.296851 2168121
5.297776 2168121
5.298700 2168121
5.299625 2168121
5.300550 2168121
5.301475 2168121
5.302400 2168121
5.303324 2177233
5.308768 2178305
5.310617 2179377
5.312467 2180449
5.314316 2181521
5.320684 2182593
5.322534 2183665
5.324384 2184737
5.326233 2185809
5.331676 2186881
5.333526 2187953
5.335376 2189025
5.337225 2190097
5.342668 2191169
5.344518 2192241
5.346368 2193313
5.348217 2194385
5.353660 2195457
5.355510 2196529
5.357360 2197601
5.359209 2198673
5.361059 2199745
5.365577 2200817
5.367427 2201889
5.369276 2202961
5.371126 2204033
5.372976 2205105
5.377494 2206177
5.379344 2207249
5.381193 2208321
5.383043 2209393
5.384892 2210465
5.388486 2211537
5.390336 2212609
5.392185 2213681
5.394035 2214753
5.395884 2215825
5.399478 2216897
5.401328 2217969
5.403177 2219041
5.405027 2220113
5.406876 2221185
5.408726 2222257
5.411395 2223329
5.413244 2224401
5.415094 2225473
5.416944 2226545
5.418793 2227617
5.420643 2228689
5.423312 2229761
5.425161 2230833
5.427011 2231905
5.428860 2232977
5.430710 2234049
5.432560 2235121
5.434409 2236193
5.436259 2237265
5.438108 2238337
5.439958 2239409
5.441808 2240481
5.443657 2241553
5.445507 2242625
5.447356 2243697
5.449206 2244769
5.451056 2245841
5.452905 2246913
5.454755 2247985
5.456604 2249057
5.458454 2250129
5.460304 2251201
5.462153 2252273
5.464003 2253345
5.465852 2254417
5.467702 2255489
5.469552 2256561
5.471401 2257633
5.473251 2258705
5.475100 2259777
5.476950 2260849
5.478800 2261921
5.480649 2262993
5.482499 2264065
5.484348 2265137
5.486198 2266209
5.488048 2267281
5.489897 2268353
5.491747 2269425
5.493596 2270497
5.495446 2271569
5.497296 2272641
5.499145 2273713
5.500995 2274785
5.502844 2275857
5.504694 2276929
5.506544 2278001
5.508393 2279073
5.510243 2280145
5.512092 2281217
5.513942 2282289
5.515792 2283361
5.517641 2284433
5.519491 2285505
5.521340 2286577
5.523190 2287649
5.525040 2288721
5.526889 2289793
5.528739 2290865
5.530588 2291937
5.532438 2293009
5.534288 2294081
5.536137 2295153
5.537987 2296225
5.539836 2297297
5.541686 2298369
5.543536 2299441
5.545385 2300513
5.547235 2301585
5.549084 2302657
5.550009 2302657
5.550934 2302657
5.551859 2302657
5.552784 2302657
5.553708 2302657
5.554633 2302657
5.555558 2302657
5.556483 2302657
5.557408 2302657
5.558332 2302657
5.559257 2302657
5.560182 2302657
5.561107 2302657
5.562032 2302657
5.562956 2302657
5.563881 2302657
5.564806 2311769
5.570249 2312841
5.572099 2313913
5.573948 2314985
5.575798 2316057
5.582166 2317129
5.584016 2318201
5.585865 2319273
5.587715 2320345
5.593158 2321417
5.595008 2322489
5.596857 2323561
5.598707 2324633
5.604150 2325705
5.606000 2326777
5.607849 2327849
5.609699 2328921
5.615142 2329993
5.616992 2331065
5.618841 2332137
5.620691 2333209
5.622540 2334281
5.627059 2335353
5.628908 2336425
5.630758 2337497
5.632608 2338569
5.634457 2339641
5.638976 2340713
5.640825 2341785
5.642675 2342857
5.644524 2343929
5.646374 2345001
5.649968 2346073
5.651817 2347145
5.653667 2348217
5.655516 2349289
5.657366 2350361
5.660960 2351433
5.662809 2352505
5.664659 2353577
5.666508 2354649
5.668358 2355721
5.670208 2356793
5.672876 2357865
5.674726 2358937
5.676576 2360009
5.678425 2361081
5.680275 2362153
5.682124 2363225
5.684793 2364297
5.686643 2365369
5.688492 2366441
5.690342 2367513
5.692192 2368585
5.694041 2369657
5.695891 2370729
5.697740 2371801
5.699590 2372873
5.701440 2373945
5.703289 2375017
5.705139 2376089
5.706988 2377161
5.708838 2378233
5.710688 2379305
5.712537 2380377
5.714387 2381449
5.716236 2382521
5.718086 2383593
5.719936 2384665
5.721785 2385737
5.723635 2386809
5.725484 2387881
5.727334 2388953
5.729184 2390025
5.731033 2391097
5.732883 2392169
5.734732 2393241
5.736582 2394313
5.738432 2395385
5.740281 2396457
5.742131 2397529
5.743980 2398601
5.745830 2399673
5.747680 2400745
5.749529 2401817
5.751379 2402889
5.753228 2403961
5.755078 2405033
5.756928 2406105
5.758777 2407177
5.760627 2408249
5.762476 2409321
5.764326 2410393
5.766176 2411465
5.768025 2412537
5.769875 2413609
5.771724 2414681
5.773574 2415753
5.775424 2416825
5.777273 2417897
5.779123 2418969
5.780972 2420041
5.782822 2421113
5.784672 2422185
5.786521 2423257
5.788371 2424329
5.790220 2425401
5.792070 2426473
5.793920 2427545
5.795769 2428617
5.797619 2429689
5.799468 2430761
5.801318 2431833
5.803168 2432905
5.805017 2433977
5.806867 2435049
5.808716 2436121
5.810566 2437193
5.811491 2437193
5.812416 2437193
5.813340 2437193
5.814265 2437193
5.815190 2437193
5.816115 2437193
5.817040 2437193
5.817964 2437193
5.818889 2437193
5.819814 2437193
5.820739 2437193
5.821664 2437193
5.822588 2437193
5.823513 2437193
5.824438 2437193
5.825363 2437193
5.826288 2446305
5.831731 2447377
5.833580 2448449
5.835430 2449521
5.837280 2450593
5.843648 2451665
5.845497 2452737
5.847347 2453809
5.849196 2454881
5.854640 2455953
5.856489 2457025
5.858339 2458097
5.860188 2459169
5.865632 2460241
5.867481 2461313
5.869331 2462385
5.871180 2463457
5.876624 2464529
5.878473 2465601
5.880323 2466673
5.882172 2467745
5.884022 2468817
5.888540 2469889
5.890390 2470961
5.892240 2472033
5.894089 2473105
5.895939 2474177
5.900457 2475249
5.902307 2476321
5.904156 2477393
5.906006 2478465
5.907856 2479537
5.911449 2480609
5.913299 2481681
5.915148 2482753
5.916998 2483825
5.918848 2484897
5.922441 2485969
5.924291 2487041
5.926140 2488113
5.927990 2489185
5.929840 2490257
5.931689 2491329
5.934358 2492401
5.936208 2493473
5.938057 2494545
5.939907 2495617
5.941756 2496689
5.943606 2497761
5.946275 2498833
5.948124 2499905
5.949974 2500977
5.951824 2502049
5.953673 2503121
5.955523 2504193
5.957372 2505265
5.959222 2506337
5.961072 2507409
5.962921 2508481
5.964771 2509553
5.966620 2510625
5.968470 2511697
5.970320 2512769
5.972169 2513841
5.974019 2514913
5.975868 2515985
5.977718 2517057
5.979568 2518129
5.981417 2519201
5.983267 2520273
5.985116 2521345
5.986966 2522417
5.988816 2523489
5.990665 2524561
5.992515 2525633
5.994364 2526705
5.996214 2527777
5.998064 2528849
5.999913 2529921
6.001763 2530993
6.003612 2532065
6.005462 2533137
6.007312 2534209
6.009161 2535281
6.011011 2536353
6.012860 2537425
6.014710 2538497
6.016560 2539569
6.018409 2540641
6.020259 2541713
6.022108 2542785
6.023958 2543857
6.025808 2544929
6.027657 2546001
6.029507 2547073
6.031356 2548145
6.033206 2549217
6.035056 2550289
6.036905 2551361
6.038755 2552433
6.040604 2553505
6.042454 2554577
6.044304 2555649
6.046153 2556721
6.048003 2557793
6.049852 2558865
6.051702 2559937
6.053552 2561009
6.055401 2562081
6.057251 2563153
6.059100 2564225
6.060950 2565297
6.062800 2566369
6.064649 2567441
6.066499 2568513
6.068348 2569585
6.070198 2570657
6.072048 2571729
6.072972 2571729
6.073897 2571729
6.074822 2571729
6.075747 2571729
6.076672 2571729
6.077596 2571729
6.078521 2571729
6.079446 2571729
6.080371 2571729
6.081296 2571729
6.082220 2571729
6.083145 2571729
6.084070 2571729
6.084995 2571729
6.085920 2571729
6.086844 2571729
6.087769 2580841
6.093212 2581913
6.095062 2582985
6.096912 2584057
6.098761 2585129
6.105129 2586201
6.106979 2587273
6.108828 2588345
6.110678 2589417
6.116121 2590489
6.117971 2591561
6.119820 2592633
6.121670 2593705
6.127113 2594777
6.128963 2595849
6.130812 2596921
6.132662 2597993
6.138105 2599065
6.139955 2600137
6.141804 2601209
6.143654 2602281
6.145504 2603353
6.150022 2604425
6.151872 2605497
6.153721 2606569
6.155571 2607641
6.157420 2608713
6.161939 2609785
6.163788 2610857
6.165638 2611929
6.167488 2613001
6.169337 2614073
6.172931 2615145
6.174780 2616217
6.176630 2617289
6.178480 2618361
6.180329 2619433
6.183923 2620505
6.185772 2621577
6.187622 2622649
6.189472 2623721
6.191321 2624793
6.193171 2625865
6.195840 2626937
6.197689 2628009
6.199539 2629081
6.201388 2630153
6.203238 2631225
6.205088 2632297
6.207756 2633369
6.209606 2634441
6.211456 2635513
6.213305 2636585
6.215155 2637657
6.217004 2638729
6.218854 2639801
6.220704 2640873
6.222553 2641945
6.224403 2643017
6.226252 2644089
6.228102 2645161
6.229952 2646233
6.231801 2647305
6.233651 2648377
6.235500 2649449
6.237350 2650521
6.239200 2651593
6.241049 2652665
6.242899 2653737
6.244748 2654809
6.246598 2655881
6.248448 2656953
6.250297 2658025
6.252147 2659097
6.253996 2660169
6.255846 2661241
6.257696 2662313
6.259545 2663385
6.261395 2664457
6.263244 2665529
6.265094 2666601
6.266944 2667673
6.268793 2668745
6.270643 2669817
6.272492 2670889
6.274342 2671961
6.276192 2673033
6.278041 2674105
6.279891 2675177
6.281740 2676249
6.283590 2677321
6.285440 2678393
6.287289 2679465
6.289139 2680537
6.290988 2681609
6.292838 2682681
6.294688 2683753
6.296537 2684825
6.298387 2685897
6.300236 2686969
6.302086 2688041
6.303936 2689113
6.305785 2690185
6.307635 2691257
6.309484 2692329
6.311334 2693401
6.313184 2694473
6.315033 2695545
6.316883 2696617
6.318732 2697689
6.320582 2698761
6.322432 2699833
6.324281 2700905
6.326131 2701977
6.327980 2703049
6.329830 2704121
6.331680 2705193
6.333529 2706265
6.334454 2706265
6.335379 2706265
6.336304 2706265
6.337228 2706265
6.338153 2706265
6.339078 2706265
6.340003 2706265
6.340928 2706265
6.341852 2706265
6.342777 2706265
6.343702 2706265
6.344627 2706265
6.345552 2706265
6.346476 2706265
6.347401 2706265
6.348326 2706265
6.349251 2715377
6.354694 2716449
6.356544 2717521
6.358393 2718593
6.360243 2719665
6.366611 2720737
6.368460 2721809
6.370310 2722881
6.372160 2723953
6.377603 2725025
6.379452 2726097
6.381302 2727169
6.383152 2728241
6.388595 2729313
6.390444 2730385
6.392294 2731457
6.394144 2732529
6.399587 2733601
6.401436 2734673
6.403286 2735745
6.405136 2736817
6.406985 2737889
6.411504 2738961
6.413353 2740033
6.415203 2741105
6.417052 2742177
6.418902 2743249
6.423420 2744321
6.425270 2745393
6.427120 2746465
6.428969 2747537
6.430819 2748609
6.434412 2749681
6.436262 2750753
6.438112 2751825
6.439961 2752897
6.441811 2753969
6.445404 2755041
6.447254 2756113
6.449104 2757185
6.450953 2758257
6.452803 2759329
6.454652 2760401
6.457321 2761473
6.459171 2762545
6.461020 2763617
6.462870 2764689
6.464720 2765761
6.466569 2766833
6.469238 2767905
6.471088 2768977
6.472937 2770049
6.474787 2771121
6.476636 2772193
6.478486 2773265
6.480336 2774337
6.482185 2775409
6.484035 2776481
6.485884 2777553
6.487734 2778625
6.489584 2779697
6.491433 2780769
6.493283 2781841
6.495132 2782913
6.496982 2783985
6.498832 2785057
6.500681 2786129
6.502531 2787201
6.504380 2788273
6.506230 2789345
6.508080 2790417
6.509929 2791489
6.511779 2792561
6.513628 2793633
6.515478 2794705
6.517328 2795777
6.519177 2796849
6.521027 2797921
6.522876 2798993
6.524726 2800065
6.526576 2801137
6.528425 2802209
6.530275 2803281
6.532124 2804353
6.533974 2805425
6.535824 2806497
6.537673 2807569
6.539523 2808641
6.541372 2809713
6.543222 2810785
6.545072 2811857
6.546921 2812929
6.548771 2814001
6.550620 2815073
6.552470 2816145
6.554320 2817217
6.556169 2818289
6.558019 2819361
6.559868 2820433
6.561718 2821505
6.563568 2822577
6.565417 2823649
6.567267 2824721
6.569116 2825793
6.570966 2826865
6.572816 2827937
6.574665 2829009
6.576515 2830081
6.578364 2831153
6.580214 2832225
6.582064 2833297
6.583913 2834369
6.585763 2835441
6.587612 2836513
6.589462 2837585
6.591312 2838657
6.593161 2839729
6.595011 2840801
6.595936 2840801
6.596860 2840801
6.597785 2840801
6.598710 2840801
6.599635 2840801
6.600560 2840801
6.601484 2840801
6.602409 2840801
6.603334 2840801
6.604259 2840801
6.605184 2840801
6.606108 2840801
6.607033 2840801
6.607958 2840801
6.608883 2840801
6.609808 2840801
6.610732 2849913
6.616176 2850985
6.618025 2852057
6.619875 2853129
6.621724 2854201
6.628092 2855273
6.629942 2856345
6.631792 2857417
6.633641 2858489
6.639084 2859561
6.640934 2860633
6.642784 2861705
6.644633 2862777
6.650076 2863849
6.651926 2864921
6.653776 2865993
6.655625 2867065
6.661068 2868137
6.662918 2869209
6.664768 2870281
6.666617 2871353
6.668467 2872425
6.672985 2873497
6.674835 2874569
6.676684 2875641
6.678534 2876713
6.680384 2877785
6.684902 2878857
6.686752 2879929
6.688601 2881001
6.690451 2882073
6.692300 2883145
6.695894 2884217
6.697744 2885289
6.699593 2886361
6.701443 2887433
6.703292 2888505
6.706886 2889577
6.708736 2890649
6.710585 2891721
6.712435 2892793
6.714284 2893865
6.716134 2894937
6.718803 2896009
6.720652 2897081
6.722502 2898153
6.724352 2899225
6.726201 2900297
6.728051 2901369
6.730720 2902441
6.732569 2903513
6.734419 2904585
6.736268 2905657
6.738118 2906729
6.739968 2907801
6.741817 2908873
6.743667 2909945
6.745516 2911017
6.747366 2912089
6.749216 2913161
6.751065 2914233
6.752915 2915305
6.754764 2916377
6.756614 2917449
6.758464 2918521
6.760313 2919593
6.762163 2920665
6.764012 2921737
6.765862 2922809
6.767712 2923881
6.769561 2924953
6.771411 2926025
6.773260 2927097
6.775110 2928169
6.776960 2929241
6.778809 2930313
6.780659 2931385
6.782508 2932457
6.784358 2933529
6.786208 2934601
6.788057 2935673
6.789907 2936745
6.791756 2937817
6.793606 2938889
6.795456 2939961
6.797305 2941033
6.799155 2942105
6.801004 2943177
6.802854 2944249
6.804704 2945321
6.806553 2946393
6.808403 2947465
6.810252 2948537
6.812102 2949609
6.813952 2950681
6.815801 2951753
6.817651 2952825
6.819500 2953897
6.821350 2954969
6.823200 2956041
6.825049 2957113
6.826899 2958185
6.828748 2959257
6.830598 2960329
6.832448 2961401
6.834297 2962473
6.836147 2963545
6.837996 2964617
6.839846 2965689
6.841696 2966761
6.843545 2967833
6.845395 2968905
6.847244 2969977
6.849094 2971049
6.850944 2972121
6.852793 2973193
6.854643 2974265
6.856492 2975337
6.857417 2975337
6.858342 2975337
6.859267 2975337
6.860192 2975337
6.861116 2975337
6.862041 2975337
6.862966 2975337
6.863891 2975337
6.864816 2975337
6.865740 2975337
6.866665 2975337
6.867590 2975337
6.868515 2975337
6.869440 2975337
6.870364 2975337
6.871289 2975337
6.872214 2984449
6.877657 2985521
6.879507 2986593
6.881356 2987665
6.883206 2988737
6.889574 2989809
6.891424 2990881
6.893273 2991953
6.895123 2993025
6.900566 2994097
6.902416 2995169
6.904265 2996241
6.906115 2997313
6.911558 2998385
6.913408 2999457
6.915257 3000529
6.917107 3001601
6.922550 3002673
6.924400 3003745
6.926249 3004817
6.928099 3005889
6.929948 3006961
6.934467 3008033
6.936316 3009105
6.938166 3010177
6.940016 3011249
6.941865 3012321
6.946384 3013393
6.948233 3014465
6.950083 3015537
6.951932 3016609
6.953782 3017681
6.957376 3018753
6.959225 3019825
6.961075 3020897
6.962924 3021969
6.964774 3023041
6.968368 3024113
6.970217 3025185
6.972067 3026257
6.973916 3027329
6.975766 3028401
6.977616 3029473
6.980284 3030545
6.982134 3031617
6.983984 3032689
6.985833 3033761
6.987683 3034833
6.989532 3035905
6.992201 3036977
6.994051 3038049
6.995900 3039121
6.997750 3040193
6.999600 3041265
7.001449 3042337
7.003299 3043409
7.005148 3044481
7.006998 3045553
7.008848 3046625
7.010697 3047697
7.012547 3048769
7.014396 3049841
7.016246 3050913
7.018096 3051985
7.019945 3053057
7.021795 3054129
7.023644 3055201
7.025494 3056273
7.027344 3057345
7.029193 3058417
7.031043 3059489
7.032892 3060561
7.034742 3061633
7.036592 3062705
7.038441 3063777
7.040291 3064849
7.042140 3065921
7.043990 3066993
7.045840 3068065
7.047689 3069137
7.049539 3070209
7.051388 3071281
7.053238 3072353
7.055088 3073425
7.056937 3074497
7.058787 3075569
7.060636 3076641
7.062486 3077713
7.064336 3078785
7.066185 3079857
7.068035 3080929
7.069884 3082001
7.071734 3083073
7.073584 3084145
7.075433 3085217
7.077283 3086289
7.079132 3087361
7.080982 3088433
7.082832 3089505
7.084681 3090577
7.086531 3091649
7.088380 3092721
7.090230 3093793
7.092080 3094865
7.093929 3095937
7.095779 3097009
7.097628 3098081
7.099478 3099153
7.101328 3100225
7.103177 3101297
7.105027 3102369
7.106876 3103441
7.108726 3104513
7.110576 3105585
7.112425 3106657
7.114275 3107729
7.116124 3108801
7.117974 3109873
7.118899 3109873
7.119824 3109873
7.120748 3109873
7.121673 3109873
7.122598 3109873
7.123523 3109873
7.124448 3109873
7.125372 3109873
7.126297 3109873
7.127222 3109873
7.128147 3109873
7.129072 3109873
7.129996 3109873
7.130921 3109873
7.131846 3109873
7.132771 3109873
7.133696 3118985
7.139139 3120057
7.140988 3121129
7.142838 3122201
7.144688 3123273
7.151056 3124345
7.152905 3125417
7.154755 3126489
7.156604 3127561
7.162048 3128633
7.163897 3129705
7.165747 3130777
7.167596 3131849
7.173040 3132921
7.174889 3133993
7.176739 3135065
7.178588 3136137
7.184032 3137209
7.185881 3138281
7.187731 3139353
7.189580 3140425
7.191430 3141497
7.195948 3142569
7.197798 3143641
7.199648 3144713
7.201497 3145785
7.203347 3146857
7.207865 3147929
7.209715 3149001
7.211564 3150073
7.213414 3151145
7.215264 3152217
7.218857 3153289
7.220707 3154361
7.222556 3155433
7.224406 3156505
7.226256 3157577
7.229849 3158649
7.231699 3159721
7.233548 3160793
7.235398 3161865
7.237248 3162937
7.239097 3164009
7.241766 3165081
7.243616 3166153
7.245465 3167225
7.247315 3168297
7.249164 3169369
7.251014 3170441
7.253683 3171513
7.255532 3172585
7.257382 3173657
7.259232 3174729
7.261081 3175801
7.262931 3176873
7.264780 3177945
7.266630 3179017
7.268480 3180089
7.270329 3181161
7.272179 3182233
7.274028 3183305
7.275878 3184377
7.277728 3185449
7.279577 3186521
7.281427 3187593
7.283276 3188665
7.285126 3189737
7.286976 3190809
7.288825 3191881
7.290675 3192953
7.292524 3194025
7.294374 3195097
7.296224 3196169
7.298073 3197241
7.299923 3198313
7.301772 3199385
7.303622 3200457
7.305472 3201529
7.307321 3202601
7.309171 3203673
7.311020 3204745
7.312870 3205817
7.314720 3206889
7.316569 3207961
7.318419 3209033
7.320268 3210105
7.322118 3211177
7.323968 3212249
7.325817 3213321
7.327667 3214393
7.329516 3215465
7.331366 3216537
7.333216 3217609
7.335065 3218681
7.336915 3219753
7.338764 3220825
7.340614 3221897
7.342464 3222969
7.344313 3224041
7.346163 3225113
7.348012 3226185
7.349862 3227257
7.351712 3228329
7.353561 3229401
7.355411 3230473
7.357260 3231545
7.359110 3232617
7.360960 3233689
7.362809 3234761
7.364659 3235833
7.366508 3236905
7.368358 3237977
7.370208 3239049
7.372057 3240121
7.373907 3241193
7.375756 3242265
7.377606 3243337
7.379456 3244409
7.380380 3244409
7.381305 3244409
7.382230 3244409
7.383155 3244409
7.384080 3244409
7.385004 3244409
7.385929 3244409
7.386854 3244409
7.387779 3244409
7.388704 3244409
7.389628 3244409
7.390553 3244409
7.391478 3244409
7.392403 3244409
7.393328 3244409
7.394252 3244409
7.395177 3253521
7.400620 3254593
7.402470 3255665
7.404320 3256737
7.406169 3257809
7.412537 3258881
7.414387 3259953
7.416236 3261025
7.418086 3262097
7.423529 3263169
7.425379 3264241
7.427228 3265313
7.429078 3266385
7.434521 3267457
7.436371 3268529
7.438220 3269601
7.440070 3270673
7.445513 3271745
7.447363 3272817
7.449212 3273889
7.451062 3274961
7.452912 3276033
7.457430 3277105
7.459280 3278177
7.461129 3279249
7.462979 3280321
7.464828 3281393
7.469347 3282465
7.471196 3283537
7.473046 3284609
7.474896 3285681
7.476745 3286753
7.480339 3287825
7.482188 3288897
7.484038 3289969
7.485888 3291041
7.487737 3292113
7.491331 3293185
7.493180 3294257
7.495030 3295329
7.496880 3296401
7.498729 3297473
7.500579 3298545
7.503248 3299617
7.505097 3300689
7.506947 3301761
7.508796 3302833
7.510646 3303905
7.512496 3304977
7.515164 3306049
7.517014 3307121
7.518864 3308193
7.520713 3309265
7.522563 3310337
7.524412 3311409
7.526262 3312481
7.528112 3313553
7.529961 3314625
7.531811 3315697
7.533660 3316769
7.535510 3317841
7.537360 3318913
7.539209 3319985
7.541059 3321057
7.542908 3322129
7.544758 3323201
7.546608 3324273
7.548457 3325345
7.550307 3326417
7.552156 3327489
7.554006 3328561
7.555856 3329633
7.557705 3330705
7.559555 3331777
7.561404 3332849
7.563254 3333921
7.565104 3334993
7.566953 3336065
7.568803 3337137
7.570652 3338209
7.572502 3339281
7.574352 3340353
7.576201 3341425
7.578051 3342497
7.579900 3343569
7.581750 3344641
7.583600 3345713
7.585449 3346785
7.587299 3347857
7.589148 3348929
7.590998 3350001
7.592848 3351073
7.594697 3352145
7.596547 3353217
7.598396 3354289
7.600246 3355361
7.602096 3356433
7.603945 3357505
7.605795 3358577
7.607644 3359649
7.609494 3360721
7.611344 3361793
7.613193 3362865
7.615043 3363937
7.616892 3365009
7.618742 3366081
7.620592 3367153
7.622441 3368225
7.624291 3369297
7.626140 3370369
7.627990 3371441
7.629840 3372513
7.631689 3373585
7.633539 3374657
7.635388 3375729
7.637238 3376801
7.639088 3377873
7.640937 3378945
7.641862 3378945
7.642787 3378945
7.643712 3378945
7.644636 3378945
7.645561 3378945
7.646486 3378945
7.647411 3378945
7.648336 3378945
7.649260 3378945
7.650185 3378945
7.651110 3378945
7.652035 3378945
7.652960 3378945
7.653884 3378945
7.654809 3378945
7.655734 3378945
7.656659 3388057
7.662102 3389129
7.663952 3390201
7.665801 3391273
7.667651 3392345
7.674019 3393417
7.675868 3394489
7.677718 3395561
7.679568 3396633
7.685011 3397705
7.686860 3398777
7.688710 3399849
7.690560 3400921
7.696003 3401993
7.697852 3403065
7.699702 3404137
7.701552 3405209
7.706995 3406281
7.708844 3407353
7.710694 3408425
7.712544 3409497
7.714393 3410569
7.718912 3411641
7.720761 3412713
7.722611 3413785
7.724460 3414857
7.726310 3415929
7.730828 3417001
7.732678 3418073
7.734528 3419145
7.736377 3420217
7.738227 3421289
7.741820 3422361
7.743670 3423433
7.745520 3424505
7.747369 3425577
7.749219 3426649
7.752812 3427721
7.754662 3428793
7.756512 3429865
7.758361 3430937
7.760211 3432009
7.762060 3433081
7.764729 3434153
7.766579 3435225
7.768428 3436297
7.770278 3437369
7.772128 3438441
7.773977 3439513
7.776646 3440585
7.778496 3441657
7.780345 3442729
7.782195 3443801
7.784044 3444873
7.785894 3445945
7.787744 3447017
7.789593 3448089
7.791443 3449161
7.793292 3450233
7.795142 3451305
7.796992 3452377
7.798841 3453449
7.800691 3454521
7.802540 3455593
7.804390 3456665
7.806240 3457737
7.808089 3458809
7.809939 3459881
7.811788 3460953
7.813638 3462025
7.815488 3463097
7.817337 3464169
7.819187 3465241
7.821036 3466313
7.822886 3467385
7.824736 3468457
7.826585 3469529
7.828435 3470601
7.830284 3471673
7.832134 3472745
7.833984 3473817
7.835833 3474889
7.837683 3475961
7.839532 3477033
7.841382 3478105
7.843232 3479177
7.845081 3480249
7.846931 3481321
7.848780 3482393
7.850630 3483465
7.852480 3484537
7.854329 3485609
7.856179 3486681
7.858028 3487753
7.859878 3488825
7.861728 3489897
7.863577 3490969
7.865427 3492041
7.867276 3493113
7.869126 3494185
7.870976 3495257
7.872825 3496329
7.874675 3497401
7.876524 3498473
7.878374 3499545
7.880224 3500617
7.882073 3501689
7.883923 3502761
7.885772 3503833
7.887622 3504905
7.889472 3505977
7.891321 3507049
7.893171 3508121
7.895020 3509193
7.896870 3510265
7.898720 3511337
7.900569 3512409
7.902419 3513481
7.903344 3513481
7.904268 3513481
7.905193 3513481
7.906118 3513481
7.907043 3513481
7.907968 3513481
7.908892 3513481
7.909817 3513481
7.910742 3513481
7.911667 3513481
7.912592 3513481
7.913516 3513481
7.914441 3513481
7.915366 3513481
7.916291 3513481
7.917216 3513481
7.918140 3522593
7.923584 3523665
7.925433 3524737
7.927283 3525809
7.929132 3526881
7.935500 3527953
7.937350 3529025
7.939200 3530097
7.941049 3531169
7.946492 3532241
7.948342 3533313
7.950192 3534385
7.952041 3535457
7.957484 3536529
7.959334 3537601
7.961184 3538673
7.963033 3539745
7.968476 3540817
7.970326 3541889
7.972176 3542961
7.974025 3544033
7.975875 3545105
7.980393 3546177
7.982243 3547249
7.984092 3548321
7.985942 3549393
7.987792 3550465
7.992310 3551537
7.994160 3552609
7.996009 3553681
7.997859 3554753
7.999708 3555825
8.003302 3556897
8.005152 3557969
8.007001 3559041
8.008851 3560113
8.010700 3561185
8.014294 3562257
8.016144 3563329
8.017993 3564401
8.019843 3565473
8.021692 3566545
8.023542 3567617
8.026211 3568689
8.028060 3569761
8.029910 3570833
8.031760 3571905
8.033609 3572977
8.035459 3574049
8.038128 3575121
8.039977 3576193
8.041827 3577265
8.043676 3578337
8.045526 3579409
8.047376 3580481
8.049225 3581553
8.051075 3582625
8.052924 3583697
8.054774 3584769
8.056624 3585841
8.058473 3586913
8.060323 3587985
8.062172 3589057
8.064022 3590129
8.065872 3591201
8.067721 3592273
8.069571 3593345
8.071420 3594417
8.073270 3595489
8.075120 3596561
8.076969 3597633
8.078819 3598705
8.080668 3599777
8.082518 3600849
8.084368 3601921
8.086217 3602993
8.088067 3604065
8.089916 3605137
8.091766 3606209
8.093616 3607281
8.095465 3608353
8.097315 3608353
8.098240 3608353
8.099164 3608353
8.100089 3608353
8.101014 3608353
8.101939 3608353
8.102864 3608353
8.103788 3608353
8.104713 3608353
8.105638 3608353
8.106563 3608353
8.107488 3608353
8.108412 3608353
8.109337 3608353
8.110262 3616393
8.116630 3617465
8.118480 3618537
8.120329 3619609
8.127622 3620681
8.129472 3621753
8.131321 3622825
8.133171 3623897
8.139539 3624969
8.141388 3626041
8.143238 3627113
8.145088 3628185
8.151456 3629257
8.153305 3630329
8.155155 3631401
8.157004 3632473
8.163372 3633545
8.165222 3634617
8.167072 3635689
8.168921 3636761
8.174364 3637833
8.176214 3638905
8.178064 3639977
8.179913 3641049
8.185356 3642121
8.187206 3643193
8.189056 3644265
8.190905 3645337
8.192755 3646409
8.197273 3647481
8.199123 3648553
8.200972 3649625
8.202822 3650697
8.204672 3651769
8.209190 3652841
8.211040 3653913
8.212889 3654985
8.214739 3656057
8.216588 3657129
8.220182 3658201
8.222032 3659273
8.223881 3660345
8.225731 3661417
8.227580 3662489
8.231174 3663561
8.233024 3664633
8.234873 3665705
8.236723 3666777
8.238572 3667849
8.242166 3668921
8.244016 3669993
8.245865 3671065
8.247715 3672137
8.249564 3673209
8.251414 3674281
8.254083 3675353
8.255932 3676425
8.257782 3677497
8.259632 3678569
8.261481 3679641
8.263331 3680713
8.266000 3681785
8.267849 3682857
8.269699 3683929
8.271548 3685001
8.273398 3686073
8.275248 3687145
8.277097 3688217
8.278947 3689289
8.280796 3690361
8.282646 3691433
8.284496 3692505
8.286345 3693577
8.288195 3694649
8.290044 3695721
8.291894 3696793
8.293744 3697865
8.295593 3698937
8.297443 3700009
8.299292 3701081
8.301142 3702153
8.302992 3703225
8.304841 3704297
8.306691 3705369
8.308540 3706441
8.310390 3707513
8.312240 3708585
8.314089 3709657
8.315939 3710729
8.317788 3711801
8.319638 3712873
8.321488 3713945
8.323337 3715017
8.325187 3716089
8.327036 3717161
8.328886 3718233
8.330736 3719305
8.332585 3720377
8.334435 3721449
8.336284 3722521
8.338134 3723593
8.339984 3724665
8.341833 3725737
8.343683 3726809
8.345532 3727881
8.347382 3728953
8.349232 3730025
8.351081 3731097
8.352931 3732169
8.354780 3733241
8.356630 3734313
8.358480 3735385
8.360329 3736457
8.362179 3737529
8.364028 3738601
8.365878 3739673
8.367728 3740745
8.369577 3741817
8.371427 3742889
8.373276 3743961
8.375126 3745033
8.376976 3746105
8.378825 3747177
8.380675 3748249
8.382524 3749321
8.384374 3750393
8.385299 3750393
8.386224 3750393
8.387148 3750393
8.388073 3750393
8.388998 3750393
8.389923 3750393
8.390848 3750393
8.391772 3750393
8.392697 3750393
8.393622 3750393
8.394547 3750393
8.395472 3750393
8.396396 3750393
8.397321 3750393
8.398246 3750393
8.399171 3750393
8.400096 3759505
8.405539 3760577
8.407388 3761649
8.409238 3762721
8.411088 3763793
8.417456 3764865
8.419305 3765937
8.421155 3767009
8.423004 3768081
8.428448 3769153
8.430297 3770225
8.432147 3771297
8.433996 3772369
8.439440 3773441
8.441289 3774513
8.443139 3775585
8.444988 3776657
8.450432 3777729
8.452281 3778801
8.454131 3779873
8.455980 3780945
8.457830 3782017
8.462348 3783089
8.464198 3784161
8.466048 3785233
8.467897 3786305
8.469747 3787377
8.474265 3788449
8.476115 3789521
8.477964 3790593
8.479814 3791665
8.481664 3792737
8.485257 3793809
8.487107 3794881
8.488956 3795953
8.490806 3797025
8.492656 3798097
8.496249 3799169
8.498099 3800241
8.499948 3801313
8.501798 3802385
8.503648 3803457
8.505497 3804529
8.508166 3805601
8.510016 3806673
8.511865 3807745
8.513715 3808817
8.515564 3809889
8.517414 3810961
8.520083 3812033
8.521932 3813105
8.523782 3814177
8.525632 3815249
8.527481 3816321
8.529331 3817393
8.531180 3818465
8.533030 3819537
8.534880 3820609
8.536729 3821681
8.538579 3822753
8.540428 3823825
8.542278 3824897
8.544128 3825969
8.545977 3827041
8.547827 3828113
8.549676 3829185
8.551526 3830257
8.553376 3831329
8.555225 3832401
8.557075 3833473
8.558924 3834545
8.560774 3835617
8.562624 3836689
8.564473 3837761
8.566323 3838833
8.568172 3839905
8.570022 3840977
8.571872 3842049
8.573721 3843121
8.575571 3844193
8.577420 3845265
8.579270 3846337
8.581120 3847409
8.582969 3848481
8.584819 3849553
8.586668 3850625
8.588518 3851697
8.590368 3852769
8.592217 3853841
8.594067 3854913
8.595916 3855985
8.597766 3857057
8.599616 3858129
8.601465 3859201
8.603315 3860273
8.605164 3861345
8.607014 3862417
8.608864 3863489
8.610713 3864561
8.612563 3865633
8.614412 3866705
8.616262 3867777
8.618112 3868849
8.619961 3869921
8.621811 3870993
8.623660 3872065
8.625510 3873137
8.627360 3874209
8.629209 3875281
8.631059 3876353
8.632908 3877425
8.634758 3878497
8.636608 3879569
8.638457 3880641
8.640307 3881713
8.642156 3882785
8.644006 3883857
8.645856 3884929
8.646780 3884929
8.647705 3884929
8.648630 3884929
8.649555 3884929
8.650480 3884929
8.651404 3884929
8.652329 3884929
8.653254 3884929
8.654179 3884929
8.655104 3884929
8.656028 3884929
8.656953 3884929
8.657878 3884929
8.658803 3884929
8.659728 3884929
8.660652 3884929
8.661577 3894041
8.667020 3895113
8.668870 3896185
8.670720 3897257
8.672569 3898329
8.678937 3899401
8.680787 3900473
8.682636 3901545
8.684486 3902617
8.689929 3903689
8.691779 3904761
8.693628 3905833
8.695478 3906905
8.700921 3907977
8.702771 3909049
8.704620 3910121
8.706470 3911193
8.711913 3912265
8.713763 3913337
8.715612 3914409
8.717462 3915481
8.719312 3916553
8.723830 3917625
8.725680 3918697
8.727529 3919769
8.729379 3920841
8.731228 3921913
8.735747 3922985
8.737596 3924057
8.739446 3925129
8.741296 3926201
8.743145 3927273
8.746739 3928345
8.748588 3929417
8.750438 3930489
8.752288 3931561
8.754137 3932633
8.757731 3933705
8.760505 3934241
8.761430 3934241
8.762355 3934241
8.763280 3934241
8.764204 3934241
8.765129 3934241
8.766054 3934241
8.766979 3934241
8.768723 3934241
8.769648 3934241
8.771497 3934241
8.774272 3940673
8.779715 3941745
8.782489 3942817
8.786188 3943889
8.791632 3944961
8.794406 3946033
8.798105 3947105
8.803548 3948177
8.806323 3949249
8.810022 3950321
8.814540 3951393
8.817315 3952465
8.821014 3953537
8.825532 3954609
8.828307 3955681
8.832006 3956753
8.836524 3957825
8.838374 3958897
8.840224 3959969
8.843923 3961041
8.848441 3962113
8.850291 3963185
8.852140 3964257
8.855840 3965329
8.860358 3966401
8.862208 3967473
8.864057 3968545
8.866832 3969617
8.871350 3970689
8.873200 3971761
8.875049 3972833
8.877824 3973905
8.882342 3974977
8.884192 3976049
8.886041 3977121
8.888816 3978193
8.890665 3979265
8.894259 3980337
8.896108 3981409
8.897958 3982481
8.900732 3983553
8.902582 3984625
8.906176 3985697
8.908025 3986769
8.909875 3987841
8.912649 3988913
8.914499 3989985
8.918092 3991057
8.919942 3992129
8.921792 3993201
8.923641 3994273
8.925491 3995345
8.929084 3996417
8.930934 3997489
8.932784 3998561
8.934633 3999633
8.936483 4000705
8.940076 4001777
8.941926 4002849
8.943776 4003921
8.945625 4004993
8.947475 4006065
8.949324 4007137
8.951993 4008209
8.953843 4009281
8.955692 4010353
8.957542 4011425
8.959392 4012497
8.961241 4013569
8.963910 4014641
8.965760 4015713
8.967609 4016785
8.969459 4017857
8.971308 4018929
8.973158 4020001
8.975008 4021073
8.976857 4022145
8.978707 4023217
8.980556 4024289
8.982406 4025361
8.984256 4026433
8.986105 4027505
8.987955 4028577
8.989804 4029649
8.991654 4030721
8.993504 4031793
8.995353 4032865
8.997203 4033937
8.999052 4035009
9.000902 4036081
9.002752 4037153
9.004601 4038225
9.006451 4039297
9.008300 4040369
9.010150 4041441
9.012000 4042513
9.013849 4043585
9.015699 4044657
9.017548 4045729
9.019398 4046801
9.021248 4047873
9.023097 4048945
9.024947 4050017
9.026796 4051089
9.028646 4052161
9.030496 4053233
9.032345 4054305
9.034195 4055377
9.036044 4056449
9.037894 4057521
9.039744 4058593
9.041593 4059665
9.043443 4060737
9.045292 4061809
9.047142 4062881
9.048992 4063953
9.050841 4065025
9.052691 4066097
9.054540 4067169
9.056390 4068241
9.058240 4069313
9.060089 4070385
9.061939 4071457
9.063788 4072529
9.065638 4073601
9.067488 4074673
9.069337 4075745
9.071187 4076817
9.073036 4077889
9.074886 4078961
9.076736 4080033
9.078585 4081105
9.080435 4082177
9.082284 4083249
9.084134 4084321
9.085984 4085393
9.086908 4085393
9.087833 4085393
9.088758 4085393
9.089683 4085393
9.090608 4085393
9.091532 4085393
9.092457 4085393
9.093382 4085393
9.094307 4085393
9.095232 4085393
9.096156 4085393
9.097081 4085393
9.098006 4085393
9.098931 4085393
9.099856 4085393
9.100780 4085393
9.101705 4094505
9.107148 4095577
9.108998 4096649
9.110848 4097721
9.112697 4098793
9.119065 4099865
9.120915 4100937
9.122764 4102009
9.124614 4103081
9.130057 4104153
9.131907 4105225
9.133756 4106297
9.135606 4107369
9.141049 4108441
9.142899 4109513
9.144748 4110585
9.146598 4111657
9.152041 4112729
9.153891 4113801
9.155740 4114873
9.157590 4115945
9.159440 4117017
9.163958 4118089
9.165808 4119161
9.167657 4120233
9.169507 4121305
9.171356 4122377
9.175875 4123449
9.177724 4124521
9.179574 4125593
9.181424 4126665
9.183273 4127737
9.186867 4128809
9.188716 4129881
9.190566 4130953
9.192416 4132025
9.194265 4133097
9.197859 4134169
9.199708 4135241
9.201558 4136313
9.203408 4137385
9.205257 4138457
9.207107 4139529
9.209776 4140601
9.211625 4141673
9.213475 4142745
9.215324 4143817
9.217174 4144889
9.219024 4145961
9.221692 4147033
9.223542 4148105
9.225392 4149177
9.227241 4150249
9.229091 4151321
9.230940 4152393
9.232790 4153465
9.234640 4154537
9.236489 4155609
9.238339 4156681
9.240188 4157753
9.242038 4158825
9.243888 4159897
9.245737 4160969
9.247587 4162041
9.249436 4163113
9.251286 4164185
9.253136 4165257
9.254985 4166329
9.256835 4167401
9.258684 4168473
9.260534 4169545
9.262384 4170617
9.264233 4171689
9.266083 4172761
9.267932 4173833
9.269782 4174905
9.271632 4175977
9.273481 4177049
9.275331 4178121
9.277180 4179193
9.279030 4180265
9.280880 4181337
9.282729 4182409
9.284579 4183481
9.286428 4184553
9.288278 4185625
9.290128 4186697
9.291977 4187769
9.293827 4188841
9.295676 4189913
9.297526 4190985
9.299376 4192057
9.301225 4193129
9.303075 4194201
9.304924 4195273
9.306774 4196345
9.308624 4197417
9.310473 4198489
9.312323 4199561
9.314172 4200633
9.316022 4201705
9.317872 4202777
9.319721 4203849
9.321571 4204921
9.323420 4205993
9.325270 4207065
9.327120 4208137
9.328969 4209209
9.330819 4210281
9.332668 4211353
9.334518 4212425
9.336368 4213497
9.338217 4214569
9.340067 4215641
9.341916 4216713
9.343766 4217785
9.345616 4218857
9.347465 4219929
9.348390 4219929
9.349315 4219929
9.350240 4219929
9.351164 4219929
9.352089 4219929
9.353014 4219929
9.353939 4219929
9.354864 4219929
9.355788 4219929
9.356713 4219929
9.357638 4219929
9.358563 4219929
9.359488 4219929
9.360412 4219929
9.361337 4219929
9.362262 4219929
9.363187 4229041
9.368630 4230113
9.370480 4231185
9.372329 4232257
9.374179 4233329
9.380547 4234401
9.382396 4235473
9.384246 4236545
9.386096 4237617
9.391539 4238689
9.393388 4239761
9.395238 4240833
9.397088 4241905
9.402531 4242977
9.404380 4244049
9.406230 4245121
9.408080 4246193
9.413523 4247265
9.415372 4248337
9.417222 4249409
9.419072 4250481
9.420921 4251553
9.425440 4252625
9.427289 4253697
9.429139 4254769
9.430988 4255841
9.432838 4256913
9.437356 4257985
9.439206 4259057
9.441056 4260129
9.442905 4261201
9.444755 4262273
9.448348 4263345
9.450198 4264417
9.452048 4265489
9.453897 4266561
9.455747 4267633
9.459340 4268705
9.461190 4269777
9.463040 4270849
9.464889 4271921
9.466739 4272993
9.468588 4274065
9.471257 4275137
9.473107 4276209
9.474956 4277281
9.476806 4278353
9.478656 4279425
9.480505 4280497
9.483174 4281569
9.485024 4282641
9.486873 4283713
9.488723 4284785
9.490572 4285857
9.492422 4286929
9.494272 4288001
9.496121 4289073
9.497971 4290145
9.499820 4291217
9.501670 4292289
9.503520 4293361
9.505369 4294433
9.507219 4295505
9.509068 4296577
9.510918 4297649
9.512768 4298721
9.514617 4299793
9.516467 4300865
9.518316 4301937
9.520166 4303009
9.522016 4304081
9.523865 4305153
9.525715 4306225
9.527564 4307297
9.529414 4308369
9.531264 4309441
9.533113 4310513
9.534963 4311585
9.536812 4312657
9.538662 4313729
9.540512 4314801
9.542361 4315873
9.544211 4316945
9.546060 4318017
9.547910 4319089
9.549760 4320161
9.551609 4321233
9.553459 4322305
9.555308 4323377
9.557158 4324449
9.559008 4325521
9.560857 4326593
9.562707 4327665
9.564556 4328737
9.566406 4329809
9.568256 4330881
9.570105 4331953
9.571955 4333025
9.573804 4334097
9.575654 4335169
9.577504 4336241
9.579353 4337313
9.581203 4338385
9.583052 4339457
9.584902 4340529
9.586752 4341601
9.588601 4342673
9.590451 4343745
9.592300 4344817
9.594150 4345889
9.596000 4346961
9.597849 4348033
9.599699 4349105
9.601548 4350177
9.603398 4351249
9.605248 4352321
9.607097 4353393
9.608947 4354465
9.609872 4354465
9.610796 4354465
9.611721 4354465
9.612646 4354465
9.613571 4354465
9.614496 4354465
9.615420 4354465
9.616345 4354465
9.617270 4354465
9.618195 4354465
9.619120 4354465
9.620044 4354465
9.620969 4354465
9.621894 4354465
9.622819 4354465
9.623744 4354465
9.624668 4363577
9.630112 4364649
9.631961 4365721
9.633811 4366793
9.635660 4367865
9.642028 4368937
9.643878 4370009
9.645728 4371081
9.647577 4372153
9.653020 4373225
9.654870 4374297
9.656720 4375369
9.658569 4376441
9.664012 4377513
9.665862 4378585
9.667712 4379657
9.669561 4380729
9.675004 4381801
9.676854 4382873
9.678704 4383945
9.680553 4385017
9.682403 4386089
9.686921 4387161
9.688771 4388233
9.690620 4389305
9.692470 4390377
9.694320 4391449
9.698838 4392521
9.700688 4393593
9.702537 4394665
9.704387 4395737
9.706236 4396809
9.709830 4397881
9.711680 4398953
9.713529 4400025
9.715379 4401097
9.717228 4402169
9.720822 4403241
9.722672 4404313
9.724521 4405385
9.726371 4406457
9.728220 4407529
9.730070 4408601
9.732739 4409673
9.734588 4410745
9.736438 4411817
9.738288 4412889
9.740137 4413961
9.741987 4415033
9.744656 4416105
9.746505 4417177
9.748355 4418249
9.750204 4419321
9.752054 4420393
9.753904 4421465
9.755753 4422537
9.757603 4423609
9.759452 4424681
9.761302 4425753
9.763152 4426825
9.765001 4427897
9.766851 4428969
9.768700 4430041
9.770550 4431113
9.772400 4432185
9.774249 4433257
9.776099 4434329
9.777948 4435401
9.779798 4436473
9.781648 4437545
9.783497 4438617
9.785347 4439689
9.787196 4440761
9.789046 4441833
9.790896 4442905
9.792745 4443977
9.794595 4445049
9.796444 4446121
9.798294 4447193
9.800144 4448265
9.801993 4449337
9.803843 4450409
9.805692 4451481
9.807542 4452553
9.809392 4453625
9.811241 4454697
9.813091 4455769
9.814940 4456841
9.816790 4457913
9.818640 4458985
9.820489 4460057
9.822339 4461129
9.824188 4462201
9.826038 4463273
9.827888 4464345
9.829737 4465417
9.831587 4466489
9.833436 4467561
9.835286 4468633
9.837136 4469705
9.838985 4470777
9.840835 4471849
9.842684 4472921
9.844534 4473993
9.847308 4474529
9.848233 4474529
9.849158 4474529
9.850083 4474529
9.851008 4474529
9.851932 4474529
9.852857 4474529
9.853782 4474529
9.854707 4474529
9.855632 4474529
9.856556 4474529
9.857481 4474529
9.858406 4474529
9.859331 4474529
9.860256 4474529
9.861180 4483105
9.867548 4484177
9.869398 4485249
9.871248 4486321
9.873097 4487393
9.879465 4488465
9.881315 4489537
9.883164 4490609
9.885014 4491681
9.891382 4492753
9.893232 4493825
9.895081 4494897
9.896931 4495969
9.902374 4497041
9.904224 4498113
9.906073 4499185
9.907923 4500257
9.913366 4501329
9.915216 4502401
9.917065 4503473
9.918915 4504545
9.924358 4505617
9.926208 4506689
9.928057 4507761
9.929907 4508833
9.931756 4509905
9.936275 4510977
9.938124 4512049
9.939974 4513121
9.941824 4514193
9.943673 4515265
9.948192 4516337
9.950041 4517409
9.951891 4518481
9.953740 4519553
9.955590 4520625
9.959184 4521697
9.961033 4522769
9.962883 4522769
9.963808 4522769
9.964732 4522769
9.965657 4522769
9.966582 4522769
9.967507 4522769
9.970176 4522769
9.971100 4522769
9.972025 4522769
9.972950 4522769
9.975724 4528665
9.982092 4529737
9.983942 4530809
9.993084 4531881
9.994934 4532953
9.996784 4534025
