1.010134 1
1.021193 537
1.033110 1609
1.045027 2681
1.056019 3753
1.057868 4825
1.067936 5897
1.069785 6969
1.078928 7505
1.079852 7505
1.080777 7505
1.081702 7505
1.082627 7505
1.089920 7505
1.090844 7505
1.092694 10721
1.101836 10721
1.103686 12865
1.112828 13937
1.115603 15009
1.124745 16081
1.127520 17153
1.135737 18225
1.138512 19297
1.146729 20369
1.149504 21441
1.157721 22513
1.159571 23585
1.161420 24657
1.169638 25729
1.171488 26801
1.173337 27873
1.181555 28945
1.183404 30017
1.185254 31089
1.192547 32161
1.194396 33233
1.196246 34305
1.203539 35377
1.205388 36449
1.207238 37521
1.214531 38593
1.216380 39665
1.218230 40737
1.220080 41809
1.226448 42881
1.228297 43953
1.230147 45025
1.231996 46097
1.238364 47169
1.240214 48241
1.242064 49313
1.243913 50385
1.249356 51457
1.251206 52529
1.253056 53601
1.254905 54673
1.260348 55745
1.262198 56817
1.264048 57889
1.265897 58961
1.267747 60033
1.272265 61105
1.274115 62177
1.275964 63249
1.277814 64321
1.279664 65393
1.284182 66465
1.286032 67537
1.287881 68609
1.289731 69681
1.291580 70753
1.296099 71825
1.297948 72897
1.299798 73969
1.301648 75041
1.303497 76113
1.307091 77185
1.308940 78257
1.310790 79329
1.312640 80401
1.314489 81473
1.318083 82545
1.319932 83617
1.321782 84689
1.323632 85761
1.325481 86833
1.327331 87905
1.330000 88977
1.331849 90049
1.333699 91121
1.335548 92193
1.337398 93265
1.339248 94337
1.341916 95409
1.343766 96481
1.345616 97553
1.347465 98625
1.349315 99697
1.351164 100769
1.353014 101841
1.354864 102913
1.356713 103985
1.358563 105057
1.360412 106129
1.362262 107201
1.364112 108273
1.365961 109345
1.367811 110417
1.369660 111489
1.371510 112561
1.373360 113633
1.375209 114169
1.376134 114169
1.377059 114169
1.377984 114169
1.378908 114169
1.379833 114169
1.380758 114169
1.381683 114169
1.382608 114169
1.383532 114169
1.384457 114169
1.385382 114169
1.386307 114169
1.388976 121673
1.394524 122745
1.396374 123817
1.399968 124889
1.405516 125961
1.407366 127033
1.410960 128105
1.416508 129177
1.418358 130249
1.421952 131321
1.427500 132393
1.429350 133465
1.431200 134537
1.433868 135609
1.439417 136681
1.441267 137753
1.443116 138825
1.445785 139897
1.451334 140969
1.453184 142041
1.455033 143113
1.456883 144185
1.462326 145257
1.464176 146329
1.466025 147401
1.467875 148473
1.473318 149545
1.475168 150617
1.477017 151689
1.478867 152761
1.480716 153833
1.485235 154905
1.487084 155977
1.488934 157049
1.490784 158121
1.492633 159193
1.497152 160265
1.499001 161337
1.500851 162409
1.502700 163481
1.504550 164553
1.509068 165625
1.510918 166697
1.512768 167769
1.514617 168841
1.516467 169913
1.520060 170985
1.521910 172057
1.523760 173129
1.525609 174201
1.527459 175273
1.531052 176345
1.532902 177417
1.534752 178489
1.536601 179561
1.538451 180633
1.540300 181705
1.542969 182777
1.544819 183849
1.546668 184921
1.548518 185993
1.550368 187065
1.552217 188137
1.554886 189209
1.556736 190281
1.558585 191353
1.560435 192425
1.562284 193497
1.564134 194569
1.565984 195641
1.567833 196713
1.569683 197785
1.571532 198857
1.573382 199929
1.575232 201001
1.577081 202073
1.578931 203145
1.580780 204217
1.582630 205289
1.584480 206361
1.586329 206897
1.587254 206897
1.588179 206897
1.589104 206897
1.590028 206897
1.590953 206897
1.591878 206897
1.592803 206897
1.593728 206897
1.594652 206897
1.595577 206897
1.596502 206897
1.597427 206897
1.600096 214401
1.605644 215473
1.607494 216545
1.611088 217617
1.616636 218689
1.618486 219761
1.622080 220833
1.627628 221905
1.629478 222977
1.633072 224049
1.638620 225121
1.640470 226193
1.642320 227265
1.644988 228337
1.650537 229409
1.652387 230481
1.654236 231553
1.656905 232625
1.662454 233697
1.664304 234769
1.666153 235841
1.668003 236913
1.673446 237985
1.675296 239057
1.677145 240129
1.678995 241201
1.684438 242273
1.686288 243345
1.688137 244417
1.689987 245489
1.691836 246561
1.696355 247633
1.698204 248705
1.700054 249777
1.701904 250849
1.703753 251921
1.708272 252993
1.710121 254065
1.711971 255137
1.713820 256209
1.715670 257281
1.720188 258353
1.722038 259425
1.723888 260497
1.725737 261569
1.727587 262641
1.731180 263713
1.733030 264785
1.734880 265857
1.736729 266929
1.738579 268001
1.742172 269073
1.744022 270145
1.745872 271217
1.747721 272289
1.749571 273361
1.751420 274433
1.754089 275505
1.755939 276577
1.757788 277649
1.759638 278721
1.761488 279793
1.763337 280865
1.766006 281937
1.767856 283009
1.769705 284081
1.771555 285153
1.773404 286225
1.775254 287297
1.777104 288369
1.778953 289441
1.780803 290513
1.782652 291585
1.784502 292657
1.786352 293729
1.788201 294801
1.790051 295873
1.791900 296945
1.793750 298017
1.795600 299089
1.797449 299625
1.798374 299625
1.799299 299625
1.800224 299625
1.801148 299625
1.802073 299625
1.802998 299625
1.803923 299625
1.804848 299625
1.805772 299625
1.806697 299625
1.807622 299625
1.808547 299625
1.811216 307129
1.816764 308201
1.818614 309273
1.822208 310345
1.827756 311417
1.829606 312489
1.833200 313561
1.838748 314633
1.840598 315705
1.844192 316777
1.849740 317849
1.851590 318921
1.853440 319993
1.856108 321065
1.861657 322137
1.863507 323209
1.865356 324281
1.868025 325353
1.873574 326425
1.875424 327497
1.877273 328569
1.879123 329641
1.884566 330713
1.886416 331785
1.888265 332857
1.890115 333929
1.895558 335001
1.897408 336073
1.899257 337145
1.901107 338217
1.902956 339289
1.907475 340361
1.909324 341433
1.911174 342505
1.913024 343577
1.914873 344649
1.919392 345721
1.921241 346793
1.923091 347865
1.924940 348937
1.926790 350009
1.931308 351081
1.933158 352153
1.935008 353225
1.936857 354297
1.938707 355369
1.942300 356441
1.944150 357513
1.946000 358585
1.947849 359657
1.949699 360729
1.953292 361801
1.955142 362873
1.956992 363945
1.958841 365017
1.960691 366089
1.962540 367161
1.965209 368233
1.967059 369305
1.968908 370377
1.970758 371449
1.972608 372521
1.974457 373593
1.977126 374665
1.978976 375737
1.980825 376809
1.982675 377881
1.984524 378953
1.986374 380025
1.988224 381097
1.990073 382169
1.991923 383241
1.993772 384313
1.995622 385385
1.997472 386457
1.999321 387529
2.001171 388601
2.003020 389673
2.004870 390745
2.006720 391817
2.008569 392353
2.009494 392353
2.010419 392353
2.011344 392353
2.012268 392353
2.013193 392353
2.014118 392353
2.015043 392353
2.015968 392353
2.016892 392353
2.017817 392353
2.018742 392353
2.019667 392353
2.022336 399857
2.027884 400929
2.029734 402001
2.033328 403073
2.038876 404145
2.040726 405217
2.044320 406289
2.049868 407361
2.051718 408433
2.055312 409505
2.060860 410577
2.062710 411649
2.064560 412721
2.067228 413793
2.072777 414865
2.074627 415937
2.076476 417009
2.079145 418081
2.084694 419153
2.086544 420225
2.088393 421297
2.090243 422369
2.095686 423441
2.097536 424513
2.099385 425585
2.101235 426657
2.106678 427729
2.108528 428801
2.110377 429873
2.112227 430945
2.114076 432017
2.118595 433089
2.120444 434161
2.122294 435233
2.124144 436305
2.125993 437377
2.130512 438449
2.132361 439521
2.134211 440593
2.136060 441665
2.137910 442737
2.142428 443809
2.144278 444881
2.146128 445953
2.147977 447025
2.149827 448097
2.153420 449169
2.155270 450241
2.157120 451313
2.158969 452385
2.160819 453457
2.164412 454529
2.166262 455601
2.168112 456673
2.169961 457745
2.171811 458817
2.173660 459889
2.176329 460961
2.178179 462033
2.180028 463105
2.181878 464177
2.183728 465249
2.185577 466321
2.188246 467393
2.190096 468465
2.191945 469537
2.193795 470609
2.195644 471681
2.197494 472753
2.199344 473825
2.201193 474897
2.203043 475969
2.204892 477041
2.206742 478113
2.208592 479185
2.210441 480257
2.212291 481329
2.214140 482401
2.215990 483473
2.217840 484545
2.219689 485081
2.220614 485081
2.221539 485081
2.222464 485081
2.223388 485081
2.224313 485081
2.225238 485081
2.226163 485081
2.227088 485081
2.228012 485081
2.228937 485081
2.229862 485081
2.230787 485081
2.233456 492585
2.239004 493657
2.240854 494729
2.244448 495801
2.249996 496873
2.251846 497945
2.255440 499017
2.260988 500089
2.262838 501161
2.266432 502233
2.271980 503305
2.273830 504377
2.275680 505449
2.278348 506521
2.283897 507593
2.285747 508665
2.287596 509737
2.290265 510809
2.295814 511881
2.297664 512953
2.299513 514025
2.301363 515097
2.306806 516169
2.308656 517241
2.310505 518313
2.312355 519385
2.317798 520457
2.319648 521529
2.321497 522601
2.323347 523673
2.325196 524745
2.329715 525817
2.331564 526889
2.333414 527961
2.335264 529033
2.337113 530105
2.341632 531177
2.343481 532249
2.345331 533321
2.347180 534393
2.349030 535465
2.353548 536537
2.355398 537609
2.357248 538681
2.359097 539753
2.360947 540825
2.364540 541897
2.366390 542969
2.368240 544041
2.370089 545113
2.371939 546185
2.375532 547257
2.377382 548329
2.379232 549401
2.381081 550473
2.382931 551545
2.384780 552617
2.387449 553689
2.389299 554761
2.391148 555833
2.392998 556905
2.394848 557977
2.396697 559049
2.399366 560121
2.401216 561193
2.403065 562265
2.404915 563337
2.406764 564409
2.408614 565481
2.410464 566553
2.412313 567625
2.414163 568697
2.416012 569769
2.417862 570841
2.419712 571913
2.421561 572985
2.423411 574057
2.425260 575129
2.427110 576201
2.428960 577273
2.430809 577809
2.431734 577809
2.432659 577809
2.433584 577809
2.434508 577809
2.435433 577809
2.436358 577809
2.437283 577809
2.438208 577809
2.439132 577809
2.440057 577809
2.440982 577809
2.441907 577809
2.444576 585313
2.450124 586385
2.451974 587457
2.455568 588529
2.461116 589601
2.462966 590673
2.466560 591745
2.472108 592817
2.473958 593889
2.477552 594961
2.483100 596033
2.484950 597105
2.486800 598177
2.489468 599249
2.495017 600321
2.496867 601393
2.498716 602465
2.501385 603537
2.506934 604609
2.508784 605681
2.510633 606753
2.512483 607825
2.517926 608897
2.519776 609969
2.521625 611041
2.523475 612113
2.528918 613185
2.530768 614257
2.532617 615329
2.534467 616401
2.536316 617473
2.540835 618545
2.542684 619617
2.544534 620689
2.546384 621761
2.548233 622833
2.552752 623905
2.554601 624977
2.556451 626049
2.558300 627121
2.560150 628193
2.564668 629265
2.566518 630337
2.568368 631409
2.570217 632481
2.572067 633553
2.575660 634625
2.577510 635697
2.579360 636769
2.581209 637841
2.583059 638913
2.586652 639985
2.588502 641057
2.590352 642129
2.592201 643201
2.594051 644273
2.595900 645345
2.598569 646417
2.600419 647489
2.602268 648561
2.604118 649633
2.605968 650705
2.607817 651777
2.610486 652849
2.612336 653921
2.614185 654993
2.616035 656065
2.617884 657137
2.619734 658209
2.621584 659281
2.623433 660353
2.625283 661425
2.627132 662497
2.628982 663569
2.630832 664641
2.632681 665713
2.634531 666785
2.636380 667857
2.638230 668929
2.640080 670001
2.641929 670537
2.642854 670537
2.643779 670537
2.644704 670537
2.645628 670537
2.646553 670537
2.647478 670537
2.648403 670537
2.649328 670537
2.650252 670537
2.651177 670537
2.652102 670537
2.653027 670537
2.655696 678041
2.661244 679113
2.663094 680185
2.666688 681257
2.672236 682329
2.674086 683401
2.677680 684473
2.683228 685545
2.685078 686617
2.688672 687689
2.694220 688761
2.696070 689833
2.697920 690905
2.700588 691977
2.706137 693049
2.707987 694121
2.709836 695193
2.712505 696265
2.718054 697337
2.719904 698409
2.721753 699481
2.723603 700553
2.729046 701625
2.730896 702697
2.732745 703769
2.734595 704841
2.740038 705913
2.741888 706985
2.743737 708057
2.745587 709129
2.747436 710201
2.751955 711273
2.753804 712345
2.755654 713417
2.757504 714489
2.759353 715561
2.763872 716633
2.765721 717705
2.767571 718777
2.769420 719849
2.771270 720921
2.775788 721993
2.777638 723065
2.779488 724137
2.781337 725209
2.783187 726281
2.786780 727353
2.788630 728425
2.790480 729497
2.792329 730569
2.794179 731641
2.797772 732713
2.799622 733785
2.801472 734857
2.803321 735929
2.805171 737001
2.807020 738073
2.809689 739145
2.811539 740217
2.813388 741289
2.815238 742361
2.817088 743433
2.818937 744505
2.821606 745577
2.823456 746649
2.825305 747721
2.827155 748793
2.829004 749865
2.830854 750937
2.832704 752009
2.834553 753081
2.836403 754153
2.838252 755225
2.840102 756297
2.841952 757369
2.843801 758441
2.845651 759513
2.847500 760585
2.849350 761657
2.851200 762729
2.853049 763265
2.853974 763265
2.854899 763265
2.855824 763265
2.856748 763265
2.857673 763265
2.858598 763265
2.859523 763265
2.860448 763265
2.861372 763265
2.862297 763265
2.863222 763265
2.864147 763265
2.866816 770769
2.872364 771841
2.874214 772913
2.877808 773985
2.883356 775057
2.885206 776129
2.888800 777201
2.894348 778273
2.896198 779345
2.899792 780417
2.905340 781489
2.907190 782561
2.909040 783633
2.911708 784705
2.917257 785777
2.919107 786849
2.920956 787921
2.923625 788993
2.929174 790065
2.931024 791137
2.932873 792209
2.934723 793281
2.940166 794353
2.942016 795425
2.943865 796497
2.945715 797569
2.951158 798641
2.953008 799713
2.954857 800785
2.956707 801857
2.958556 802929
2.963075 804001
2.964924 805073
2.966774 806145
2.968624 807217
2.970473 808289
2.974992 809361
2.976841 810433
2.978691 811505
2.980540 812577
2.982390 813649
2.986908 814721
2.988758 815793
2.990608 816865
2.992457 817937
2.994307 819009
2.997900 820081
2.999750 821153
3.001600 822225
3.003449 823297
3.005299 824369
3.008892 825441
3.010742 826513
3.012592 827585
3.014441 828657
3.016291 829729
3.018140 830801
3.020809 831873
3.022659 832945
3.024508 834017
3.026358 835089
3.028208 836161
3.030057 837233
3.032726 838305
3.034576 839377
3.036425 840449
3.038275 841521
3.040124 842593
3.041974 843665
3.043824 844737
3.045673 845809
3.047523 846881
3.049372 847953
3.051222 849025
3.053072 850097
3.054921 851169
3.056771 852241
3.058620 853313
3.060470 854385
3.062320 855457
3.064169 855993
3.065094 855993
3.066019 855993
3.066944 855993
3.067868 855993
3.068793 855993
3.069718 855993
3.070643 855993
3.071568 855993
3.072492 855993
3.073417 855993
3.074342 855993
3.075267 855993
3.077936 863497
3.083484 864569
3.085334 865641
3.088928 866713
3.094476 867785
3.096326 868857
3.099920 869929
3.105468 871001
3.107318 872073
3.110912 873145
3.116460 874217
3.118310 875289
3.120160 876361
3.122828 877433
3.128377 878505
3.130227 879577
3.132076 880649
3.134745 881721
3.140294 882793
3.142144 883865
3.143993 884937
3.145843 886009
3.151286 887081
3.153136 888153
3.154985 889225
3.156835 890297
3.162278 891369
3.164128 892441
3.165977 893513
3.167827 894585
3.169676 895657
3.174195 896729
3.176044 897801
3.177894 898873
3.179744 899945
3.181593 901017
3.186112 902089
3.187961 903161
3.189811 904233
3.191660 905305
3.193510 906377
3.198028 907449
3.199878 908521
3.201728 909593
3.203577 910665
3.205427 911737
3.209020 912809
3.210870 913881
3.212720 914953
3.214569 916025
3.216419 917097
3.220012 918169
3.221862 919241
3.223712 920313
3.225561 921385
3.227411 922457
3.229260 923529
3.231929 924601
3.233779 925673
3.235628 926745
3.237478 927817
3.239328 928889
3.241177 929961
3.243846 931033
3.245696 932105
3.247545 933177
3.249395 934249
3.251244 935321
3.253094 936393
3.254944 937465
3.256793 938537
3.258643 939609
3.260492 940681
3.262342 941753
3.264192 942825
3.266041 943897
3.267891 944969
3.269740 946041
3.271590 947113
3.273440 948185
3.275289 948721
3.276214 948721
3.277139 948721
3.278064 948721
3.278988 948721
3.279913 948721
3.280838 948721
3.281763 948721
3.282688 948721
3.283612 948721
3.284537 948721
3.285462 948721
3.286387 948721
3.289056 956225
3.294604 957297
3.296454 958369
3.300048 959441
3.305596 960513
3.307446 961585
3.311040 962657
3.316588 963729
3.318438 964801
3.322032 965873
3.327580 966945
3.329430 968017
3.331280 969089
3.333948 970161
3.339497 971233
3.341347 972305
3.343196 973377
3.345865 974449
3.351414 975521
3.353264 976593
3.355113 977665
3.356963 978737
3.362406 979809
3.364256 980881
3.366105 981953
3.367955 983025
3.373398 984097
3.375248 985169
3.377097 986241
3.378947 987313
3.380796 988385
3.385315 989457
3.387164 990529
3.389014 991601
3.390864 992673
3.392713 993745
3.397232 994817
3.399081 995889
3.400931 996961
3.402780 998033
3.404630 999105
3.409148 1000177
3.410998 1001249
3.412848 1002321
3.414697 1003393
3.416547 1004465
3.420140 1005537
3.421990 1006609
3.423840 1007681
3.425689 1008753
3.427539 1009825
3.431132 1010897
3.432982 1011969
3.434832 1013041
3.436681 1014113
3.438531 1015185
3.440380 1016257
3.443049 1017329
3.444899 1018401
3.446748 1019473
3.448598 1020545
3.450448 1021617
3.452297 1022689
3.454966 1023761
3.456816 1024833
3.458665 1025905
3.460515 1026977
3.462364 1028049
3.464214 1029121
3.466064 1030193
3.467913 1031265
3.469763 1032337
3.471612 1033409
3.473462 1034481
3.475312 1035553
3.477161 1036625
3.479011 1037697
3.480860 1038769
3.482710 1039841
3.484560 1040913
3.486409 1041449
3.487334 1041449
3.488259 1041449
3.489184 1041449
3.490108 1041449
3.491033 1041449
3.491958 1041449
3.492883 1041449
3.493808 1041449
3.494732 1041449
3.495657 1041449
3.496582 1041449
3.497507 1041449
3.500176 1048953
3.505724 1050025
3.507574 1051097
3.511168 1052169
3.516716 1053241
3.518566 1054313
3.522160 1055385
3.527708 1056457
3.529558 1057529
3.533152 1058601
3.538700 1059673
3.540550 1060745
3.542400 1061817
3.545068 1062889
3.550617 1063961
3.552467 1065033
3.554316 1066105
3.556985 1067177
3.562534 1068249
3.564384 1069321
3.566233 1070393
3.568083 1071465
3.573526 1072537
3.575376 1073609
3.577225 1074681
3.579075 1075753
3.584518 1076825
3.586368 1077897
3.588217 1078969
3.590067 1080041
3.591916 1081113
3.596435 1082185
3.598284 1083257
3.600134 1084329
3.601984 1085401
3.603833 1086473
3.608352 1087545
3.610201 1088617
3.612051 1089689
3.613900 1090761
3.615750 1091833
3.620268 1092905
3.622118 1092905
3.623043 1092905
3.623968 1092905
3.624892 1092905
3.625817 1092905
3.626742 1092905
3.627667 1092905
3.628592 1092905
3.631260 1092905
3.632185 1092905
3.634960 1098801
3.639584 1099873
3.643177 1100945
3.650576 1102017
3.654169 1103089
3.656019 1104161
3.662492 1105233
3.666086 1106305
3.667936 1107377
3.674409 1108449
3.678003 1109521
3.679852 1110593
3.686326 1111665
3.688995 1112737
3.690844 1113809
3.697318 1114881
3.699987 1115953
3.701836 1117025
3.708310 1118097
3.710979 1119169
3.712828 1120241
3.714678 1121313
3.720227 1122385
3.722896 1123457
3.724745 1124529
3.726595 1125601
3.732144 1126673
3.734812 1127745
3.736662 1128817
3.738512 1129889
3.743136 1130961
3.745804 1132033
3.747654 1133105
3.749504 1134177
3.754128 1135249
3.756796 1136321
3.758646 1137393
3.760496 1138465
3.765120 1139537
3.766969 1140609
3.768819 1141681
3.770668 1142753
3.772518 1143825
3.777036 1144897
3.778886 1145969
3.780736 1147041
3.782585 1148113
3.784435 1149185
3.788953 1150257
3.790803 1151329
3.792652 1152401
3.794502 1153473
3.796352 1154545
3.799945 1155617
3.801795 1156689
3.803644 1157761
3.805494 1158833
3.807344 1159905
3.810937 1160977
3.812787 1162049
3.814636 1163121
3.816486 1164193
3.818336 1165265
3.820185 1166337
3.822854 1167409
3.824704 1168481
3.826553 1169553
3.828403 1170625
3.830252 1171697
3.832102 1172769
3.834771 1173841
3.836620 1174913
3.838470 1175985
3.840320 1177057
3.842169 1178129
3.844019 1179201
3.845868 1180273
3.847718 1181345
3.849568 1182417
3.851417 1183489
3.853267 1184561
3.855116 1185633
3.856966 1186705
3.858816 1187777
3.860665 1188849
3.862515 1189921
3.864364 1190993
3.866214 1192065
3.868064 1193137
3.869913 1194209
3.871763 1194745
3.872688 1194745
3.873612 1194745
3.874537 1194745
3.875462 1194745
3.876387 1194745
3.877312 1194745
3.878236 1194745
3.879161 1194745
3.880086 1194745
3.881011 1194745
3.881936 1194745
3.882860 1194745
3.885529 1202249
3.891078 1203321
3.892928 1204393
3.896521 1205465
3.902070 1206537
3.903920 1207609
3.907513 1208681
3.913062 1209753
3.914912 1210825
3.918505 1211897
3.924054 1212969
3.925904 1214041
3.927753 1215113
3.930422 1216185
3.935971 1217257
3.937820 1218329
3.939670 1219401
3.942339 1220473
3.947888 1221545
3.949737 1222617
3.951587 1223689
3.953436 1224761
3.958880 1225833
3.960729 1226905
3.962579 1227977
3.964428 1229049
3.969872 1230121
3.971721 1231193
3.973571 1232265
3.975420 1233337
3.977270 1234409
3.981788 1235481
3.983638 1236553
3.985488 1237625
3.987337 1238697
3.989187 1239769
3.993705 1240841
3.995555 1241913
3.997404 1242985
3.999254 1244057
4.001104 1245129
4.005622 1246201
4.007472 1247273
4.009321 1248345
4.011171 1249417
4.013020 1250489
4.016614 1251561
4.018464 1252633
4.020313 1253705
4.022163 1254777
4.024012 1255849
4.027606 1256921
4.029456 1257993
4.031305 1259065
4.033155 1260137
4.035004 1261209
4.036854 1262281
4.039523 1263353
4.041372 1264425
4.043222 1265497
4.045072 1266569
4.046921 1267641
4.048771 1268713
4.051440 1269785
4.053289 1270857
4.055139 1271929
4.056988 1273001
4.058838 1274073
4.060688 1275145
4.062537 1276217
4.064387 1277289
4.066236 1278361
4.068086 1279433
4.069936 1280505
4.071785 1281577
4.073635 1282649
4.075484 1283721
4.077334 1284793
4.079184 1285865
4.081033 1286937
4.082883 1287473
4.083808 1287473
4.084732 1287473
4.085657 1287473
4.086582 1287473
4.087507 1287473
4.088432 1287473
4.089356 1287473
4.090281 1287473
4.091206 1287473
4.092131 1287473
4.093056 1287473
4.093980 1287473
4.096649 1294977
4.102198 1296049
4.104048 1297121
4.107641 1298193
4.113190 1299265
4.115040 1300337
4.118633 1301409
4.124182 1302481
4.126032 1303553
4.129625 1304625
4.135174 1305697
4.137024 1306769
4.138873 1307841
4.141542 1308913
4.147091 1309985
4.148940 1311057
4.150790 1312129
4.153459 1313201
4.159008 1314273
4.160857 1315345
4.162707 1316417
4.164556 1317489
4.170000 1318561
4.171849 1319633
4.173699 1320705
4.175548 1321777
4.180992 1322849
4.182841 1323921
4.184691 1324993
4.186540 1326065
4.188390 1327137
4.192908 1328209
4.194758 1329281
4.196608 1330353
4.198457 1331425
4.200307 1332497
4.204825 1333569
4.206675 1334641
4.208524 1335713
4.210374 1336785
4.212224 1337857
4.216742 1338929
4.218592 1340001
4.220441 1341073
4.222291 1342145
4.224140 1343217
4.227734 1344289
4.229584 1345361
4.231433 1346433
4.233283 1347505
4.235132 1348577
4.238726 1349649
4.240576 1350721
4.242425 1351793
4.244275 1352865
4.246124 1353937
4.247974 1355009
4.250643 1356081
4.252492 1357153
4.254342 1358225
4.256192 1359297
4.258041 1360369
4.259891 1361441
4.262560 1362513
4.264409 1363585
4.266259 1364657
4.268108 1365729
4.269958 1366801
4.271808 1367873
4.273657 1368945
4.275507 1370017
4.277356 1371089
4.279206 1372161
4.281056 1373233
4.282905 1374305
4.284755 1375377
4.286604 1376449
4.288454 1377521
4.290304 1378593
4.292153 1379665
4.294003 1380201
4.294928 1380201
4.295852 1380201
4.296777 1380201
4.297702 1380201
4.298627 1380201
4.299552 1380201
4.300476 1380201
4.301401 1380201
4.302326 1380201
4.303251 1380201
4.304176 1380201
4.305100 1380201
4.307769 1387705
4.313318 1388777
4.315168 1389849
4.318761 1390921
4.324310 1391993
4.326160 1393065
4.329753 1394137
4.335302 1395209
4.337152 1396281
4.340745 1397353
4.346294 1398425
4.348144 1399497
4.349993 1400569
4.352662 1401641
4.358211 1402713
4.360060 1403785
4.361910 1404857
4.364579 1405929
4.370128 1407001
4.371977 1408073
4.373827 1409145
4.375676 1410217
4.381120 1411289
4.382969 1412361
4.384819 1413433
4.386668 1414505
4.392112 1415577
4.393961 1416649
4.395811 1417721
4.397660 1418793
4.399510 1419865
4.404028 1420937
4.405878 1422009
4.407728 1423081
4.409577 1424153
4.411427 1425225
4.415945 1426297
4.417795 1427369
4.419644 1428441
4.421494 1429513
4.423344 1430585
4.427862 1431657
4.429712 1432729
4.431561 1433801
4.433411 1434873
4.435260 1435945
4.438854 1437017
4.440704 1438089
4.442553 1439161
4.444403 1440233
4.446252 1441305
4.449846 1442377
4.451696 1443449
4.453545 1444521
4.455395 1445593
4.457244 1446665
4.459094 1447737
4.461763 1448809
4.463612 1449881
4.465462 1450953
4.467312 1452025
4.469161 1453097
4.471011 1454169
4.473680 1455241
4.475529 1456313
4.477379 1457385
4.479228 1458457
4.481078 1459529
4.482928 1460601
4.484777 1461673
4.486627 1462745
4.488476 1463817
4.490326 1464889
4.492176 1465961
4.494025 1467033
4.495875 1468105
4.497724 1469177
4.499574 1470249
4.501424 1471321
4.503273 1472393
4.505123 1472929
4.506048 1472929
4.506972 1472929
4.507897 1472929
4.508822 1472929
4.509747 1472929
4.510672 1472929
4.511596 1472929
4.512521 1472929
4.513446 1472929
4.514371 1472929
4.515296 1472929
4.516220 1472929
4.518889 1480433
4.524438 1481505
4.526288 1482577
4.529881 1483649
4.535430 1484721
4.537280 1485793
4.540873 1486865
4.546422 1487937
4.548272 1489009
4.551865 1490081
4.557414 1491153
4.559264 1492225
4.561113 1493297
4.563782 1494369
4.569331 1495441
4.571180 1496513
4.573030 1497585
4.575699 1498657
4.581248 1499729
4.583097 1500801
4.584947 1501873
4.586796 1502945
4.592240 1504017
4.594089 1505089
4.595939 1506161
4.597788 1507233
4.603232 1508305
4.605081 1509377
4.606931 1510449
4.608780 1511521
4.610630 1512593
4.615148 1513665
4.616998 1514737
4.618848 1515809
4.620697 1516881
4.622547 1517953
4.627065 1519025
4.628915 1520097
4.630764 1521169
4.632614 1522241
4.634464 1523313
4.638982 1524385
4.640832 1525457
4.642681 1526529
4.644531 1527601
4.646380 1528673
4.649974 1529745
4.651824 1530817
4.653673 1531889
4.655523 1532961
4.657372 1534033
4.660966 1535105
4.662816 1536177
4.664665 1537249
4.666515 1538321
4.668364 1539393
4.670214 1540465
4.672883 1541537
4.674732 1542609
4.676582 1543681
4.678432 1544753
4.680281 1545825
4.682131 1546897
4.684800 1547969
4.686649 1549041
4.688499 1550113
4.690348 1551185
4.692198 1552257
4.694048 1553329
4.695897 1554401
4.697747 1555473
4.699596 1556545
4.701446 1557617
4.703296 1558689
4.705145 1559761
4.706995 1560833
4.708844 1561905
4.710694 1562977
4.712544 1564049
4.714393 1565121
4.716243 1565657
4.717168 1565657
4.718092 1565657
4.719017 1565657
4.719942 1565657
4.720867 1565657
4.721792 1565657
4.722716 1565657
4.723641 1565657
4.724566 1565657
4.725491 1565657
4.726416 1565657
4.727340 1565657
4.730009 1573161
4.735558 1574233
4.737408 1575305
4.741001 1576377
4.746550 1577449
4.748400 1578521
4.751993 1579593
4.757542 1580665
4.759392 1581737
4.762985 1582809
4.768534 1583881
4.770384 1584953
4.772233 1586025
4.774902 1587097
4.780451 1588169
4.782300 1589241
4.784150 1590313
4.786819 1591385
4.792368 1592457
4.794217 1593529
4.796067 1594601
4.797916 1595673
4.803360 1596745
4.805209 1597817
4.807059 1598889
4.808908 1599961
4.814352 1601033
4.816201 1602105
4.818051 1603177
4.819900 1604249
4.821750 1605321
4.826268 1606393
4.828118 1607465
4.829968 1608537
4.831817 1609609
4.833667 1610681
4.838185 1611753
4.840035 1612825
4.841884 1613897
4.843734 1614969
4.845584 1616041
4.850102 1617113
4.851952 1618185
4.853801 1619257
4.855651 1620329
4.857500 1621401
4.861094 1622473
4.862944 1623545
4.864793 1624617
4.866643 1625689
4.868492 1626761
4.872086 1627833
4.873936 1628905
4.875785 1629977
4.877635 1631049
4.879484 1632121
4.881334 1633193
4.884003 1634265
4.885852 1635337
4.887702 1636409
4.889552 1637481
4.891401 1638553
4.893251 1639625
4.895920 1640697
4.897769 1641769
4.899619 1642841
4.901468 1643913
4.903318 1644985
4.905168 1646057
4.907017 1647129
4.908867 1648201
4.910716 1649273
4.912566 1650345
4.914416 1651417
4.916265 1652489
4.918115 1653561
4.919964 1654633
4.921814 1655705
4.923664 1656777
4.925513 1657849
4.927363 1658385
4.928288 1658385
4.929212 1658385
4.930137 1658385
4.931062 1658385
4.931987 1658385
4.932912 1658385
4.933836 1658385
4.934761 1658385
4.935686 1658385
4.936611 1658385
4.937536 1658385
4.938460 1658385
4.941129 1665889
4.946678 1666961
4.948528 1668033
4.952121 1669105
4.957670 1670177
4.959520 1671249
4.963113 1672321
4.968662 1673393
4.970512 1674465
4.974105 1675537
4.979654 1676609
4.981504 1677681
4.983353 1678753
4.986022 1679825
4.991571 1680897
4.993420 1681969
4.995270 1683041
4.997939 1684113
5.003488 1685185
5.005337 1686257
5.007187 1687329
5.009036 1688401
5.014480 1689473
5.016329 1690545
5.018179 1691617
5.020028 1692689
5.025472 1693761
5.027321 1694833
5.029171 1695905
5.031020 1696977
5.032870 1698049
5.037388 1699121
5.039238 1700193
5.041088 1701265
5.042937 1702337
5.044787 1703409
5.049305 1704481
5.051155 1705553
5.053004 1706625
5.054854 1707697
5.056704 1708769
5.061222 1709841
5.063072 1710913
5.064921 1711985
5.066771 1713057
5.068620 1714129
5.072214 1715201
5.074064 1716273
5.075913 1717345
5.077763 1718417
5.079612 1719489
5.083206 1720561
5.085056 1721633
5.086905 1722705
5.088755 1723777
5.090604 1724849
5.092454 1725921
5.095123 1726993
5.096972 1728065
5.098822 1729137
5.100672 1730209
5.102521 1731281
5.104371 1732353
5.107040 1733425
5.108889 1734497
5.110739 1735569
5.112588 1736641
5.114438 1737713
5.116288 1738785
5.118137 1739857
5.119987 1740929
5.121836 1742001
5.123686 1743073
5.125536 1744145
5.127385 1745217
5.129235 1746289
5.131084 1747361
5.132934 1748433
5.134784 1749505
5.136633 1750577
5.138483 1751113
5.139408 1751113
5.140332 1751113
5.141257 1751113
5.142182 1751113
5.143107 1751113
5.144032 1751113
5.144956 1751113
5.145881 1751113
5.146806 1751113
5.147731 1751113
5.148656 1751113
5.149580 1751113
5.152249 1758617
5.157798 1759689
5.159648 1760761
5.163241 1761833
5.168790 1762905
5.170640 1763977
5.174233 1765049
5.179782 1766121
5.181632 1767193
5.185225 1768265
5.190774 1769337
5.192624 1770409
5.194473 1771481
5.197142 1772553
5.202691 1773625
5.204540 1774697
5.206390 1775769
5.209059 1776841
5.214608 1777913
5.216457 1778985
5.218307 1780057
5.220156 1781129
5.225600 1782201
5.227449 1783273
5.229299 1784345
5.231148 1785417
5.236592 1786489
5.238441 1787561
5.240291 1788633
5.242140 1789705
5.243990 1790777
5.248508 1791849
5.250358 1792921
5.252208 1793993
5.254057 1795065
5.255907 1796137
5.260425 1797209
5.262275 1798281
5.264124 1799353
5.265974 1800425
5.267824 1801497
5.272342 1802569
5.274192 1803641
5.276041 1804713
5.277891 1805785
5.279740 1806857
5.283334 1807929
5.285184 1809001
5.287033 1810073
5.288883 1811145
5.290732 1812217
5.294326 1813289
5.296176 1814361
5.298025 1815433
5.299875 1816505
5.301724 1817577
5.303574 1818649
5.306243 1819721
5.308092 1820793
5.309942 1821865
5.311792 1822937
5.313641 1824009
5.315491 1825081
5.318160 1826153
5.320009 1827225
5.321859 1828297
5.323708 1829369
5.325558 1830441
5.327408 1831513
5.329257 1832585
5.331107 1833657
5.332956 1834729
5.334806 1835801
5.336656 1836873
5.338505 1837945
5.340355 1839017
5.342204 1840089
5.344054 1841161
5.345904 1842233
5.347753 1843305
5.349603 1843841
5.350528 1843841
5.351452 1843841
5.352377 1843841
5.353302 1843841
5.354227 1843841
5.355152 1843841
5.356076 1843841
5.357001 1843841
5.357926 1843841
5.358851 1843841
5.359776 1843841
5.360700 1843841
5.363369 1851345
5.368918 1852417
5.370768 1853489
5.374361 1854561
5.379910 1855633
5.381760 1856705
5.385353 1857777
5.390902 1858849
5.392752 1859921
5.396345 1860993
5.401894 1862065
5.403744 1863137
5.405593 1864209
5.408262 1865281
5.413811 1866353
5.415660 1867425
5.417510 1868497
5.420179 1869569
5.425728 1870641
5.427577 1871713
5.429427 1872785
5.431276 1873857
5.436720 1874929
5.438569 1876001
5.440419 1877073
5.442268 1878145
5.447712 1879217
5.449561 1880289
5.451411 1881361
5.453260 1882433
5.455110 1883505
5.459628 1884577
5.461478 1885649
5.463328 1886721
5.465177 1887793
5.467027 1888865
5.471545 1889937
5.473395 1891009
5.475244 1892081
5.477094 1893153
5.478944 1894225
5.483462 1895297
5.485312 1896369
5.487161 1897441
5.489011 1898513
5.490860 1899585
5.494454 1900657
5.496304 1901729
5.498153 1902801
5.500003 1903873
5.501852 1904945
5.505446 1906017
5.507296 1907089
5.509145 1908161
5.510995 1909233
5.512844 1910305
5.514694 1911377
5.517363 1912449
5.519212 1913521
5.521062 1914593
5.522912 1915665
5.524761 1916737
5.526611 1917809
5.529280 1918881
5.531129 1919953
5.532979 1921025
5.534828 1922097
5.536678 1923169
5.538528 1924241
5.540377 1925313
5.542227 1926385
5.544076 1927457
5.545926 1928529
5.547776 1929601
5.549625 1930673
5.551475 1931745
5.553324 1932817
5.555174 1933889
5.557024 1934961
5.558873 1936033
5.560723 1936569
5.561648 1936569
5.562572 1936569
5.563497 1936569
5.564422 1936569
5.565347 1936569
5.566272 1936569
5.567196 1936569
5.568121 1936569
5.569046 1936569
5.569971 1936569
5.570896 1936569
5.571820 1936569
5.574489 1944073
5.580038 1945145
5.581888 1946217
5.585481 1947289
5.591030 1948361
5.592880 1949433
5.596473 1950505
5.602022 1951577
5.603872 1952649
5.607465 1953721
5.613014 1954793
5.614864 1955865
5.616713 1956937
5.619382 1958009
5.624931 1959081
5.626780 1960153
5.628630 1961225
5.631299 1962297
5.636848 1963369
5.638697 1964441
5.640547 1965513
5.642396 1966585
5.647840 1967657
5.649689 1968729
5.651539 1969801
5.653388 1970873
5.658832 1971945
5.660681 1973017
5.662531 1974089
5.664380 1975161
5.666230 1976233
5.670748 1977305
5.672598 1978377
5.674448 1979449
5.676297 1980521
5.678147 1981593
5.682665 1982665
5.684515 1983737
5.686364 1984809
5.688214 1985881
5.690064 1986953
5.694582 1988025
5.696432 1989097
5.698281 1990169
5.700131 1991241
5.701980 1992313
5.705574 1993385
5.707424 1994457
5.709273 1995529
5.711123 1996601
5.712972 1997673
5.716566 1998745
5.718416 1999817
5.720265 2000889
5.722115 2001961
5.723964 2003033
5.725814 2004105
5.728483 2005177
5.730332 2006249
5.732182 2007321
5.734032 2008393
5.735881 2009465
5.737731 2010537
5.740400 2011609
5.742249 2012681
5.744099 2013753
5.745948 2014825
5.747798 2015897
5.749648 2016969
5.751497 2018041
5.753347 2019113
5.755196 2020185
5.757046 2021257
5.758896 2022329
5.760745 2023401
5.762595 2024473
5.764444 2025545
5.766294 2026617
5.768144 2027689
5.769993 2028761
5.771843 2029297
5.772768 2029297
5.773692 2029297
5.774617 2029297
5.775542 2029297
5.776467 2029297
5.777392 2029297
5.778316 2029297
5.779241 2029297
5.780166 2029297
5.781091 2029297
5.782016 2029297
5.782940 2029297
5.785609 2036801
5.791158 2037873
5.793008 2038945
5.796601 2040017
5.802150 2041089
5.804000 2042161
5.807593 2043233
5.813142 2044305
5.814992 2045377
5.818585 2046449
5.824134 2047521
5.825984 2048593
5.827833 2049665
5.830502 2050737
5.836051 2051809
5.837900 2052881
5.839750 2053953
5.842419 2055025
5.847968 2056097
5.849817 2057169
5.851667 2058241
5.853516 2059313
5.858960 2060385
5.860809 2061457
5.862659 2062529
5.864508 2063601
5.869952 2064673
5.871801 2065745
5.873651 2066817
5.875500 2067889
5.877350 2068961
5.881868 2070033
5.883718 2071105
5.885568 2072177
5.887417 2073249
5.889267 2074321
5.893785 2075393
5.895635 2076465
5.897484 2077537
5.899334 2078609
5.901184 2079681
5.905702 2080753
5.907552 2081825
5.909401 2082897
5.911251 2083969
5.913100 2085041
5.916694 2086113
5.918544 2087185
5.920393 2088257
5.922243 2089329
5.924092 2090401
5.927686 2091473
5.929536 2092545
5.931385 2093617
5.933235 2094689
5.935084 2095761
5.936934 2096833
5.939603 2097905
5.941452 2098977
5.943302 2100049
5.945152 2101121
5.947001 2102193
5.948851 2103265
5.951520 2104337
5.953369 2105409
5.955219 2106481
5.957068 2107553
5.958918 2108625
5.960768 2109697
5.962617 2110769
5.964467 2111841
5.966316 2112913
5.968166 2113985
5.970016 2115057
5.971865 2116129
5.973715 2117201
5.975564 2118273
5.977414 2119345
5.979264 2120417
5.981113 2121489
5.982963 2122025
5.983888 2122025
5.984812 2122025
5.985737 2122025
5.986662 2122025
5.987587 2122025
5.988512 2122025
5.989436 2122025
5.990361 2122025
5.991286 2122025
5.992211 2122025
5.993136 2122025
5.994060 2122025
5.996729 2129529
6.002278 2130601
6.004128 2131673
6.007721 2132745
6.013270 2133817
6.015120 2134889
6.018713 2135961
6.024262 2137033
6.026112 2138105
6.029705 2139177
6.035254 2140249
6.037104 2141321
6.038953 2142393
6.041622 2143465
6.047171 2144537
6.049020 2145609
6.050870 2146681
6.053539 2147753
6.059088 2148825
6.060937 2149897
6.062787 2150969
6.064636 2152041
6.070080 2153113
6.071929 2154185
6.073779 2155257
6.075628 2156329
6.081072 2157401
6.082921 2158473
6.084771 2159545
6.086620 2160617
6.088470 2161689
6.092988 2162761
6.094838 2163833
6.096688 2164905
6.098537 2165977
6.100387 2167049
6.104905 2168121
6.106755 2169193
6.108604 2170265
6.110454 2171337
6.112304 2172409
6.116822 2173481
6.118672 2174553
6.120521 2175625
6.122371 2176697
6.124220 2177769
6.127814 2178841
6.129664 2179913
6.131513 2180985
6.133363 2182057
6.135212 2183129
6.138806 2184201
6.140656 2185273
6.142505 2186345
6.144355 2187417
6.146204 2188489
6.148054 2189561
6.150723 2190633
6.152572 2191705
6.154422 2192777
6.156272 2193849
6.158121 2194921
6.159971 2195993
6.162640 2197065
6.164489 2198137
6.166339 2199209
6.168188 2200281
6.170038 2201353
6.171888 2202425
6.173737 2203497
6.175587 2204569
6.177436 2205641
6.179286 2206713
6.181136 2207785
6.182985 2208857
6.184835 2209929
6.186684 2211001
6.188534 2212073
6.190384 2213145
6.192233 2214217
6.194083 2214753
6.195008 2214753
6.195932 2214753
6.196857 2214753
6.197782 2214753
6.198707 2214753
6.199632 2214753
6.200556 2214753
6.201481 2214753
6.202406 2214753
6.203331 2214753
6.204256 2214753
6.205180 2214753
6.207849 2222257
6.213398 2223329
6.215248 2224401
6.218841 2225473
6.224390 2226545
6.226240 2227617
6.229833 2228689
6.235382 2229761
6.237232 2230833
6.240825 2231905
6.246374 2232977
6.248224 2234049
6.250073 2235121
6.252742 2236193
6.258291 2237265
6.260140 2238337
6.261990 2239409
6.264659 2240481
6.270208 2241553
6.272057 2242625
6.273907 2243697
6.275756 2244769
6.281200 2245841
6.283049 2246913
6.284899 2247985
6.286748 2249057
6.292192 2250129
6.294041 2251201
6.295891 2252273
6.297740 2253345
6.299590 2254417
6.304108 2255489
6.305958 2256561
6.307808 2257633
6.309657 2258705
6.311507 2259777
6.316025 2260849
6.317875 2261921
6.319724 2262993
6.321574 2264065
6.323424 2265137
6.327942 2266209
6.329792 2267281
6.331641 2268353
6.333491 2269425
6.335340 2270497
6.338934 2271569
6.340784 2272641
6.342633 2273713
6.344483 2274785
6.346332 2275857
6.349926 2276929
6.351776 2278001
6.353625 2279073
6.355475 2280145
6.357324 2281217
6.359174 2282289
6.361843 2283361
6.363692 2284433
6.365542 2285505
6.367392 2286577
6.369241 2287649
6.371091 2288721
6.373760 2289793
6.375609 2290865
6.377459 2291937
6.379308 2293009
6.381158 2294081
6.383008 2295153
6.384857 2296225
6.386707 2297297
6.388556 2298369
6.390406 2299441
6.392256 2300513
6.394105 2301585
6.395955 2302657
6.397804 2303729
6.399654 2304801
6.401504 2305873
6.403353 2306945
6.405203 2307481
6.406128 2307481
6.407052 2307481
6.407977 2307481
6.408902 2307481
6.409827 2307481
6.410752 2307481
6.411676 2307481
6.412601 2307481
6.413526 2307481
6.414451 2307481
6.415376 2307481
6.416300 2307481
6.418969 2314985
6.424518 2316057
6.426368 2317129
6.429961 2318201
6.435510 2319273
6.437360 2320345
6.440953 2321417
6.446502 2322489
6.448352 2323561
6.451945 2324633
6.457494 2325705
6.459344 2326777
6.461193 2327849
6.463862 2328921
6.469411 2329993
6.471260 2331065
6.473110 2332137
6.475779 2333209
6.481328 2334281
6.483177 2335353
6.485027 2336425
6.486876 2337497
6.492320 2338569
6.494169 2339641
6.496019 2340713
6.497868 2341785
6.503312 2342857
6.505161 2343929
6.507011 2345001
6.508860 2346073
6.510710 2347145
6.515228 2348217
6.517078 2349289
6.518928 2350361
6.520777 2351433
6.522627 2352505
6.527145 2353577
6.528995 2354649
6.530844 2355721
6.532694 2356793
6.534544 2357865
6.539062 2358937
6.540912 2360009
6.542761 2361081
6.544611 2362153
6.546460 2363225
6.550054 2364297
6.551904 2365369
6.553753 2366441
6.555603 2367513
6.557452 2368585
6.561046 2369657
6.562896 2370729
6.564745 2371801
6.566595 2372873
6.568444 2373945
6.570294 2375017
6.572963 2376089
6.574812 2377161
6.576662 2378233
6.578512 2379305
6.580361 2380377
6.582211 2381449
6.584880 2382521
6.586729 2383593
6.588579 2384665
6.590428 2385737
6.592278 2386809
6.594128 2387881
6.595977 2388953
6.597827 2390025
6.599676 2391097
6.601526 2392169
6.603376 2393241
6.605225 2394313
6.607075 2395385
6.608924 2396457
6.610774 2397529
6.612624 2398601
6.614473 2399673
6.616323 2400209
6.617248 2400209
6.618172 2400209
6.619097 2400209
6.620022 2400209
6.620947 2400209
6.621872 2400209
6.622796 2400209
6.623721 2400209
6.624646 2400209
6.625571 2400209
6.626496 2400209
6.627420 2400209
6.630089 2407713
6.635638 2408785
6.637488 2409857
6.641081 2410929
6.646630 2412001
6.648480 2413073
6.652073 2414145
6.657622 2415217
6.659472 2416289
6.663065 2417361
6.668614 2418433
6.670464 2419505
6.672313 2420577
6.674982 2421649
6.680531 2422721
6.682380 2423793
6.684230 2424865
6.686899 2425937
6.692448 2427009
6.694297 2428081
6.696147 2429153
6.697996 2430225
6.703440 2431297
6.705289 2432369
6.707139 2433441
6.708988 2434513
6.714432 2435585
6.716281 2436657
6.718131 2437729
6.719980 2438801
6.721830 2439873
6.726348 2440945
6.728198 2442017
6.730048 2443089
6.731897 2444161
6.733747 2445233
6.738265 2446305
6.740115 2447377
6.741964 2448449
6.743814 2449521
6.745664 2450593
6.750182 2451665
6.752032 2452737
6.753881 2453809
6.755731 2454881
6.757580 2455953
6.761174 2457025
6.763024 2458097
6.764873 2459169
6.766723 2460241
6.768572 2461313
6.772166 2462385
6.774016 2463457
6.775865 2464529
6.777715 2465601
6.779564 2466673
6.781414 2467745
6.784083 2468817
6.785932 2469889
6.787782 2470961
6.789632 2472033
6.791481 2473105
6.793331 2474177
6.796000 2475249
6.797849 2476321
6.799699 2477393
6.801548 2478465
6.803398 2479537
6.805248 2480609
6.807097 2481681
6.808947 2482753
6.810796 2483825
6.812646 2484897
6.814496 2485969
6.816345 2487041
6.818195 2488113
6.820044 2489185
6.821894 2490257
6.823744 2491329
6.825593 2492401
6.827443 2492937
6.828368 2492937
6.829292 2492937
6.830217 2492937
6.831142 2492937
6.832067 2492937
6.832992 2492937
6.833916 2492937
6.834841 2492937
6.835766 2492937
6.836691 2492937
6.837616 2492937
6.838540 2492937
6.841209 2500441
6.846758 2501513
6.848608 2502585
6.852201 2503657
6.857750 2504729
6.859600 2505801
6.863193 2506873
6.868742 2507945
6.870592 2509017
6.874185 2510089
6.879734 2511161
6.881584 2512233
6.883433 2513305
6.886102 2514377
6.891651 2515449
6.893500 2516521
6.895350 2517593
6.898019 2518665
6.903568 2519737
6.905417 2520809
6.907267 2521881
6.909116 2522953
6.914560 2524025
6.916409 2525097
6.918259 2526169
6.920108 2527241
6.925552 2528313
6.927401 2529385
6.929251 2530457
6.931100 2531529
6.932950 2532601
6.937468 2533673
6.939318 2534745
6.941168 2535817
6.943017 2536889
6.944867 2537961
6.949385 2539033
6.951235 2540105
6.953084 2541177
6.954934 2542249
6.956784 2543321
6.961302 2544393
6.963152 2545465
6.965001 2546537
6.966851 2547609
6.968700 2548681
6.972294 2549753
6.974144 2550825
6.975993 2551897
6.977843 2552969
6.979692 2554041
6.983286 2555113
6.985136 2556185
6.986985 2557257
6.988835 2558329
6.990684 2559401
6.992534 2560473
6.995203 2561545
6.997052 2562617
6.998902 2563689
7.000752 2564761
7.002601 2565833
7.004451 2566905
7.007120 2567977
7.008969 2569049
7.010819 2570121
7.012668 2571193
7.014518 2572265
7.016368 2573337
7.018217 2574409
7.020067 2575481
7.021916 2576553
7.023766 2577625
7.025616 2578697
7.027465 2579769
7.029315 2580841
7.031164 2581913
7.033014 2582985
7.034864 2584057
7.036713 2585129
7.038563 2585665
7.039488 2585665
7.040412 2585665
7.041337 2585665
7.042262 2585665
7.043187 2585665
7.044112 2585665
7.045036 2585665
7.045961 2585665
7.046886 2585665
7.047811 2585665
7.048736 2585665
7.049660 2585665
7.052329 2593169
7.057878 2594241
7.059728 2595313
7.063321 2596385
7.068870 2597457
7.070720 2598529
7.074313 2599601
7.079862 2600673
7.081712 2601745
7.085305 2602817
7.090854 2603889
7.092704 2604961
7.094553 2606033
7.097222 2607105
7.102771 2608177
7.104620 2609249
7.106470 2610321
7.109139 2611393
7.114688 2612465
7.116537 2613537
7.118387 2614609
7.120236 2615681
7.125680 2616753
7.127529 2617825
7.129379 2618897
7.131228 2619969
7.136672 2621041
7.138521 2622113
7.140371 2623185
7.142220 2624257
7.144070 2625329
7.148588 2626401
7.150438 2627473
7.152288 2628545
7.154137 2629617
7.155987 2630689
7.160505 2631761
7.162355 2632833
7.164204 2633905
7.166054 2634977
7.167904 2636049
7.172422 2637121
7.174272 2638193
7.176121 2639265
7.177971 2640337
7.179820 2641409
7.183414 2642481
7.185264 2643553
7.187113 2644625
7.188963 2645697
7.190812 2646769
7.194406 2647841
7.196256 2648913
7.198105 2649985
7.199955 2651057
7.201804 2652129
7.203654 2653201
7.206323 2654273
7.208172 2655345
7.210022 2656417
7.211872 2657489
7.213721 2658561
7.215571 2659633
7.218240 2660705
7.220089 2661777
7.221939 2662849
7.223788 2663921
7.225638 2664993
7.227488 2666065
7.229337 2667137
7.231187 2668209
7.233036 2669281
7.234886 2670353
7.236736 2671425
7.238585 2672497
7.240435 2673569
7.242284 2674641
7.244134 2675713
7.245984 2676785
7.247833 2677857
7.249683 2678393
7.250608 2678393
7.251532 2678393
7.252457 2678393
7.253382 2678393
7.254307 2678393
7.255232 2678393
7.256156 2678393
7.257081 2678393
7.258006 2678393
7.258931 2678393
7.259856 2678393
7.260780 2678393
7.263449 2685897
7.268998 2686969
7.270848 2688041
7.274441 2689113
7.279990 2690185
7.281840 2691257
7.285433 2692329
7.290982 2693401
7.292832 2694473
7.296425 2695545
7.301974 2696617
7.303824 2697689
7.305673 2698761
7.308342 2699833
7.313891 2700905
7.315740 2701977
7.317590 2703049
7.320259 2704121
7.325808 2705193
7.327657 2706265
7.329507 2707337
7.331356 2708409
7.336800 2709481
7.338649 2710553
7.340499 2711625
7.342348 2712697
7.347792 2713769
7.349641 2714841
7.351491 2715913
7.353340 2716985
7.355190 2718057
7.359708 2719129
7.361558 2720201
7.363408 2721273
7.365257 2722345
7.367107 2723417
7.371625 2724489
7.373475 2725561
7.375324 2726633
7.377174 2727705
7.379024 2728777
7.383542 2729849
7.385392 2730921
7.387241 2731993
7.389091 2733065
7.390940 2734137
7.394534 2735209
7.396384 2736281
7.398233 2737353
7.400083 2738425
7.401932 2739497
7.405526 2740569
7.407376 2741641
7.409225 2742713
7.411075 2743785
7.412924 2744857
7.414774 2745929
7.417443 2747001
7.419292 2748073
7.421142 2749145
7.422992 2750217
7.424841 2751289
7.426691 2752361
7.429360 2753433
7.431209 2754505
7.433059 2755577
7.434908 2756649
7.436758 2757721
7.438608 2758793
7.440457 2759865
7.442307 2760937
7.444156 2762009
7.446006 2763081
7.447856 2764153
7.449705 2765225
7.451555 2766297
7.453404 2767369
7.455254 2768441
7.457104 2769513
7.458953 2770585
7.460803 2771121
7.461728 2771121
7.462652 2771121
7.463577 2771121
7.464502 2771121
7.465427 2771121
7.466352 2771121
7.467276 2771121
7.468201 2771121
7.469126 2771121
7.470051 2771121
7.470976 2771121
7.471900 2771121
7.474569 2778625
7.480118 2779697
7.481968 2780769
7.485561 2781841
7.491110 2782913
7.492960 2783985
7.496553 2785057
7.502102 2786129
7.503952 2787201
7.507545 2788273
7.513094 2789345
7.514944 2790417
7.516793 2791489
7.519462 2792561
7.525011 2793633
7.526860 2794705
7.528710 2795777
7.531379 2796849
7.536928 2797921
7.538777 2798993
7.540627 2800065
7.542476 2801137
7.547920 2802209
7.549769 2803281
7.551619 2804353
7.553468 2805425
7.558912 2806497
7.560761 2807569
7.562611 2808641
7.564460 2809713
7.566310 2810785
7.570828 2811857
7.572678 2812929
7.574528 2814001
7.576377 2815073
7.578227 2816145
7.582745 2817217
7.584595 2818289
7.586444 2819361
7.588294 2820433
7.590144 2821505
7.594662 2822577
7.596512 2823649
7.598361 2824721
7.600211 2825793
7.602060 2826865
7.605654 2827937
7.607504 2829009
7.609353 2830081
7.611203 2831153
7.613052 2832225
7.616646 2833297
7.618496 2834369
7.620345 2835441
7.622195 2836513
7.624044 2837585
7.625894 2838657
7.628563 2839729
7.630412 2840801
7.632262 2841873
7.634112 2842945
7.635961 2844017
7.637811 2845089
7.640480 2846161
7.642329 2847233
7.644179 2848305
7.646028 2849377
7.647878 2850449
7.649728 2851521
7.651577 2852593
7.653427 2853665
7.655276 2854737
7.657126 2855809
7.658976 2856881
7.660825 2857953
7.662675 2859025
7.664524 2860097
7.666374 2861169
7.668224 2862241
7.670073 2863313
7.671923 2863849
7.672848 2863849
7.673772 2863849
7.674697 2863849
7.675622 2863849
7.676547 2863849
7.677472 2863849
7.678396 2863849
7.679321 2863849
7.680246 2863849
7.681171 2863849
7.682096 2863849
7.683020 2863849
7.685689 2871353
7.691238 2872425
7.693088 2873497
7.696681 2874569
7.702230 2875641
7.704080 2876713
7.707673 2877785
7.713222 2878857
7.715072 2879929
7.718665 2881001
7.724214 2882073
7.726064 2883145
7.727913 2884217
7.730582 2885289
7.736131 2886361
7.737980 2887433
7.739830 2888505
7.742499 2889577
7.748048 2890649
7.749897 2891721
7.751747 2892793
7.753596 2893865
7.759040 2894937
7.760889 2896009
7.762739 2897081
7.764588 2898153
7.770032 2899225
7.771881 2900297
7.773731 2901369
7.775580 2902441
7.777430 2903513
7.781948 2904585
7.783798 2905657
7.785648 2906729
7.787497 2907801
7.789347 2908873
7.793865 2909945
7.795715 2911017
7.797564 2912089
7.799414 2913161
7.801264 2914233
7.805782 2915305
7.807632 2916377
7.809481 2917449
7.811331 2918521
7.813180 2919593
7.816774 2920665
7.818624 2921737
7.820473 2922809
7.822323 2923881
7.824172 2924953
7.827766 2926025
7.829616 2927097
7.831465 2928169
7.833315 2929241
7.835164 2930313
7.837014 2931385
7.839683 2932457
7.841532 2933529
7.843382 2934601
7.845232 2935673
7.847081 2936745
7.848931 2937817
7.851600 2938889
7.853449 2939961
7.855299 2941033
7.857148 2942105
7.858998 2943177
7.860848 2944249
7.862697 2945321
7.864547 2946393
7.866396 2947465
7.868246 2948537
7.870096 2949609
7.871945 2950681
7.873795 2951753
7.875644 2952825
7.877494 2953897
7.879344 2954969
7.881193 2956041
7.883043 2956577
7.883968 2956577
7.884892 2956577
7.885817 2956577
7.886742 2956577
7.887667 2956577
7.888592 2956577
7.889516 2956577
7.890441 2956577
7.891366 2956577
7.892291 2956577
7.893216 2956577
7.894140 2956577
7.896809 2964081
7.902358 2965153
7.904208 2966225
7.907801 2967297
7.913350 2968369
7.915200 2969441
7.918793 2970513
7.924342 2971585
7.926192 2972657
7.929785 2973729
7.935334 2974801
7.937184 2975873
7.939033 2976945
7.941702 2978017
7.947251 2979089
7.949100 2980161
7.950950 2981233
7.953619 2982305
7.959168 2983377
7.961017 2984449
7.962867 2985521
7.964716 2986593
7.970160 2987665
7.972009 2988737
7.973859 2989809
7.975708 2990881
7.981152 2991953
7.983001 2993025
7.984851 2994097
7.986700 2995169
7.988550 2996241
7.993068 2997313
7.994918 2998385
7.996768 2999457
7.998617 3000529
8.000467 3001601
8.004985 3002673
8.006835 3003745
8.008684 3004817
8.010534 3005889
8.012384 3006961
8.016902 3008033
8.018752 3009105
8.020601 3010177
8.022451 3011249
8.024300 3012321
8.027894 3013393
8.029744 3014465
8.031593 3015537
8.033443 3016609
8.035292 3017681
8.038886 3018753
8.040736 3019825
8.042585 3020897
8.044435 3021969
8.046284 3023041
8.048134 3024113
8.050803 3025185
8.052652 3026257
8.054502 3027329
8.056352 3028401
8.058201 3029473
8.060051 3030545
8.062720 3031617
8.064569 3032689
8.066419 3033761
8.068268 3034833
8.070118 3035905
8.071968 3036977
8.073817 3038049
8.075667 3039121
8.077516 3040193
8.079366 3041265
8.081216 3042337
8.083065 3043409
8.084915 3044481
8.086764 3045553
8.088614 3046625
8.090464 3047697
8.092313 3048769
8.094163 3049305
8.095088 3049305
8.096012 3049305
8.096937 3049305
8.097862 3049305
8.098787 3049305
8.099712 3049305
8.100636 3049305
8.101561 3049305
8.102486 3049305
8.103411 3049305
8.104336 3049305
8.105260 3049305
8.107929 3056809
8.113478 3057881
8.115328 3058953
8.118921 3060025
8.124470 3061097
8.126320 3062169
8.129913 3063241
8.135462 3064313
8.137312 3065385
8.140905 3066457
8.146454 3067529
8.148304 3068601
8.150153 3069673
8.152822 3070745
8.158371 3071817
8.160220 3072889
8.162070 3073961
8.164739 3075033
8.170288 3076105
8.172137 3077177
8.173987 3078249
8.175836 3079321
8.181280 3080393
8.183129 3081465
8.184979 3082537
8.186828 3083609
8.192272 3084681
8.194121 3085753
8.195971 3086825
8.197820 3087897
8.199670 3088969
8.204188 3090041
8.206038 3091113
8.207888 3092185
8.209737 3093257
8.211587 3094329
8.216105 3095401
8.217955 3096473
8.219804 3097545
8.221654 3098617
8.223504 3099689
8.228022 3100761
8.229872 3101833
8.231721 3102905
8.233571 3103977
8.235420 3105049
8.239014 3106121
8.240864 3107193
8.242713 3108265
8.244563 3109337
8.246412 3110409
8.250006 3111481
8.251856 3112553
8.253705 3113625
8.255555 3114697
8.257404 3115769
8.259254 3116841
8.261923 3117913
8.263772 3118985
8.265622 3120057
8.267472 3121129
8.269321 3122201
8.271171 3123273
8.273840 3124345
8.275689 3125417
8.277539 3126489
8.279388 3127561
8.281238 3128633
8.283088 3129705
8.284937 3130777
8.286787 3131849
8.288636 3132921
8.290486 3133993
8.292336 3135065
8.294185 3136137
8.296035 3137209
8.297884 3138281
8.299734 3139353
8.301584 3140425
8.303433 3141497
8.305283 3142033
8.306208 3142033
8.307132 3142033
8.308057 3142033
8.308982 3142033
8.309907 3142033
8.310832 3142033
8.311756 3142033
8.312681 3142033
8.313606 3142033
8.314531 3142033
8.315456 3142033
8.316380 3142033
8.319049 3149537
8.324598 3150609
8.326448 3151681
8.330041 3152753
8.335590 3153825
8.337440 3154897
8.341033 3155969
8.346582 3157041
8.348432 3158113
8.352025 3159185
8.357574 3160257
8.359424 3161329
8.361273 3162401
8.363942 3163473
8.369491 3164545
8.371340 3165617
8.373190 3166689
8.375859 3167761
8.381408 3168833
8.383257 3169905
8.385107 3170977
8.386956 3172049
8.392400 3173121
8.394249 3174193
8.396099 3175265
8.397948 3176337
8.403392 3177409
8.405241 3178481
8.407091 3179553
8.408940 3180625
8.410790 3181697
8.415308 3182769
8.417158 3183841
8.419008 3184913
8.420857 3185985
8.422707 3187057
8.427225 3188129
8.429075 3189201
8.430924 3190273
8.432774 3191345
8.434624 3192417
8.439142 3193489
8.440992 3194561
8.442841 3195633
8.444691 3196705
8.446540 3197777
8.450134 3198849
8.451984 3199921
8.453833 3200993
8.455683 3202065
8.457532 3203137
8.461126 3204209
8.462976 3205281
8.464825 3206353
8.466675 3207425
8.468524 3208497
8.470374 3209569
8.473043 3210641
8.474892 3211713
8.476742 3212785
8.478592 3213857
8.480441 3214929
8.482291 3216001
8.484960 3217073
8.486809 3218145
8.488659 3219217
8.490508 3220289
8.492358 3221361
8.494208 3222433
8.496057 3223505
8.497907 3224577
8.499756 3225649
8.501606 3226721
8.503456 3227793
8.505305 3228865
8.507155 3229937
8.509004 3231009
8.510854 3232081
8.512704 3233153
8.514553 3234225
8.516403 3234761
8.517328 3234761
8.518252 3234761
8.519177 3234761
8.520102 3234761
8.521027 3234761
8.521952 3234761
8.522876 3234761
8.523801 3234761
8.524726 3234761
8.525651 3234761
8.526576 3234761
8.527500 3234761
8.530169 3242265
8.535718 3243337
8.537568 3244409
8.541161 3245481
8.546710 3246553
8.548560 3247625
8.552153 3248697
8.557702 3249769
8.559552 3250841
8.563145 3251913
8.568694 3252985
8.570544 3254057
8.572393 3255129
8.575062 3256201
8.580611 3257273
8.582460 3258345
8.584310 3259417
8.586979 3260489
8.592528 3261561
8.594377 3262633
8.596227 3263705
8.598076 3264777
8.603520 3265849
8.605369 3266921
8.607219 3267993
8.609068 3269065
8.614512 3270137
8.616361 3271209
8.618211 3272281
8.620060 3273353
8.621910 3274425
8.626428 3275497
8.628278 3276569
8.630128 3277641
8.631977 3278713
8.633827 3279785
8.638345 3280857
8.640195 3281929
8.642044 3283001
8.643894 3284073
8.645744 3285145
8.650262 3286217
8.652112 3287289
8.653961 3288361
8.655811 3289433
8.657660 3290505
8.661254 3291577
8.663104 3292649
8.664953 3293721
8.666803 3294793
8.668652 3295865
8.672246 3296937
8.674096 3298009
8.675945 3299081
8.677795 3300153
8.679644 3301225
8.681494 3302297
8.684163 3303369
8.686012 3304441
8.687862 3305513
8.689712 3306585
8.691561 3307657
8.693411 3308729
8.696080 3309801
8.697929 3310873
8.699779 3311945
8.701628 3313017
8.703478 3314089
8.705328 3315161
8.707177 3316233
8.709027 3317305
8.710876 3318377
8.712726 3319449
8.714576 3320521
8.716425 3321593
8.718275 3322665
8.720124 3323737
8.721974 3324809
8.723824 3325881
8.725673 3326953
8.727523 3327489
8.728448 3327489
8.729372 3327489
8.730297 3327489
8.731222 3327489
8.732147 3327489
8.733072 3327489
8.733996 3327489
8.734921 3327489
8.735846 3327489
8.736771 3327489
8.737696 3327489
8.738620 3327489
8.741289 3334993
8.746838 3336065
8.748688 3337137
8.752281 3338209
8.757830 3339281
8.759680 3340353
8.763273 3341425
8.768822 3342497
8.770672 3343569
8.774265 3344641
8.779814 3345713
8.781664 3346785
8.783513 3347857
8.786182 3348929
8.791731 3350001
8.793580 3351073
8.795430 3352145
8.798099 3353217
8.803648 3354289
8.805497 3355361
8.807347 3356433
8.809196 3357505
8.814640 3358577
8.816489 3359649
8.818339 3360721
8.820188 3361793
8.825632 3362865
8.827481 3363937
8.829331 3365009
8.831180 3366081
8.833030 3367153
8.837548 3368225
8.839398 3369297
8.841248 3370369
8.843097 3371441
8.844947 3372513
8.849465 3373585
8.851315 3374657
8.853164 3375729
8.855014 3376801
8.856864 3377873
8.861382 3378945
8.863232 3380017
8.865081 3381089
8.866931 3382161
8.868780 3383233
8.872374 3384305
8.874224 3385377
8.876073 3386449
8.877923 3387521
8.879772 3388593
8.883366 3389665
8.885216 3390737
8.887065 3391809
8.888915 3392881
8.890764 3393953
8.892614 3395025
8.895283 3396097
8.897132 3397169
8.898982 3398241
8.900832 3399313
8.902681 3400385
8.904531 3401457
8.907200 3402529
8.909049 3403601
8.910899 3404673
8.912748 3405745
8.914598 3406817
8.916448 3407889
8.918297 3408961
8.920147 3410033
8.921996 3411105
8.923846 3412177
8.925696 3413249
8.927545 3414321
8.929395 3415393
8.931244 3416465
8.933094 3417537
8.934944 3418609
8.936793 3419681
8.938643 3420217
8.939568 3420217
8.940492 3420217
8.941417 3420217
8.942342 3420217
8.943267 3420217
8.944192 3420217
8.945116 3420217
8.946041 3420217
8.946966 3420217
8.947891 3420217
8.948816 3420217
8.949740 3420217
8.952409 3427721
8.957958 3428793
8.959808 3429865
8.963401 3430937
8.968950 3432009
8.970800 3433081
8.974393 3434153
8.979942 3435225
8.981792 3436297
8.985385 3437369
8.990934 3438441
8.992784 3439513
8.994633 3440585
8.997302 3441657
9.002851 3442729
9.004700 3443801
9.006550 3444873
9.009219 3445945
9.014768 3447017
9.016617 3448089
9.018467 3449161
9.020316 3450233
9.025760 3451305
9.027609 3452377
9.029459 3453449
9.031308 3454521
9.036752 3455593
9.038601 3456665
9.040451 3457737
9.042300 3458809
9.044150 3459881
9.048668 3460953
9.050518 3462025
9.052368 3463097
9.054217 3464169
9.056067 3465241
9.060585 3466313
9.062435 3467385
9.064284 3468457
9.066134 3469529
9.067984 3470601
9.072502 3471673
9.074352 3472745
9.076201 3473817
9.078051 3474889
9.079900 3475961
9.083494 3477033
9.085344 3478105
9.087193 3479177
9.089043 3480249
9.090892 3481321
9.094486 3482393
9.096336 3483465
9.098185 3484537
9.100035 3485609
9.101884 3486681
9.103734 3487753
9.106403 3488825
9.108252 3489897
9.110102 3490969
9.111952 3492041
9.113801 3493113
9.115651 3494185
9.118320 3495257
9.120169 3496329
9.122019 3497401
9.123868 3498473
9.125718 3499545
9.127568 3500617
9.129417 3501689
9.131267 3502761
9.133116 3503833
9.134966 3504905
9.136816 3505977
9.138665 3507049
9.140515 3508121
9.142364 3509193
9.144214 3510265
9.146064 3511337
9.147913 3512409
9.149763 3512945
9.150688 3512945
9.151612 3512945
9.152537 3512945
9.153462 3512945
9.154387 3512945
9.155312 3512945
9.156236 3512945
9.157161 3512945
9.158086 3512945
9.159011 3512945
9.159936 3512945
9.160860 3512945
9.163529 3520449
9.169078 3521521
9.170928 3522593
9.174521 3523665
9.180070 3524737
9.181920 3525809
9.185513 3526881
9.191062 3527953
9.192912 3529025
9.196505 3530097
9.202054 3531169
9.203904 3532241
9.205753 3533313
9.208422 3534385
9.213971 3535457
9.215820 3536529
9.217670 3537601
9.220339 3538673
9.225888 3539745
9.227737 3540817
9.229587 3541889
9.231436 3542961
9.236880 3544033
9.238729 3545105
9.240579 3546177
9.242428 3547249
9.247872 3548321
9.249721 3549393
9.251571 3550465
9.253420 3551537
9.255270 3552609
9.259788 3553681
9.261638 3554753
9.263488 3555825
9.265337 3556897
9.267187 3557969
9.271705 3559041
9.273555 3560113
9.275404 3561185
9.277254 3562257
9.279104 3563329
9.283622 3564401
9.285472 3565473
9.287321 3566545
9.289171 3567617
9.291020 3568689
9.294614 3569761
9.296464 3570833
9.298313 3571905
9.300163 3572977
9.302012 3574049
9.305606 3575121
9.307456 3576193
9.309305 3577265
9.311155 3578337
9.313004 3579409
9.314854 3580481
9.317523 3581553
9.319372 3582625
9.321222 3583697
9.323072 3584769
9.324921 3585841
9.326771 3586913
9.329440 3587985
9.331289 3589057
9.333139 3590129
9.334988 3591201
9.336838 3592273
9.338688 3593345
9.340537 3594417
9.342387 3595489
9.344236 3596561
9.346086 3597633
9.347936 3598705
9.349785 3599777
9.351635 3600849
9.353484 3601921
9.355334 3602993
9.357184 3604065
9.359033 3605137
9.360883 3605673
9.361808 3605673
9.362732 3605673
9.363657 3605673
9.364582 3605673
9.366432 3605673
9.367356 3605673
9.368281 3605673
9.369206 3605673
9.370131 3605673
9.371056 3605673
9.371980 3605673
9.374649 3608889
9.380198 3608889
9.381123 3608889
9.382048 3608889
9.382972 3608889
9.385641 3615321
9.391190 3616393
9.393040 3617465
9.396633 3618537
9.402182 3619609
9.404032 3620681
9.407625 3621753
9.413174 3622825
9.415024 3623897
9.418617 3624969
9.424166 3626041
9.426016 3627113
9.427865 3628185
9.430534 3629257
9.436083 3630329
9.437932 3631401
9.439782 3632473
9.442451 3633545
9.448000 3634617
9.449849 3635689
9.451699 3636761
9.453548 3637833
9.458992 3638905
9.460841 3639977
9.462691 3641049
9.464540 3642121
9.469984 3643193
9.471833 3644265
9.473683 3645337
9.475532 3646409
9.477382 3647481
9.481900 3648553
9.483750 3649625
9.485600 3650697
9.487449 3651769
9.489299 3652841
9.493817 3653913
9.495667 3654985
9.497516 3656057
9.499366 3657129
9.501216 3658201
9.505734 3659273
9.507584 3660345
9.509433 3661417
9.511283 3662489
9.513132 3663561
9.516726 3664633
9.518576 3665705
9.520425 3666777
9.522275 3667849
9.524124 3668921
9.527718 3669993
9.529568 3671065
9.531417 3672137
9.533267 3673209
9.535116 3674281
9.536966 3675353
9.539635 3676425
9.541484 3677497
9.543334 3678569
9.545184 3679641
9.547033 3680713
9.548883 3681785
9.551552 3682857
9.553401 3683929
9.555251 3685001
9.557100 3686073
9.558950 3687145
9.560800 3688217
9.562649 3689289
9.564499 3690361
9.566348 3691433
9.568198 3692505
9.570048 3693577
9.571897 3694649
9.573747 3695721
9.575596 3696793
9.577446 3697865
9.579296 3698937
9.581145 3700009
9.582995 3700545
9.583920 3700545
9.584844 3700545
9.585769 3700545
9.586694 3700545
9.587619 3700545
9.588544 3700545
9.589468 3700545
9.590393 3700545
9.591318 3700545
9.592243 3700545
9.593168 3700545
9.594092 3700545
9.596761 3708049
9.602310 3709121
9.604160 3710193
9.607753 3711265
9.613302 3712337
9.615152 3713409
9.618745 3714481
9.624294 3715553
9.626144 3716625
9.629737 3717697
9.635286 3718769
9.637136 3719841
9.638985 3720913
9.641654 3721985
9.647203 3723057
9.649052 3724129
9.650902 3725201
9.653571 3726273
9.659120 3727345
9.660969 3728417
9.662819 3729489
9.664668 3730561
9.670112 3731633
9.671961 3732705
9.673811 3733777
9.675660 3734849
9.681104 3735921
9.682953 3736993
9.684803 3738065
9.686652 3739137
9.688502 3740209
9.693020 3741281
9.694870 3742353
9.696720 3743425
9.698569 3744497
9.700419 3745569
9.704937 3746641
9.706787 3747713
9.708636 3748785
9.710486 3749857
9.712336 3750929
9.716854 3752001
9.718704 3753073
9.720553 3754145
9.722403 3755217
9.724252 3756289
9.727846 3757361
9.729696 3758433
9.731545 3759505
9.733395 3760577
9.735244 3761649
9.738838 3762721
9.740688 3763793
9.742537 3764865
9.744387 3765937
9.746236 3767009
9.748086 3768081
9.750755 3769153
9.752604 3770225
9.754454 3771297
9.756304 3772369
9.758153 3773441
9.760003 3774513
9.762672 3775585
9.764521 3776657
9.766371 3777729
9.768220 3778801
9.770070 3779873
9.771920 3780945
9.773769 3782017
9.775619 3783089
9.777468 3784161
9.779318 3785233
9.781168 3786305
9.783017 3787377
9.784867 3788449
9.786716 3789521
9.788566 3790593
9.790416 3791665
9.792265 3792737
9.794115 3793273
9.795040 3793273
9.795964 3793273
9.796889 3793273
9.797814 3793273
9.798739 3793273
9.799664 3793273
9.800588 3793273
9.801513 3793273
9.802438 3793273
9.803363 3793273
9.804288 3793273
9.805212 3793273
9.807881 3800777
9.813430 3801849
9.815280 3802921
9.818873 3803993
9.824422 3805065
9.826272 3806137
9.829865 3807209
9.835414 3808281
9.837264 3809353
9.840857 3810425
9.846406 3811497
9.848256 3812569
9.850105 3813641
9.852774 3814713
9.858323 3815785
9.860172 3816857
9.862022 3817929
9.864691 3819001
9.870240 3820073
9.872089 3821145
9.873939 3822217
9.875788 3823289
9.881232 3824361
9.883081 3825433
9.884931 3826505
9.886780 3827577
9.892224 3828649
9.894073 3829721
9.895923 3830793
9.897772 3831865
9.899622 3832937
9.904140 3834009
9.905990 3835081
9.907840 3836153
9.909689 3837225
9.911539 3838297
9.916057 3839369
9.917907 3840441
9.919756 3841513
9.921606 3842585
9.923456 3843657
9.927974 3844729
9.929824 3845801
9.931673 3846873
9.933523 3847945
9.935372 3849017
9.938966 3850089
9.940816 3851161
9.942665 3852233
9.944515 3853305
9.946364 3854377
9.949958 3855449
9.951808 3856521
9.953657 3857593
9.955507 3858665
9.957356 3859737
9.959206 3860809
9.961875 3861881
9.963724 3862953
9.965574 3864025
9.967424 3865097
9.969273 3866169
9.971123 3867241
9.973792 3868313
9.975641 3869385
9.977491 3870457
9.979340 3871529
9.981190 3872601
9.983040 3873673
9.984889 3874745
9.986739 3875817
9.988588 3876889
9.990438 3877961
9.992288 3879033
9.994137 3880105
9.995987 3881177
9.997836 3882249
9.999686 3883321
