1.010134 1
1.021193 537
1.033110 1609
1.045027 2681
1.056019 3753
1.057868 4825
1.067936 5897
1.069785 6969
1.071635 8041
1.079852 9113
1.081702 10185
1.083552 11257
1.085401 12329
1.090844 13401
1.092694 14473
1.094544 15545
1.096393 16617
1.098243 17689
1.100092 18761
1.101942 19833
1.103792 20905
1.105641 21977
1.107491 23049
1.109340 24121
1.111190 25193
1.113040 26265
1.114889 27337
1.116739 28409
1.118588 29481
1.120438 30553
1.122288 31625
1.124137 32697
1.125987 33769
1.127836 34841
1.129686 35913
1.131536 36985
1.133385 38057
1.135235 39129
1.137084 40201
1.138934 41273
1.140784 42345
1.142633 43417
1.144483 44489
1.146332 45561
1.148182 46633
1.150032 47705
1.151881 48777
1.153731 49849
1.155580 50921
1.157430 51993
1.159280 53065
1.161129 54137
1.162979 55209
1.164828 56281
1.166678 57353
1.168528 58425
1.170377 59497
1.172227 60569
1.174076 61641
1.175926 62713
1.177776 63785
1.179625 64857
1.181475 65929
1.183324 67001
1.185174 68073
1.187024 69145
1.188873 70217
1.190723 71289
1.192572 72361
1.194422 73433
1.196272 74505
1.198121 75577
1.199971 76649
1.201820 77721
1.203670 78793
1.205520 79865
1.207369 80937
1.209219 82009
1.211068 83081
1.212918 84153
1.214768 85225
1.216617 86297
1.218467 87369
1.220316 88441
1.222166 89513
1.224016 90585
1.225865 91657
1.227715 92729
1.229564 93801
1.231414 94873
1.233264 95945
1.235113 97017
1.236963 98089
1.238812 99161
1.240662 100233
1.242512 101305
1.244361 102377
1.246211 103449
1.248060 104521
1.249910 105593
1.251760 106665
1.253609 107737
1.255459 108809
1.257308 109881
1.259158 110953
1.261008 112025
1.262857 113097
1.264707 114169
1.266556 115241
1.268406 116313
1.270256 117385
1.272105 118457
1.273955 119529
1.275804 120601
1.277654 121673
1.279504 122745
1.281353 123817
1.283203 124889
1.285052 125961
1.286902 127033
1.288752 128105
1.290601 129177
1.292451 130249
1.294300 131321
1.296150 132393
1.298000 133465
1.299849 134537
1.301699 135609
1.303548 136681
1.305398 137753
1.307248 138825
1.309097 139897
1.310947 140969
1.312796 142041
1.314646 143113
1.316496 144185
1.318345 145257
1.320195 146329
1.322044 147401
1.323894 148473
1.325744 149545
1.327593 150617
1.329443 151689
1.331292 152761
1.333142 153833
1.334992 154905
1.336841 155977
1.338691 157049
1.340540 158121
1.342390 159193
1.344240 160265
1.346089 161337
1.347939 162409
1.349788 163481
1.351638 164553
1.353488 165625
1.355337 166697
1.357187 167769
1.359036 168841
1.360886 169913
1.362736 170985
1.364585 172057
1.366435 173129
1.368284 174201
1.370134 175273
1.371984 176345
1.373833 177417
1.375683 178489
1.377532 179561
1.379382 180633
1.381232 181705
1.383081 182777
1.384931 183849
1.386780 184921
1.388630 185993
1.390480 187065
1.392329 188137
1.394179 189209
1.396028 190281
1.397878 191353
1.399728 192425
1.401577 193497
1.403427 194569
1.405276 195641
1.407126 196713
1.408976 197785
1.410825 198857
1.412675 199929
1.414524 201001
1.416374 202073
1.418224 203145
1.420073 204217
1.421923 205289
1.423772 206361
1.425622 207433
1.427472 208505
1.429321 209577
1.431171 210649
1.433020 211721
1.434870 212793
1.436720 213865
1.438569 214937
1.440419 216009
1.442268 217081
1.444118 218153
1.445968 219225
1.447817 220297
1.449667 221369
1.451516 222441
1.453366 223513
1.455216 224585
1.457065 225657
1.458915 226729
1.460764 227801
1.462614 228873
1.464464 229945
1.466313 231017
1.468163 232089
1.470012 233161
1.471862 234233
1.473712 235305
1.475561 236377
1.477411 237449
1.479260 238521
1.481110 239593
1.482960 240665
1.484809 241737
1.486659 242809
1.488508 243881
1.490358 244953
1.492208 246025
1.494057 247097
1.495907 248169
1.497756 249241
1.499606 250313
1.501456 251385
1.503305 252457
1.505155 253529
1.507004 254601
1.508854 255673
1.510704 256745
1.512553 257817
1.514403 258889
1.516252 259961
1.518102 261033
1.519952 262105
1.521801 263177
1.523651 264249
1.525500 265321
1.527350 266393
1.529200 267465
1.531049 268537
1.532899 269609
1.534748 270681
1.536598 271753
1.538448 272825
1.540297 273897
1.542147 274969
1.543996 276041
1.545846 277113
1.547696 278185
1.549545 279257
1.551395 280329
1.553244 281401
1.555094 282473
1.556944 283545
1.558793 284617
1.560643 285689
1.562492 286761
1.564342 287833
1.566192 288905
1.568041 289977
1.569891 291049
1.571740 292121
1.573590 293193
1.575440 294265
1.577289 295337
1.579139 296409
1.580988 297481
1.582838 298553
1.584688 299625
1.586537 300697
1.588387 301769
1.590236 302841
1.592086 303913
1.593936 304985
1.595785 306057
1.597635 307129
1.599484 308201
1.601334 309273
1.603184 310345
1.605033 311417
1.606883 312489
1.608732 313561
1.610582 314633
1.612432 315705
1.614281 316777
1.616131 317849
1.617980 318921
1.619830 319993
1.621680 321065
1.623529 322137
1.625379 323209
1.627228 324281
1.629078 325353
1.630928 326425
1.632777 327497
1.634627 328569
1.636476 329641
1.638326 330713
1.640176 331785
1.642025 332857
1.643875 333929
1.645724 335001
1.647574 336073
1.649424 337145
1.651273 338217
1.653123 339289
1.654972 340361
1.656822 341433
1.658672 342505
1.660521 343577
1.662371 344649
1.664220 345721
1.666070 346793
1.667920 347865
1.669769 348937
1.671619 350009
1.673468 351081
1.675318 352153
1.677168 353225
1.679017 354297
1.680867 355369
1.682716 356441
1.684566 357513
1.686416 358585
1.688265 359657
1.690115 360729
1.691964 361801
1.693814 362873
1.695664 363945
1.697513 365017
1.699363 366089
1.701212 367161
1.703062 368233
1.704912 369305
1.706761 370377
1.708611 371449
1.710460 372521
1.712310 373593
1.714160 374665
1.716009 375737
1.717859 376809
1.719708 377881
1.721558 378953
1.723408 380025
1.725257 381097
1.727107 382169
1.728956 383241
1.730806 384313
1.732656 385385
1.734505 386457
1.736355 387529
1.738204 388601
1.740054 389673
1.741904 390745
1.743753 391817
1.745603 392889
1.747452 393961
1.749302 395033
1.751152 396105
1.753001 397177
1.754851 398249
1.756700 399321
1.758550 400393
1.760400 401465
1.762249 402537
1.764099 403609
1.765948 404681
1.767798 405753
1.769648 406825
1.771497 407897
1.773347 408969
1.775196 410041
1.777046 411113
1.778896 412185
1.780745 413257
1.782595 414329
1.784444 415401
1.786294 416473
1.788144 417545
1.789993 418617
1.791843 419689
1.793692 420761
1.795542 421833
1.797392 422905
1.799241 423977
1.801091 425049
1.802940 426121
1.804790 427193
1.806640 428265
1.808489 429337
1.810339 430409
1.812188 431481
1.814038 432553
1.815888 433625
1.817737 434697
1.819587 435769
1.821436 436841
1.823286 437913
1.825136 438985
1.826985 440057
1.828835 441129
1.830684 442201
1.832534 443273
1.834384 444345
1.836233 445417
1.838083 446489
1.839932 447561
1.841782 448633
1.843632 449705
1.845481 450777
1.847331 451849
1.849180 452921
1.851030 453993
1.852880 455065
1.854729 456137
1.856579 457209
1.858428 458281
1.860278 459353
1.862128 460425
1.863977 461497
1.865827 462569
1.867676 463641
1.869526 464713
1.871376 465785
1.873225 466857
1.875075 467929
1.876924 469001
1.878774 470073
1.880624 471145
1.882473 472217
1.884323 473289
1.886172 474361
1.888022 475433
1.889872 476505
1.891721 477577
1.893571 478649
1.895420 479721
1.897270 480793
1.899120 481865
1.900969 482937
1.902819 484009
1.904668 485081
1.906518 486153
1.908368 487225
1.910217 488297
1.912067 489369
1.913916 490441
1.915766 491513
1.917616 492585
1.919465 493657
1.921315 494729
1.923164 495801
1.925014 496873
1.926864 497945
1.928713 499017
1.930563 500089
1.932412 501161
1.934262 502233
1.936112 503305
1.937961 504377
1.939811 505449
1.941660 506521
1.943510 507593
1.945360 508665
1.947209 509737
1.949059 510809
1.950908 511881
1.952758 512953
1.954608 514025
1.956457 515097
1.958307 516169
1.960156 517241
1.962006 518313
1.963856 519385
1.965705 520457
1.967555 521529
1.969404 522601
1.971254 523673
1.973104 524745
1.974953 525817
1.976803 526889
1.978652 527961
1.980502 529033
1.982352 530105
1.984201 531177
1.986051 532249
1.987900 533321
1.989750 534393
1.991600 535465
1.993449 536537
1.995299 537609
1.997148 538681
1.998998 539753
2.000848 540825
2.002697 541897
2.004547 542969
2.006396 544041
2.008246 545113
2.010096 546185
2.011945 547257
2.013795 548329
2.015644 549401
2.017494 550473
2.019344 551545
2.021193 552617
2.023043 553689
2.024892 554761
2.026742 555833
2.028592 556905
2.030441 557977
2.032291 559049
2.034140 560121
2.035990 561193
2.037840 562265
2.039689 563337
2.041539 564409
2.043388 565481
2.045238 566553
2.047088 567625
2.048937 568697
2.050787 569769
2.052636 570841
2.054486 571913
2.056336 572985
2.058185 574057
2.060035 575129
2.061884 576201
2.063734 577273
2.065584 578345
2.067433 579417
2.069283 580489
2.071132 581561
2.072982 582633
2.074832 583705
2.076681 584777
2.078531 585849
2.080380 586921
2.082230 587993
2.084080 589065
2.085929 590137
2.087779 591209
2.089628 592281
2.091478 593353
2.093328 594425
2.095177 595497
2.097027 596569
2.098876 597641
2.100726 598713
2.102576 599785
2.104425 600857
2.106275 601929
2.108124 603001
2.109974 604073
2.111824 605145
2.113673 606217
2.115523 607289
2.117372 608361
2.119222 609433
2.121072 610505
2.122921 611577
2.124771 612649
2.126620 613721
2.128470 614793
2.130320 615865
2.132169 616937
2.134019 618009
2.135868 619081
2.137718 620153
2.139568 621225
2.141417 622297
2.143267 623369
2.145116 624441
2.146966 625513
2.148816 626585
2.150665 627657
2.152515 628729
2.154364 629801
2.156214 630873
2.158064 631945
2.159913 633017
2.161763 634089
2.163612 635161
2.165462 636233
2.167312 637305
2.169161 638377
2.171011 639449
2.172860 640521
2.174710 641593
2.176560 642665
2.178409 643737
2.180259 644809
2.182108 645881
2.183958 646953
2.185808 648025
2.187657 649097
2.189507 650169
2.191356 651241
2.193206 652313
2.195056 653385
2.196905 654457
2.198755 655529
2.200604 656601
2.202454 657673
2.204304 658745
2.206153 659817
2.208003 660889
2.209852 661961
2.211702 663033
2.213552 664105
2.215401 665177
2.217251 666249
2.219100 667321
2.220950 668393
2.222800 669465
2.224649 670537
2.226499 671609
2.228348 672681
2.230198 673753
2.232048 674825
2.233897 675897
2.235747 676969
2.237596 678041
2.239446 679113
2.241296 680185
2.243145 681257
2.244995 682329
2.246844 683401
2.248694 684473
2.250544 685545
2.252393 686617
2.254243 687689
2.256092 688761
2.257942 689833
2.259792 690905
2.261641 691977
2.263491 693049
2.265340 694121
2.267190 695193
2.269040 696265
2.270889 697337
2.272739 698409
2.274588 699481
2.276438 700553
2.278288 701625
2.280137 702697
2.281987 703769
2.283836 704841
2.285686 705913
2.287536 706985
2.289385 708057
2.291235 709129
2.293084 710201
2.294934 711273
2.296784 712345
2.298633 713417
2.300483 714489
2.302332 715561
2.304182 716633
2.306032 717705
2.307881 718777
2.309731 719849
2.311580 720921
2.313430 721993
2.315280 723065
2.317129 724137
2.318979 725209
2.320828 726281
2.322678 727353
2.324528 728425
2.326377 729497
2.328227 730569
2.330076 731641
2.331926 732713
2.333776 733785
2.335625 734857
2.337475 735929
2.339324 737001
2.341174 738073
2.343024 739145
2.344873 740217
2.346723 741289
2.348572 742361
2.350422 743433
2.352272 744505
2.354121 745577
2.355971 746649
2.357820 747721
2.359670 748793
2.361520 749865
2.363369 750937
2.365219 752009
2.367068 753081
2.368918 754153
2.370768 755225
2.372617 756297
2.374467 757369
2.376316 758441
2.378166 759513
2.380016 760585
2.381865 761657
2.383715 762729
2.385564 763801
2.387414 764873
2.389264 765945
2.391113 767017
2.392963 768089
2.394812 769161
2.396662 770233
2.398512 771305
2.400361 772377
2.402211 773449
2.404060 774521
2.405910 775593
2.407760 776665
2.409609 777737
2.411459 778809
2.413308 779881
2.415158 780953
2.417008 782025
2.418857 783097
2.420707 784169
2.422556 785241
2.424406 786313
2.426256 787385
2.428105 788457
2.429955 789529
2.431804 790601
2.433654 791673
2.435504 792745
2.437353 793817
2.439203 794889
2.441052 795961
2.442902 797033
2.444752 798105
2.446601 799177
2.448451 800249
2.450300 801321
2.452150 802393
2.454000 803465
2.455849 804537
2.457699 805609
2.459548 806681
2.461398 807753
2.463248 808825
2.465097 809897
2.466947 810969
2.468796 812041
2.470646 813113
2.472496 814185
2.474345 815257
2.476195 816329
2.478044 817401
2.479894 818473
2.481744 819545
2.483593 820617
2.485443 821689
2.487292 822761
2.489142 823833
2.490992 824905
2.492841 825977
2.494691 827049
2.496540 828121
2.498390 829193
2.500240 830265
2.502089 831337
2.503939 832409
2.505788 833481
2.507638 834553
2.509488 835625
2.511337 836697
2.513187 837769
2.515036 838841
2.516886 839913
2.518736 840985
2.520585 842057
2.522435 843129
2.524284 844201
2.526134 845273
2.527984 846345
2.529833 847417
2.531683 848489
2.533532 849561
2.535382 850633
2.537232 851705
2.539081 852777
2.540931 853849
2.542780 854921
2.544630 855993
2.546480 857065
2.548329 858137
2.550179 859209
2.552028 860281
2.553878 861353
2.555728 862425
2.557577 863497
2.559427 864569
2.561276 865641
2.563126 866713
2.564976 867785
2.566825 868857
2.568675 869929
2.570524 871001
2.572374 872073
2.574224 873145
2.576073 874217
2.577923 875289
2.579772 876361
2.581622 877433
2.583472 878505
2.585321 879577
2.587171 880649
2.589020 881721
2.590870 882793
2.592720 883865
2.594569 884937
2.596419 886009
2.598268 887081
2.600118 888153
2.601968 889225
2.603817 890297
2.605667 891369
2.607516 892441
2.609366 893513
2.611216 894585
2.613065 895657
2.614915 896729
2.616764 897801
2.618614 898873
2.620464 899945
2.622313 901017
2.624163 902089
2.626012 903161
2.627862 904233
2.629712 905305
2.631561 906377
2.633411 907449
2.635260 908521
2.637110 909593
2.638960 910665
2.640809 911737
2.642659 912809
2.644508 913881
2.646358 914953
2.648208 916025
2.650057 917097
2.651907 918169
2.653756 919241
2.655606 920313
2.657456 921385
2.659305 922457
2.661155 923529
2.663004 924601
2.664854 925673
2.666704 926745
2.668553 927817
2.670403 928889
2.672252 929961
2.674102 931033
2.675952 932105
2.677801 933177
2.679651 934249
2.681500 935321
2.683350 936393
2.685200 937465
2.687049 938537
2.688899 939609
2.690748 940681
2.692598 941753
2.694448 942825
2.696297 943897
2.698147 944969
2.699996 946041
2.701846 947113
2.703696 948185
2.705545 949257
2.707395 950329
2.709244 951401
2.711094 952473
2.712944 953545
2.714793 954617
2.716643 955689
2.718492 956761
2.720342 957833
2.722192 958905
2.724041 959977
2.725891 961049
2.727740 962121
2.729590 963193
2.731440 964265
2.733289 965337
2.735139 966409
2.736988 967481
2.738838 968553
2.740688 969625
2.742537 970697
2.744387 971769
2.746236 972841
2.748086 973913
2.749936 974985
2.751785 976057
2.753635 977129
2.755484 978201
2.757334 979273
2.759184 980345
2.761033 981417
2.762883 982489
2.764732 983561
2.766582 984633
2.768432 985705
2.770281 986777
2.772131 987849
2.773980 988921
2.775830 989993
2.777680 991065
2.779529 992137
2.781379 993209
2.783228 994281
2.785078 995353
2.786928 996425
2.788777 997497
2.790627 998569
2.792476 999641
2.794326 1000713
2.796176 1001785
2.798025 1002857
2.799875 1003929
2.801724 1005001
2.803574 1006073
2.805424 1007145
2.807273 1008217
2.809123 1009289
2.810972 1010361
2.812822 1011433
2.814672 1012505
2.816521 1013577
2.818371 1014649
2.820220 1015721
2.822070 1016793
2.823920 1017865
2.825769 1018937
2.827619 1020009
2.829468 1021081
2.831318 1022153
2.833168 1023225
2.835017 1024297
2.836867 1025369
2.838716 1026441
2.840566 1027513
2.842416 1028585
2.844265 1029657
2.846115 1030729
2.847964 1031801
2.849814 1032873
2.851664 1033945
2.853513 1035017
2.855363 1036089
2.857212 1037161
2.859062 1038233
2.860912 1039305
2.862761 1040377
2.864611 1041449
2.866460 1042521
2.868310 1043593
2.870160 1044665
2.872009 1045737
2.873859 1046809
2.875708 1047881
2.877558 1048953
2.879408 1050025
2.881257 1051097
2.883107 1052169
2.884956 1053241
2.886806 1054313
2.888656 1055385
2.890505 1056457
2.892355 1057529
2.894204 1058601
2.896054 1059673
2.897904 1060745
2.899753 1061817
2.901603 1062889
2.903452 1063961
2.905302 1065033
2.907152 1066105
2.909001 1067177
2.910851 1068249
2.912700 1069321
2.914550 1070393
2.916400 1071465
2.918249 1072537
2.920099 1073609
2.921948 1074681
2.923798 1075753
2.925648 1076825
2.927497 1077897
2.929347 1078969
2.931196 1080041
2.933046 1081113
2.934896 1082185
2.936745 1083257
2.938595 1084329
2.940444 1085401
2.942294 1086473
2.944144 1087545
2.945993 1088617
2.947843 1089689
2.949692 1090761
2.951542 1091833
2.953392 1092905
2.955241 1092905
2.956166 1092905
2.957091 1092905
2.958016 1092905
2.958940 1092905
2.959865 1092905
2.960790 1092905
2.961715 1092905
2.962640 1092905
2.963564 1092905
2.964489 1092905
2.965414 1092905
2.966339 1092905
2.967264 1092905
2.968188 1092905
2.969113 1092905
2.970038 1092905
2.970963 1092905
2.971888 1092905
2.972812 1092905
2.973737 1092905
2.974662 1092905
2.975587 1092905
2.976512 1092905
2.977436 1092905
2.978361 1092905
2.979286 1092905
2.980211 1092905
2.981136 1092905
2.982060 1092905
2.982985 1092905
2.983910 1092905
2.984835 1092905
2.985760 1092905
2.986684 1092905
2.987609 1092905
2.988534 1092905
2.989459 1092905
2.990384 1092905
2.991308 1092905
2.992233 1092905
2.993158 1092905
2.994083 1092905
2.995008 1092905
2.995932 1092905
2.996857 1092905
2.997782 1092905
2.998707 1092905
2.999632 1092905
3.000556 1092905
3.001481 1092905
3.002406 1092905
3.003331 1092905
3.004256 1092905
3.005180 1092905
3.006105 1092905
3.007030 1092905
3.007955 1092905
3.008880 1092905
3.009804 1092905
3.010729 1092905
3.011654 1092905
3.012579 1092905
3.013504 1092905
3.014428 1092905
3.015353 1092905
3.016278 1092905
3.017203 1092905
3.018128 1092905
3.019052 1092905
3.019977 1092905
3.020902 1092905
3.021827 1092905
3.022752 1092905
3.023676 1092905
3.024601 1092905
3.025526 1092905
3.026451 1092905
3.027376 1092905
3.028300 1092905
3.029225 1092905
3.030150 1092905
3.031075 1092905
3.032000 1092905
3.032924 1092905
3.033849 1092905
3.034774 1092905
3.035699 1092905
3.036624 1092905
3.037548 1092905
3.038473 1092905
3.039398 1092905
3.040323 1092905
3.041248 1092905
3.042172 1092905
3.043097 1092905
3.044022 1092905
3.044947 1092905
3.045872 1092905
3.046796 1092905
3.047721 1092905
3.048646 1092905
3.049571 1092905
3.050496 1092905
3.051420 1092905
3.052345 1092905
3.053270 1092905
3.054195 1092905
3.055120 1092905
3.056044 1092905
3.056969 1092905
3.057894 1092905
3.058819 1092905
3.059744 1092905
3.060668 1092905
3.061593 1092905
3.062518 1092905
3.063443 1092905
3.064368 1092905
3.065292 1092905
3.066217 1092905
3.067142 1158297
3.079059 1159369
3.080908 1160441
3.082758 1161513
3.084608 1162585
3.086457 1163657
3.088307 1164729
3.090156 1165801
3.092006 1166873
3.093856 1167945
3.095705 1169017
3.097555 1170089
3.099404 1171161
3.101254 1172233
3.103104 1173305
3.104953 1174377
3.106803 1175449
3.108652 1176521
3.110502 1177593
3.112352 1178665
3.114201 1179737
3.116051 1180809
3.117900 1181881
3.119750 1182953
3.121600 1184025
3.123449 1185097
3.125299 1186169
3.127148 1187241
3.128998 1188313
3.130848 1189385
3.132697 1190457
3.134547 1191529
3.136396 1192601
3.138246 1193673
3.140096 1194745
3.141945 1195817
3.143795 1196889
3.145644 1197961
3.147494 1199033
3.149344 1200105
3.151193 1201177
3.153043 1202249
3.154892 1203321
3.156742 1204393
3.158592 1205465
3.160441 1206537
3.162291 1207609
3.164140 1208681
3.165990 1209753
3.167840 1210825
3.169689 1211897
3.171539 1212969
3.173388 1214041
3.175238 1215113
3.177088 1216185
3.178937 1217257
3.180787 1218329
3.182636 1219401
3.184486 1220473
3.186336 1221545
3.188185 1222617
3.190035 1223689
3.191884 1224761
3.193734 1225833
3.195584 1226905
3.197433 1227977
3.199283 1229049
3.201132 1230121
3.202982 1231193
3.204832 1232265
3.206681 1233337
3.208531 1234409
3.210380 1235481
3.212230 1236553
3.214080 1237625
3.215929 1238697
3.217779 1239769
3.219628 1240841
3.221478 1241913
3.223328 1242985
3.225177 1244057
3.227027 1245129
3.228876 1246201
3.230726 1247273
3.232576 1248345
3.234425 1249417
3.236275 1250489
3.238124 1251561
3.239974 1252633
3.241824 1253705
3.243673 1254777
3.245523 1255849
3.247372 1256921
3.249222 1257993
3.251072 1259065
3.252921 1260137
3.254771 1261209
3.256620 1262281
3.258470 1263353
3.260320 1264425
3.262169 1265497
3.264019 1266569
3.265868 1267641
3.267718 1268713
3.269568 1269785
3.271417 1270857
3.273267 1271929
3.275116 1273001
3.276966 1274073
3.278816 1275145
3.280665 1276217
3.282515 1277289
3.284364 1278361
3.286214 1279433
3.288064 1280505
3.289913 1281577
3.291763 1282649
3.293612 1283721
3.295462 1284793
3.297312 1285865
3.299161 1286937
3.301011 1288009
3.302860 1289081
3.304710 1290153
3.306560 1291225
3.308409 1292297
3.310259 1293369
3.312108 1294441
3.313958 1295513
3.315808 1296585
3.317657 1297657
3.319507 1298729
3.321356 1299801
3.323206 1300873
3.325056 1301945
3.326905 1303017
3.328755 1304089
3.330604 1305161
3.332454 1306233
3.334304 1307305
3.336153 1308377
3.338003 1309449
3.339852 1310521
3.341702 1311593
3.343552 1312665
3.345401 1313737
3.347251 1314809
3.349100 1315881
3.350950 1316953
3.352800 1318025
3.354649 1319097
3.356499 1320169
3.358348 1321241
3.360198 1322313
3.362048 1323385
3.363897 1324457
3.365747 1325529
3.367596 1326601
3.369446 1327673
3.371296 1328745
3.373145 1329817
3.374995 1330889
3.376844 1331961
3.378694 1333033
3.380544 1334105
3.382393 1335177
3.384243 1336249
3.386092 1337321
3.387942 1338393
3.389792 1339465
3.391641 1340537
3.393491 1341609
3.395340 1342681
3.397190 1343753
3.399040 1344825
3.400889 1345897
3.402739 1346969
3.404588 1348041
3.406438 1349113
3.408288 1350185
3.410137 1351257
3.411987 1352329
3.413836 1353401
3.415686 1354473
3.417536 1355545
3.419385 1356617
3.421235 1357689
3.423084 1358761
3.424934 1359833
3.426784 1360905
3.428633 1361977
3.430483 1363049
3.432332 1364121
3.434182 1365193
3.436032 1366265
3.437881 1367337
3.439731 1368409
3.441580 1369481
3.443430 1370553
3.445280 1371625
3.447129 1372697
3.448979 1373769
3.450828 1374841
3.452678 1375913
3.454528 1376985
3.456377 1378057
3.458227 1379129
3.460076 1380201
3.461926 1381273
3.463776 1382345
3.465625 1383417
3.467475 1384489
3.469324 1385561
3.471174 1386633
3.473024 1387705
3.474873 1388777
3.476723 1389849
3.478572 1390921
3.480422 1391993
3.482272 1393065
3.484121 1394137
3.485971 1395209
3.487820 1396281
3.489670 1397353
3.491520 1398425
3.493369 1399497
3.495219 1400569
3.497068 1401641
3.498918 1402713
3.500768 1403785
3.502617 1404857
3.504467 1405929
3.506316 1407001
3.508166 1408073
3.510016 1409145
3.511865 1410217
3.513715 1411289
3.515564 1412361
3.517414 1413433
3.519264 1414505
3.521113 1415577
3.522963 1416649
3.524812 1417721
3.526662 1418793
3.528512 1419865
3.530361 1420937
3.532211 1422009
3.534060 1423081
3.535910 1424153
3.537760 1425225
3.539609 1426297
3.541459 1427369
3.543308 1428441
3.545158 1429513
3.547008 1430585
3.548857 1431657
3.550707 1432729
3.552556 1433801
3.554406 1434873
3.556256 1435945
3.558105 1437017
3.559955 1438089
3.561804 1439161
3.563654 1440233
3.565504 1441305
3.567353 1442377
3.569203 1443449
3.571052 1444521
3.572902 1445593
3.574752 1446665
3.576601 1447737
3.578451 1448809
3.580300 1449881
3.582150 1450953
3.584000 1452025
3.585849 1453097
3.587699 1454169
3.589548 1455241
3.591398 1456313
3.593248 1457385
3.595097 1458457
3.596947 1459529
3.598796 1460601
3.600646 1461673
3.602496 1462745
3.604345 1463817
3.606195 1464889
3.608044 1465961
3.609894 1467033
3.611744 1468105
3.613593 1469177
3.615443 1470249
3.617292 1471321
3.619142 1472393
3.620992 1473465
3.622841 1474537
3.624691 1475609
3.626540 1476681
3.628390 1477753
3.630240 1478825
3.632089 1479897
3.633939 1480969
3.635788 1482041
3.637638 1483113
3.639488 1484185
3.641337 1485257
3.643187 1486329
3.645036 1487401
3.646886 1488473
3.648736 1489545
3.650585 1490617
3.652435 1491689
3.654284 1492761
3.656134 1493833
3.657984 1494905
3.659833 1495977
3.661683 1497049
3.663532 1498121
3.665382 1499193
3.667232 1500265
3.669081 1501337
3.670931 1502409
3.672780 1503481
3.674630 1504553
3.676480 1505625
3.678329 1506697
3.680179 1507769
3.682028 1508841
3.683878 1509913
3.685728 1510985
3.687577 1512057
3.689427 1513129
3.691276 1514201
3.693126 1515273
3.694976 1516345
3.696825 1517417
3.698675 1518489
3.700524 1519561
3.702374 1520633
3.704224 1521705
3.706073 1522777
3.707923 1523849
3.709772 1524921
3.711622 1525993
3.713472 1527065
3.715321 1528137
3.717171 1529209
3.719020 1530281
3.720870 1531353
3.722720 1532425
3.724569 1533497
3.726419 1534569
3.728268 1535641
3.730118 1536713
3.731968 1537785
3.733817 1538857
3.735667 1539929
3.737516 1541001
3.739366 1542073
3.741216 1543145
3.743065 1544217
3.744915 1545289
3.746764 1546361
3.748614 1547433
3.750464 1548505
3.752313 1549577
3.754163 1550649
3.756012 1551721
3.757862 1552793
3.759712 1553865
3.761561 1554937
3.763411 1556009
3.765260 1557081
3.767110 1558153
3.768960 1559225
3.770809 1560297
3.772659 1561369
3.774508 1562441
3.776358 1563513
3.778208 1564585
3.780057 1565657
3.781907 1566729
3.783756 1567801
3.785606 1568873
3.787456 1569945
3.789305 1571017
3.791155 1572089
3.793004 1573161
3.794854 1574233
3.796704 1575305
3.798553 1576377
3.800403 1577449
3.802252 1578521
3.804102 1579593
3.805952 1580665
3.807801 1581737
3.809651 1582809
3.811500 1583881
3.813350 1584953
3.815200 1586025
3.817049 1587097
3.818899 1588169
3.820748 1589241
3.822598 1590313
3.824448 1591385
3.826297 1592457
3.828147 1593529
3.829996 1594601
3.831846 1595673
3.833696 1596745
3.835545 1597817
3.837395 1598889
3.839244 1599961
3.841094 1601033
3.842944 1602105
3.844793 1603177
3.846643 1604249
3.848492 1605321
3.850342 1606393
3.852192 1607465
3.854041 1608537
3.855891 1609609
3.857740 1610681
3.859590 1611753
3.861440 1612825
3.863289 1613897
3.865139 1614969
3.866988 1616041
3.868838 1617113
3.870688 1618185
3.872537 1619257
3.874387 1620329
3.876236 1621401
3.878086 1622473
3.879936 1623545
3.881785 1624617
3.883635 1625689
3.885484 1626761
3.887334 1627833
3.889184 1628905
3.891033 1629977
3.892883 1631049
3.894732 1632121
3.896582 1633193
3.898432 1634265
3.900281 1635337
3.902131 1636409
3.903980 1637481
3.905830 1638553
3.907680 1639625
3.909529 1640697
3.911379 1641769
3.913228 1642841
3.915078 1643913
3.916928 1644985
3.918777 1646057
3.920627 1647129
3.922476 1648201
3.924326 1649273
3.926176 1650345
3.928025 1651417
3.929875 1652489
3.931724 1653561
3.933574 1654633
3.935424 1655705
3.937273 1656777
3.939123 1657849
3.940972 1658921
3.942822 1659993
3.944672 1661065
3.946521 1662137
3.948371 1663209
3.950220 1664281
3.952070 1665353
3.953920 1666425
3.955769 1667497
3.957619 1668569
3.959468 1669641
3.961318 1670713
3.963168 1671785
3.965017 1672857
3.966867 1673929
3.968716 1675001
3.970566 1676073
3.972416 1677145
3.974265 1678217
3.976115 1679289
3.977964 1680361
3.979814 1681433
3.981664 1682505
3.983513 1683577
3.985363 1684649
3.987212 1685721
3.989062 1686793
3.990912 1687865
3.992761 1688937
3.994611 1690009
3.996460 1691081
3.998310 1692153
4.000160 1693225
4.002009 1694297
4.003859 1695369
4.005708 1696441
4.007558 1697513
4.009408 1698585
4.011257 1699657
4.013107 1700729
4.014956 1701801
4.016806 1702873
4.018656 1703945
4.020505 1705017
4.022355 1706089
4.024204 1707161
4.026054 1708233
4.027904 1709305
4.029753 1710377
4.031603 1711449
4.033452 1712521
4.035302 1713593
4.037152 1714665
4.039001 1715737
4.040851 1716809
4.042700 1717881
4.044550 1718953
4.046400 1720025
4.048249 1721097
4.050099 1722169
4.051948 1723241
4.053798 1724313
4.055648 1725385
4.057497 1726457
4.059347 1727529
4.061196 1728601
4.063046 1729673
4.064896 1730745
4.066745 1731817
4.068595 1732889
4.070444 1733961
4.072294 1735033
4.074144 1736105
4.075993 1737177
4.077843 1738249
4.079692 1739321
4.081542 1740393
4.083392 1741465
4.085241 1742537
4.087091 1743609
4.088940 1744681
4.090790 1745753
4.092640 1746825
4.094489 1747897
4.096339 1748969
4.098188 1750041
4.100038 1751113
4.101888 1752185
4.103737 1753257
4.105587 1754329
4.107436 1755401
4.109286 1756473
4.111136 1757545
4.112985 1758617
4.114835 1759689
4.116684 1760761
4.118534 1761833
4.120384 1762905
4.122233 1763977
4.124083 1765049
4.125932 1766121
4.127782 1767193
4.129632 1768265
4.131481 1769337
4.133331 1770409
4.135180 1771481
4.137030 1772553
4.138880 1773625
4.140729 1774697
4.142579 1775769
4.144428 1776841
4.146278 1777913
4.148128 1778985
4.149977 1780057
4.151827 1781129
4.153676 1782201
4.155526 1783273
4.157376 1784345
4.159225 1785417
4.161075 1786489
4.162924 1787561
4.164774 1788633
4.166624 1789705
4.168473 1790777
4.170323 1791849
4.172172 1792921
4.174022 1793993
4.175872 1795065
4.177721 1796137
4.179571 1797209
4.181420 1798281
4.183270 1799353
4.185120 1800425
4.186969 1801497
4.188819 1802569
4.190668 1803641
4.192518 1804713
4.194368 1805785
4.196217 1806857
4.198067 1807929
4.199916 1809001
4.201766 1810073
4.203616 1811145
4.205465 1812217
4.207315 1813289
4.209164 1814361
4.211014 1815433
4.212864 1816505
4.214713 1817577
4.216563 1818649
4.218412 1819721
4.220262 1820793
4.222112 1821865
4.223961 1822937
4.225811 1824009
4.227660 1825081
4.229510 1826153
4.231360 1827225
4.233209 1828297
4.235059 1829369
4.236908 1830441
4.238758 1831513
4.240608 1832585
4.242457 1833657
4.244307 1834729
4.246156 1835801
4.248006 1836873
4.249856 1837945
4.251705 1839017
4.253555 1840089
4.255404 1841161
4.257254 1842233
4.259104 1843305
4.260953 1844377
4.262803 1845449
4.264652 1846521
4.266502 1847593
4.268352 1848665
4.270201 1849737
4.272051 1850809
4.273900 1851881
4.275750 1852953
4.277600 1854025
4.279449 1855097
4.281299 1856169
4.283148 1857241
4.284998 1858313
4.286848 1859385
4.288697 1860457
4.290547 1861529
4.292396 1862601
4.294246 1863673
4.296096 1864745
4.297945 1865817
4.299795 1866889
4.301644 1867961
4.303494 1869033
4.305344 1870105
4.307193 1871177
4.309043 1872249
4.310892 1873321
4.312742 1874393
4.314592 1875465
4.316441 1876537
4.318291 1877609
4.320140 1878681
4.321990 1879753
4.323840 1880825
4.325689 1881897
4.327539 1882969
4.329388 1884041
4.331238 1885113
4.333088 1886185
4.334937 1887257
4.336787 1888329
4.338636 1889401
4.340486 1890473
4.342336 1891545
4.344185 1892617
4.346035 1893689
4.347884 1894761
4.349734 1895833
4.351584 1896905
4.353433 1897977
4.355283 1899049
4.357132 1900121
4.358982 1901193
4.360832 1902265
4.362681 1903337
4.364531 1904409
4.366380 1905481
4.368230 1906553
4.370080 1907625
4.371929 1908697
4.373779 1909769
4.375628 1910841
4.377478 1911913
4.379328 1912985
4.381177 1914057
4.383027 1915129
4.384876 1916201
4.386726 1917273
4.388576 1918345
4.390425 1919417
4.392275 1920489
4.394124 1921561
4.395974 1922633
4.397824 1923705
4.399673 1924777
4.401523 1925849
4.403372 1926921
4.405222 1927993
4.407072 1929065
4.408921 1930137
4.410771 1931209
4.412620 1932281
4.414470 1933353
4.416320 1934425
4.418169 1935497
4.420019 1936569
4.421868 1937641
4.423718 1938713
4.425568 1939785
4.427417 1940857
4.429267 1941929
4.431116 1943001
4.432966 1944073
4.434816 1945145
4.436665 1946217
4.438515 1947289
4.440364 1948361
4.442214 1949433
4.444064 1950505
4.445913 1951577
4.447763 1952649
4.449612 1953721
4.451462 1954793
4.453312 1955865
4.455161 1956937
4.457011 1958009
4.458860 1959081
4.460710 1960153
4.462560 1961225
4.464409 1962297
4.466259 1963369
4.468108 1964441
4.469958 1965513
4.471808 1966585
4.473657 1967657
4.475507 1968729
4.477356 1969801
4.479206 1970873
4.481056 1971945
4.482905 1973017
4.484755 1974089
4.486604 1975161
4.488454 1976233
4.490304 1977305
4.492153 1978377
4.494003 1979449
4.495852 1980521
4.497702 1981593
4.499552 1982665
4.501401 1983737
4.503251 1984809
4.505100 1985881
4.506950 1986953
4.508800 1988025
4.510649 1989097
4.512499 1990169
4.514348 1991241
4.516198 1992313
4.518048 1993385
4.519897 1994457
4.521747 1995529
4.523596 1996601
4.525446 1997673
4.527296 1998745
4.529145 1999817
4.530995 2000889
4.532844 2001961
4.534694 2003033
4.536544 2004105
4.538393 2005177
4.540243 2006249
4.542092 2007321
4.543942 2008393
4.545792 2009465
4.547641 2010537
4.549491 2011609
4.551340 2012681
4.553190 2013753
4.555040 2014825
4.556889 2015897
4.558739 2016969
4.560588 2018041
4.562438 2019113
4.564288 2020185
4.566137 2021257
4.567987 2022329
4.569836 2023401
4.571686 2024473
4.573536 2025545
4.575385 2026617
4.577235 2027689
4.579084 2028761
4.580934 2029833
4.582784 2030905
4.584633 2031977
4.586483 2033049
4.588332 2034121
4.590182 2035193
4.592032 2036265
4.593881 2037337
4.595731 2038409
4.597580 2039481
4.599430 2040553
4.601280 2041625
4.603129 2042697
4.604979 2043769
4.606828 2044841
4.608678 2045913
4.610528 2046985
4.612377 2048057
4.614227 2049129
4.616076 2050201
4.617926 2051273
4.619776 2052345
4.621625 2053417
4.623475 2054489
4.625324 2055561
4.627174 2056633
4.629024 2057705
4.630873 2058777
4.632723 2059849
4.634572 2060921
4.636422 2061993
4.638272 2063065
4.640121 2064137
4.641971 2065209
4.643820 2066281
4.645670 2067353
4.647520 2068425
4.649369 2069497
4.651219 2070569
4.653068 2071641
4.654918 2072713
4.656768 2073785
4.658617 2074857
4.660467 2075929
4.662316 2077001
4.664166 2078073
4.666016 2079145
4.667865 2080217
4.669715 2081289
4.671564 2082361
4.673414 2083433
4.675264 2084505
4.677113 2085577
4.678963 2086649
4.680812 2087721
4.682662 2088793
4.684512 2089865
4.686361 2090937
4.688211 2092009
4.690060 2093081
4.691910 2094153
4.693760 2095225
4.695609 2096297
4.697459 2097369
4.699308 2098441
4.701158 2099513
4.703008 2100585
4.704857 2101657
4.706707 2102729
4.708556 2103801
4.710406 2104873
4.712256 2105945
4.714105 2107017
4.715955 2108089
4.717804 2109161
4.719654 2110233
4.721504 2111305
4.723353 2112377
4.725203 2113449
4.727052 2114521
4.728902 2115593
4.730752 2116665
4.732601 2117737
4.734451 2118809
4.736300 2119881
4.738150 2120953
4.740000 2122025
4.741849 2123097
4.743699 2124169
4.745548 2125241
4.747398 2126313
4.749248 2127385
4.751097 2128457
4.752947 2129529
4.754796 2130601
4.756646 2131673
4.758496 2132745
4.760345 2133817
4.762195 2134889
4.764044 2135961
4.765894 2137033
4.767744 2138105
4.769593 2139177
4.771443 2140249
4.773292 2141321
4.775142 2142393
4.776992 2143465
4.778841 2144537
4.780691 2145609
4.782540 2146681
4.784390 2147753
4.786240 2148825
4.788089 2149897
4.789939 2150969
4.791788 2152041
4.793638 2153113
4.795488 2154185
4.797337 2155257
4.799187 2156329
4.801036 2157401
4.802886 2158473
4.804736 2159545
4.806585 2160617
4.808435 2161689
4.810284 2162761
4.812134 2163833
4.813984 2164905
4.815833 2165977
4.817683 2167049
4.819532 2168121
4.821382 2169193
4.823232 2170265
4.825081 2171337
4.826931 2172409
4.828780 2173481
4.830630 2174553
4.832480 2175625
4.834329 2176697
4.836179 2177769
4.838028 2178841
4.839878 2179913
4.841728 2180985
4.843577 2182057
4.845427 2183129
4.847276 2184201
4.849126 2185273
4.850976 2186345
4.852825 2187417
4.854675 2188489
4.856524 2189561
4.858374 2190633
4.860224 2191705
4.862073 2192777
4.863923 2193849
4.865772 2194921
4.867622 2195993
4.869472 2197065
4.871321 2198137
4.873171 2199209
4.875020 2200281
4.876870 2201353
4.878720 2202425
4.880569 2203497
4.882419 2204569
4.884268 2205641
4.886118 2206713
4.887968 2207785
4.889817 2208857
4.891667 2209929
4.893516 2211001
4.895366 2212073
4.897216 2213145
4.899065 2214217
4.900915 2215289
4.902764 2216361
4.904614 2217433
4.906464 2218505
4.908313 2219577
4.910163 2220649
4.912012 2221721
4.913862 2222793
4.915712 2223865
4.917561 2224937
4.919411 2226009
4.921260 2227081
4.923110 2228153
4.924960 2229225
4.926809 2230297
4.928659 2231369
4.930508 2232441
4.932358 2233513
4.934208 2234585
4.936057 2235657
4.937907 2236729
4.939756 2237801
4.941606 2238873
4.943456 2239945
4.945305 2241017
4.947155 2242089
4.949004 2243161
4.950854 2244233
4.952704 2245305
4.954553 2246377
4.956403 2247449
4.958252 2248521
4.960102 2249593
4.961952 2250665
4.963801 2251737
4.965651 2252809
4.967500 2253881
4.969350 2254953
4.971200 2256025
4.973049 2257097
4.974899 2258169
4.976748 2259241
4.978598 2260313
4.980448 2261385
4.982297 2262457
4.984147 2263529
4.985996 2264601
4.987846 2265673
4.989696 2266745
4.991545 2267817
4.993395 2268889
4.995244 2269961
4.997094 2271033
4.998944 2272105
5.000793 2273177
5.002643 2274249
5.004492 2275321
5.006342 2276393
5.008192 2277465
5.010041 2278537
5.011891 2279609
5.013740 2280681
5.015590 2281753
5.017440 2282825
5.019289 2283897
5.021139 2284969
5.022988 2286041
5.024838 2287113
5.026688 2288185
5.028537 2289257
5.030387 2290329
5.032236 2291401
5.034086 2292473
5.035936 2293545
5.037785 2294617
5.039635 2295689
5.041484 2296761
5.043334 2297833
5.045184 2298905
5.047033 2299977
5.048883 2301049
5.050732 2302121
5.052582 2303193
5.054432 2304265
5.056281 2305337
5.058131 2306409
5.059980 2307481
5.061830 2308553
5.063680 2309625
5.065529 2310697
5.067379 2311769
5.069228 2312841
5.071078 2313913
5.072928 2314985
5.074777 2316057
5.076627 2317129
5.078476 2318201
5.080326 2319273
5.082176 2320345
5.084025 2321417
5.085875 2322489
5.087724 2323561
5.089574 2324633
5.091424 2325705
5.093273 2326777
5.095123 2327849
5.096972 2328921
5.098822 2329993
5.100672 2331065
5.102521 2332137
5.104371 2333209
5.106220 2334281
5.108070 2335353
5.109920 2336425
5.111769 2337497
5.113619 2338569
5.115468 2339641
5.117318 2340713
5.119168 2341785
5.121017 2342857
5.122867 2343929
5.124716 2345001
5.126566 2346073
5.128416 2347145
5.130265 2348217
5.132115 2349289
5.133964 2350361
5.135814 2351433
5.137664 2352505
5.139513 2353577
5.141363 2354649
5.143212 2355721
5.145062 2356793
5.146912 2357865
5.148761 2358937
5.150611 2360009
5.152460 2361081
5.154310 2362153
5.156160 2363225
5.158009 2364297
5.159859 2365369
5.161708 2366441
5.163558 2367513
5.165408 2368585
5.167257 2369657
5.169107 2370729
5.170956 2371801
5.172806 2372873
5.174656 2373945
5.176505 2375017
5.178355 2376089
5.180204 2377161
5.182054 2378233
5.183904 2379305
5.185753 2380377
5.187603 2381449
5.189452 2382521
5.191302 2383593
5.193152 2384665
5.195001 2385737
5.196851 2386809
5.198700 2387881
5.200550 2388953
5.202400 2390025
5.204249 2391097
5.206099 2392169
5.207948 2393241
5.209798 2394313
5.211648 2395385
5.213497 2396457
5.215347 2397529
5.217196 2398601
5.219046 2399673
5.220896 2400745
5.222745 2401817
5.224595 2402889
5.226444 2403961
5.228294 2405033
5.230144 2406105
5.231993 2407177
5.233843 2408249
5.235692 2409321
5.237542 2410393
5.239392 2411465
5.241241 2412537
5.243091 2413609
5.244940 2414681
5.246790 2415753
5.248640 2416825
5.250489 2417897
5.252339 2418969
5.254188 2420041
5.256038 2421113
5.257888 2422185
5.259737 2423257
5.261587 2424329
5.263436 2425401
5.265286 2426473
5.267136 2427545
5.268985 2428617
5.270835 2429689
5.272684 2430761
5.274534 2431833
5.276384 2432905
5.278233 2433977
5.280083 2435049
5.281932 2436121
5.283782 2437193
5.285632 2438265
5.287481 2439337
5.289331 2440409
5.291180 2441481
5.293030 2442553
5.294880 2443625
5.296729 2444697
5.298579 2445769
5.300428 2446841
5.302278 2447913
5.304128 2448985
5.305977 2450057
5.307827 2451129
5.309676 2452201
5.311526 2453273
5.313376 2454345
5.315225 2455417
5.317075 2456489
5.318924 2457561
5.320774 2458633
5.322624 2459705
5.324473 2460777
5.326323 2461849
5.328172 2462921
5.330022 2463993
5.331872 2465065
5.333721 2466137
5.335571 2467209
5.337420 2468281
5.339270 2469353
5.341120 2470425
5.342969 2471497
5.344819 2472569
5.346668 2473641
5.348518 2474713
5.350368 2475785
5.352217 2476857
5.354067 2477929
5.355916 2479001
5.357766 2480073
5.359616 2481145
5.361465 2482217
5.363315 2483289
5.365164 2484361
5.367014 2485433
5.368864 2486505
5.370713 2487577
5.372563 2488649
5.374412 2489721
5.376262 2490793
5.378112 2491865
5.379961 2492937
5.381811 2494009
5.383660 2495081
5.385510 2496153
5.387360 2497225
5.389209 2498297
5.391059 2499369
5.392908 2500441
5.394758 2501513
5.396608 2502585
5.398457 2503657
5.400307 2504729
5.402156 2505801
5.404006 2506873
5.405856 2507945
5.407705 2509017
5.409555 2510089
5.411404 2511161
5.413254 2512233
5.415104 2513305
5.416953 2514377
5.418803 2515449
5.420652 2516521
5.422502 2517593
5.424352 2518665
5.426201 2519737
5.428051 2520809
5.429900 2521881
5.431750 2522953
5.433600 2524025
5.435449 2525097
5.437299 2526169
5.439148 2527241
5.440998 2528313
5.442848 2529385
5.444697 2530457
5.446547 2531529
5.448396 2532601
5.450246 2533673
5.452096 2534745
5.453945 2535817
5.455795 2536889
5.457644 2537961
5.459494 2539033
5.461344 2540105
5.463193 2541177
5.465043 2542249
5.466892 2543321
5.468742 2544393
5.470592 2545465
5.472441 2546537
5.474291 2547609
5.476140 2548681
5.477990 2549753
5.479840 2550825
5.481689 2551897
5.483539 2552969
5.485388 2554041
5.487238 2555113
5.489088 2556185
5.490937 2557257
5.492787 2558329
5.494636 2559401
5.496486 2560473
5.498336 2561545
5.500185 2562617
5.502035 2563689
5.503884 2564761
5.505734 2565833
5.507584 2566905
5.509433 2567977
5.511283 2569049
5.513132 2570121
5.514982 2571193
5.516832 2572265
5.518681 2573337
5.520531 2574409
5.522380 2575481
5.524230 2576553
5.526080 2577625
5.527929 2578697
5.529779 2579769
5.531628 2580841
5.533478 2581913
5.535328 2582985
5.537177 2584057
5.539027 2585129
5.540876 2586201
5.542726 2587273
5.544576 2588345
5.546425 2589417
5.548275 2590489
5.550124 2591561
5.551974 2592633
5.553824 2593705
5.555673 2594777
5.557523 2595849
5.559372 2596921
5.561222 2597993
5.563072 2599065
5.564921 2600137
5.566771 2601209
5.568620 2602281
5.570470 2603353
5.572320 2604425
5.574169 2605497
5.576019 2606569
5.577868 2607641
5.579718 2608713
5.581568 2609785
5.583417 2610857
5.585267 2611929
5.587116 2613001
5.588966 2614073
5.590816 2615145
5.592665 2616217
5.594515 2617289
5.596364 2618361
5.598214 2619433
5.600064 2620505
5.601913 2621577
5.603763 2622649
5.605612 2623721
5.607462 2624793
5.609312 2625865
5.611161 2626937
5.613011 2628009
5.614860 2629081
5.616710 2630153
5.618560 2631225
5.620409 2632297
5.622259 2633369
5.624108 2634441
5.625958 2635513
5.627808 2636585
5.629657 2637657
5.631507 2638729
5.633356 2639801
5.635206 2640873
5.637056 2641945
5.638905 2643017
5.640755 2644089
5.642604 2645161
5.644454 2646233
5.646304 2647305
5.648153 2648377
5.650003 2649449
5.651852 2650521
5.653702 2651593
5.655552 2652665
5.657401 2653737
5.659251 2654809
5.661100 2655881
5.662950 2656953
5.664800 2658025
5.666649 2659097
5.668499 2660169
5.670348 2661241
5.672198 2662313
5.674048 2663385
5.675897 2664457
5.677747 2665529
5.679596 2666601
5.681446 2667673
5.683296 2668745
5.685145 2669817
5.686995 2670889
5.688844 2671961
5.690694 2673033
5.692544 2674105
5.694393 2675177
5.696243 2676249
5.698092 2677321
5.699942 2678393
5.701792 2679465
5.703641 2680537
5.705491 2681609
5.707340 2682681
5.709190 2683753
5.711040 2684825
5.712889 2685897
5.714739 2686969
5.716588 2688041
5.718438 2689113
5.720288 2690185
5.722137 2691257
5.723987 2692329
5.725836 2693401
5.727686 2694473
5.729536 2695545
5.731385 2696617
5.733235 2697689
5.735084 2698761
5.736934 2699833
5.738784 2700905
5.740633 2701977
5.742483 2703049
5.744332 2704121
5.746182 2705193
5.748032 2706265
5.749881 2707337
5.751731 2708409
5.753580 2709481
5.755430 2710553
5.757280 2711625
5.759129 2712697
5.760979 2713769
5.762828 2714841
5.764678 2715913
5.766528 2716985
5.768377 2718057
5.770227 2719129
5.772076 2720201
5.773926 2721273
5.775776 2722345
5.777625 2723417
5.779475 2724489
5.781324 2725561
5.783174 2726633
5.785024 2727705
5.786873 2728777
5.788723 2729849
5.790572 2730921
5.792422 2731993
5.794272 2733065
5.796121 2734137
5.797971 2735209
5.799820 2736281
5.801670 2737353
5.803520 2738425
5.805369 2739497
5.807219 2740569
5.809068 2741641
5.810918 2742713
5.812768 2743785
5.814617 2744857
5.816467 2745929
5.818316 2747001
5.820166 2748073
5.822016 2749145
5.823865 2750217
5.825715 2751289
5.827564 2752361
5.829414 2753433
5.831264 2754505
5.833113 2755577
5.834963 2756649
5.836812 2757721
5.838662 2758793
5.840512 2759865
5.842361 2760937
5.844211 2762009
5.846060 2763081
5.847910 2764153
5.849760 2765225
5.851609 2766297
5.853459 2767369
5.855308 2768441
5.857158 2769513
5.859008 2770585
5.860857 2771657
5.862707 2772729
5.864556 2773801
5.866406 2774873
5.868256 2775945
5.870105 2777017
5.871955 2778089
5.873804 2779161
5.875654 2780233
5.877504 2781305
5.879353 2782377
5.881203 2783449
5.883052 2784521
5.884902 2785593
5.886752 2786665
5.888601 2787737
5.890451 2788809
5.892300 2789881
5.894150 2790953
5.896000 2792025
5.897849 2793097
5.899699 2794169
5.901548 2795241
5.903398 2796313
5.905248 2797385
5.907097 2798457
5.908947 2799529
5.910796 2800601
5.912646 2801673
5.914496 2802745
5.916345 2803817
5.918195 2804889
5.920044 2805961
5.921894 2807033
5.923744 2808105
5.925593 2809177
5.927443 2810249
5.929292 2811321
5.931142 2812393
5.932992 2813465
5.934841 2814537
5.936691 2815609
5.938540 2816681
5.940390 2817753
5.942240 2818825
5.944089 2819897
5.945939 2820969
5.947788 2822041
5.949638 2823113
5.951488 2824185
5.953337 2825257
5.955187 2826329
5.957036 2827401
5.958886 2828473
5.960736 2829545
5.962585 2830617
5.964435 2831689
5.966284 2832761
5.968134 2833833
5.969984 2834905
5.971833 2835977
5.973683 2837049
5.975532 2838121
5.977382 2839193
5.979232 2840265
5.981081 2841337
5.982931 2842409
5.984780 2843481
5.986630 2844553
5.988480 2845625
5.990329 2846697
5.992179 2847769
5.994028 2848841
5.995878 2849913
5.997728 2850985
5.999577 2852057
6.001427 2853129
6.003276 2854201
6.005126 2855273
6.006976 2856345
6.008825 2857417
6.010675 2858489
6.012524 2859561
6.014374 2860633
6.016224 2861705
6.018073 2862777
6.019923 2863849
6.021772 2864921
6.023622 2865993
6.025472 2867065
6.027321 2868137
6.029171 2869209
6.031020 2870281
6.032870 2871353
6.034720 2872425
6.036569 2873497
6.038419 2874569
6.040268 2875641
6.042118 2876713
6.043968 2877785
6.045817 2878857
6.047667 2879929
6.049516 2881001
6.051366 2882073
6.053216 2883145
6.055065 2884217
6.056915 2885289
6.058764 2886361
6.060614 2887433
6.062464 2888505
6.064313 2889577
6.066163 2890649
6.068012 2891721
6.069862 2892793
6.071712 2893865
6.073561 2894937
6.075411 2896009
6.077260 2897081
6.079110 2898153
6.080960 2899225
6.082809 2900297
6.084659 2901369
6.086508 2902441
6.088358 2903513
6.090208 2904585
6.092057 2905657
6.093907 2906729
6.095756 2907801
6.097606 2908873
6.099456 2909945
6.101305 2911017
6.103155 2912089
6.105004 2913161
6.106854 2914233
6.108704 2915305
6.110553 2916377
6.112403 2917449
6.114252 2918521
6.116102 2919593
6.117952 2920665
6.119801 2921737
6.121651 2922809
6.123500 2923881
6.125350 2924953
6.127200 2926025
6.129049 2927097
6.130899 2928169
6.132748 2929241
6.134598 2930313
6.136448 2931385
6.138297 2932457
6.140147 2933529
6.141996 2934601
6.143846 2935673
6.145696 2936745
6.147545 2937817
6.149395 2938889
6.151244 2939961
6.153094 2941033
6.154944 2942105
6.156793 2943177
6.158643 2944249
6.160492 2945321
6.162342 2946393
6.164192 2947465
6.166041 2948537
6.167891 2949609
6.169740 2950681
6.171590 2951753
6.173440 2952825
6.175289 2953897
6.177139 2954969
6.178988 2956041
6.180838 2957113
6.182688 2958185
6.184537 2959257
6.186387 2960329
6.188236 2961401
6.190086 2962473
6.191936 2963545
6.193785 2964617
6.195635 2965689
6.197484 2966761
6.199334 2967833
6.201184 2968905
6.203033 2969977
6.204883 2971049
6.206732 2972121
6.208582 2973193
6.210432 2974265
6.212281 2975337
6.214131 2976409
6.215980 2977481
6.217830 2978553
6.219680 2979625
6.221529 2980697
6.223379 2981769
6.225228 2982841
6.227078 2983913
6.228928 2984985
6.230777 2986057
6.232627 2987129
6.234476 2988201
6.236326 2989273
6.238176 2990345
6.240025 2991417
6.241875 2992489
6.243724 2993561
6.245574 2994633
6.247424 2995705
6.249273 2996777
6.251123 2997849
6.252972 2998921
6.254822 2999993
6.256672 3001065
6.258521 3002137
6.260371 3003209
6.262220 3004281
6.264070 3005353
6.265920 3006425
6.267769 3007497
6.269619 3008569
6.271468 3009641
6.273318 3010713
6.275168 3011785
6.277017 3012857
6.278867 3013929
6.280716 3015001
6.282566 3016073
6.284416 3017145
6.286265 3018217
6.288115 3019289
6.289964 3020361
6.291814 3021433
6.293664 3022505
6.295513 3023577
6.297363 3024649
6.299212 3025721
6.301062 3026793
6.302912 3027865
6.304761 3028937
6.306611 3030009
6.308460 3031081
6.310310 3032153
6.312160 3033225
6.314009 3034297
6.315859 3035369
6.317708 3036441
6.319558 3037513
6.321408 3038585
6.323257 3039657
6.325107 3040729
6.326956 3041801
6.328806 3042873
6.330656 3043945
6.332505 3045017
6.334355 3046089
6.336204 3047161
6.338054 3048233
6.339904 3049305
6.341753 3050377
6.343603 3051449
6.345452 3052521
6.347302 3053593
6.349152 3054665
6.351001 3055737
6.352851 3056809
6.354700 3057881
6.356550 3058953
6.358400 3060025
6.360249 3061097
6.362099 3062169
6.363948 3063241
6.365798 3064313
6.367648 3065385
6.369497 3066457
6.371347 3067529
6.373196 3068601
6.375046 3069673
6.376896 3070745
6.378745 3071817
6.380595 3072889
6.382444 3073961
6.384294 3075033
6.386144 3076105
6.387993 3077177
6.389843 3078249
6.391692 3079321
6.393542 3080393
6.395392 3081465
6.397241 3082537
6.399091 3083609
6.400940 3084681
6.402790 3085753
6.404640 3086825
6.406489 3087897
6.408339 3088969
6.410188 3090041
6.412038 3091113
6.413888 3092185
6.415737 3093257
6.417587 3094329
6.419436 3095401
6.421286 3096473
6.423136 3097545
6.424985 3098617
6.426835 3099689
6.428684 3100761
6.430534 3101833
6.432384 3102905
6.434233 3103977
6.436083 3105049
6.437932 3106121
6.439782 3107193
6.441632 3108265
6.443481 3109337
6.445331 3110409
6.447180 3111481
6.449030 3112553
6.450880 3113625
6.452729 3114697
6.454579 3115769
6.456428 3116841
6.458278 3117913
6.460128 3118985
6.461977 3120057
6.463827 3121129
6.465676 3122201
6.467526 3123273
6.469376 3124345
6.471225 3125417
6.473075 3126489
6.474924 3127561
6.476774 3128633
6.478624 3129705
6.480473 3130777
6.482323 3131849
6.484172 3132921
6.486022 3133993
6.487872 3135065
6.489721 3136137
6.491571 3137209
6.493420 3138281
6.495270 3139353
6.497120 3140425
6.498969 3141497
6.500819 3142569
6.502668 3143641
6.504518 3144713
6.506368 3145785
6.508217 3146857
6.510067 3147929
6.511916 3149001
6.513766 3150073
6.515616 3151145
6.517465 3152217
6.519315 3153289
6.521164 3154361
6.523014 3155433
6.524864 3156505
6.526713 3157577
6.528563 3158649
6.530412 3159721
6.532262 3160793
6.534112 3161865
6.535961 3162937
6.537811 3164009
6.539660 3165081
6.541510 3166153
6.543360 3167225
6.545209 3168297
6.547059 3169369
6.548908 3170441
6.550758 3171513
6.552608 3172585
6.554457 3173657
6.556307 3174729
6.558156 3175801
6.560006 3176873
6.561856 3177945
6.563705 3179017
6.565555 3180089
6.567404 3181161
6.569254 3182233
6.571104 3183305
6.572953 3184377
6.574803 3185449
6.576652 3186521
6.578502 3187593
6.580352 3188665
6.582201 3189737
6.584051 3190809
6.585900 3191881
6.587750 3192953
6.589600 3194025
6.591449 3195097
6.593299 3196169
6.595148 3197241
6.596998 3198313
6.598848 3199385
6.600697 3200457
6.602547 3201529
6.604396 3202601
6.606246 3203673
6.608096 3204745
6.609945 3205817
6.611795 3206889
6.613644 3207961
6.615494 3209033
6.617344 3210105
6.619193 3211177
6.621043 3212249
6.622892 3213321
6.624742 3214393
6.626592 3215465
6.628441 3216537
6.630291 3217609
6.632140 3218681
6.633990 3219753
6.635840 3220825
6.637689 3221897
6.639539 3222969
6.641388 3224041
6.643238 3225113
6.645088 3226185
6.646937 3227257
6.648787 3228329
6.650636 3229401
6.652486 3230473
6.654336 3231545
6.656185 3232617
6.658035 3233689
6.659884 3234761
6.661734 3235833
6.663584 3236905
6.665433 3237977
6.667283 3239049
6.669132 3240121
6.670982 3241193
6.672832 3242265
6.674681 3243337
6.676531 3244409
6.678380 3245481
6.680230 3246553
6.682080 3247625
6.683929 3248697
6.685779 3249769
6.687628 3250841
6.689478 3251913
6.691328 3252985
6.693177 3254057
6.695027 3255129
6.696876 3256201
6.698726 3257273
6.700576 3258345
6.702425 3259417
6.704275 3260489
6.706124 3261561
6.707974 3262633
6.709824 3263705
6.711673 3264777
6.713523 3265849
6.715372 3266921
6.717222 3267993
6.719072 3269065
6.720921 3270137
6.722771 3271209
6.724620 3272281
6.726470 3273353
6.728320 3274425
6.730169 3275497
6.732019 3276569
6.733868 3277641
6.735718 3278713
6.737568 3279785
6.739417 3280857
6.741267 3281929
6.743116 3283001
6.744966 3284073
6.746816 3285145
6.748665 3286217
6.750515 3287289
6.752364 3288361
6.754214 3289433
6.756064 3290505
6.757913 3291577
6.759763 3292649
6.761612 3293721
6.763462 3294793
6.765312 3295865
6.767161 3296937
6.769011 3298009
6.770860 3299081
6.772710 3300153
6.774560 3301225
6.776409 3302297
6.778259 3303369
6.780108 3304441
6.781958 3305513
6.783808 3306585
6.785657 3307657
6.787507 3308729
6.789356 3309801
6.791206 3310873
6.793056 3311945
6.794905 3313017
6.796755 3314089
6.798604 3315161
6.800454 3316233
6.802304 3317305
6.804153 3318377
6.806003 3319449
6.807852 3320521
6.809702 3321593
6.811552 3322665
6.813401 3323737
6.815251 3324809
6.817100 3325881
6.818950 3326953
6.820800 3328025
6.822649 3329097
6.824499 3330169
6.826348 3331241
6.828198 3332313
6.830048 3333385
6.831897 3334457
6.833747 3335529
6.835596 3336601
6.837446 3337673
6.839296 3338745
6.841145 3339817
6.842995 3340889
6.844844 3341961
6.846694 3343033
6.848544 3344105
6.850393 3345177
6.852243 3346249
6.854092 3347321
6.855942 3348393
6.857792 3349465
6.859641 3350537
6.861491 3351609
6.863340 3352681
6.865190 3353753
6.867040 3354825
6.868889 3355897
6.870739 3356969
6.872588 3358041
6.874438 3359113
6.876288 3360185
6.878137 3361257
6.879987 3362329
6.881836 3363401
6.883686 3364473
6.885536 3365545
6.887385 3366617
6.889235 3367689
6.891084 3368761
6.892934 3369833
6.894784 3370905
6.896633 3371977
6.898483 3373049
6.900332 3374121
6.902182 3375193
6.904032 3376265
6.905881 3377337
6.907731 3378409
6.909580 3379481
6.911430 3380553
6.913280 3381625
6.915129 3382697
6.916979 3383769
6.918828 3384841
6.920678 3385913
6.922528 3386985
6.924377 3388057
6.926227 3389129
6.928076 3390201
6.929926 3391273
6.931776 3392345
6.933625 3393417
6.935475 3394489
6.937324 3395561
6.939174 3396633
6.941024 3397705
6.942873 3398777
6.944723 3399849
6.946572 3400921
6.948422 3401993
6.950272 3403065
6.952121 3404137
6.953971 3405209
6.955820 3406281
6.957670 3407353
6.959520 3408425
6.961369 3409497
6.963219 3410569
6.965068 3411641
6.966918 3412713
6.968768 3413785
6.970617 3414857
6.972467 3415929
6.974316 3417001
6.976166 3418073
6.978016 3419145
6.979865 3420217
6.981715 3421289
6.983564 3422361
6.985414 3423433
6.987264 3424505
6.989113 3425577
6.990963 3426649
6.992812 3427721
6.994662 3428793
6.996512 3429865
6.998361 3430937
7.000211 3432009
7.002060 3433081
7.003910 3434153
7.005760 3435225
7.007609 3436297
7.009459 3437369
7.011308 3438441
7.013158 3439513
7.015008 3440585
7.016857 3441657
7.018707 3442729
7.020556 3443801
7.022406 3444873
7.024256 3445945
7.026105 3447017
7.027955 3448089
7.029804 3449161
7.031654 3450233
7.033504 3451305
7.035353 3452377
7.037203 3453449
7.039052 3454521
7.040902 3455593
7.042752 3456665
7.044601 3457737
7.046451 3458809
7.048300 3459881
7.050150 3460953
7.052000 3462025
7.053849 3463097
7.055699 3464169
7.057548 3465241
7.059398 3466313
7.061248 3467385
7.063097 3468457
7.064947 3469529
7.066796 3470601
7.068646 3471673
7.070496 3472745
7.072345 3473817
7.074195 3474889
7.076044 3475961
7.077894 3477033
7.079744 3478105
7.081593 3479177
7.083443 3480249
7.085292 3481321
7.087142 3482393
7.088992 3483465
7.090841 3484537
7.092691 3485609
7.094540 3486681
7.096390 3487753
7.098240 3488825
7.100089 3489897
7.101939 3490969
7.103788 3492041
7.105638 3493113
7.107488 3494185
7.109337 3495257
7.111187 3496329
7.113036 3497401
7.114886 3498473
7.116736 3499545
7.118585 3500617
7.120435 3501689
7.122284 3502761
7.124134 3503833
7.125984 3504905
7.127833 3505977
7.129683 3507049
7.131532 3508121
7.133382 3509193
7.135232 3510265
7.137081 3511337
7.138931 3512409
7.140780 3513481
7.142630 3514553
7.144480 3515625
7.146329 3516697
7.148179 3517769
7.150028 3518841
7.151878 3519913
7.153728 3520985
7.155577 3522057
7.157427 3523129
7.159276 3524201
7.161126 3525273
7.162976 3526345
7.164825 3527417
7.166675 3528489
7.168524 3529561
7.170374 3530633
7.172224 3531705
7.174073 3532777
7.175923 3533849
7.177772 3534921
7.179622 3535993
7.181472 3537065
7.183321 3538137
7.185171 3539209
7.187020 3540281
7.188870 3541353
7.190720 3542425
7.192569 3543497
7.194419 3544569
7.196268 3545641
7.198118 3546713
7.199968 3547785
7.201817 3548857
7.203667 3549929
7.205516 3551001
7.207366 3552073
7.209216 3553145
7.211065 3554217
7.212915 3555289
7.214764 3556361
7.216614 3557433
7.218464 3558505
7.220313 3559577
7.222163 3560649
7.224012 3561721
7.225862 3562793
7.227712 3563865
7.229561 3564937
7.231411 3566009
7.233260 3567081
7.235110 3568153
7.236960 3569225
7.238809 3570297
7.240659 3571369
7.242508 3572441
7.244358 3573513
7.246208 3574585
7.248057 3575657
7.249907 3576729
7.251756 3577801
7.253606 3578873
7.255456 3579945
7.257305 3581017
7.259155 3582089
7.261004 3583161
7.262854 3584233
7.264704 3585305
7.266553 3586377
7.268403 3587449
7.270252 3588521
7.272102 3589593
7.273952 3590665
7.275801 3591737
7.277651 3592809
7.279500 3593881
7.281350 3594953
7.283200 3596025
7.285049 3597097
7.286899 3598169
7.288748 3599241
7.290598 3600313
7.292448 3601385
7.294297 3602457
7.296147 3603529
7.297996 3604601
7.299846 3605673
7.301696 3606745
7.303545 3607817
7.306320 3608353
7.307244 3608353
7.308169 3608353
7.309094 3608353
7.310019 3608353
7.310944 3608353
7.311868 3608353
7.312793 3608353
7.313718 3608353
7.314643 3608353
7.315568 3608353
7.316492 3608353
7.317417 3608353
7.318342 3608353
7.319267 3608353
7.320192 3608353
7.321116 3608353
7.322041 3608353
7.322966 3608353
7.323891 3608353
7.324816 3608353
7.325740 3608353
7.326665 3608353
7.327590 3608353
7.328515 3608353
7.329440 3608353
7.330364 3608353
7.331289 3608353
7.332214 3608353
7.333139 3608353
7.334064 3608353
7.334988 3608353
7.335913 3608353
7.336838 3608353
7.337763 3608353
7.338688 3608353
7.339612 3608353
7.340537 3608353
7.341462 3608353
7.342387 3608353
7.343312 3608353
7.344236 3608353
7.345161 3608353
7.346086 3608353
7.347011 3608353
7.347936 3608353
7.348860 3608353
7.349785 3608353
7.350710 3608353
7.351635 3608353
7.352560 3608353
7.353484 3608353
7.354409 3608353
7.355334 3608353
7.356259 3608353
7.357184 3608353
7.358108 3608353
7.359033 3608353
7.359958 3608353
7.360883 3608353
7.361808 3608353
7.362732 3608353
7.363657 3608353
7.364582 3608353
7.365507 3608353
7.366432 3608353
7.367356 3608353
7.368281 3608353
7.369206 3608353
7.370131 3608353
7.371056 3608353
7.371980 3608353
7.372905 3608353
7.373830 3608353
7.374755 3608353
7.375680 3608353
7.376604 3608353
7.377529 3608353
7.378454 3608353
7.379379 3608353
7.380304 3608353
7.381228 3608353
7.382153 3608353
7.383078 3608353
7.384003 3608353
7.384928 3608353
7.385852 3608353
7.386777 3608353
7.387702 3656057
7.389552 3657129
7.391401 3658201
7.393251 3659273
7.395100 3660345
7.396950 3661417
7.398800 3662489
7.400649 3663561
7.402499 3664633
7.404348 3665705
7.406198 3666777
7.408048 3667849
7.409897 3668921
7.411747 3669993
7.413596 3671065
7.415446 3672137
7.417296 3673209
7.419145 3674281
7.420995 3675353
7.422844 3676425
7.424694 3677497
7.426544 3678569
7.428393 3679641
7.430243 3680713
7.432092 3681785
7.433942 3682857
7.435792 3683929
7.437641 3685001
7.439491 3686073
7.441340 3687145
7.443190 3688217
7.445040 3689289
7.446889 3690361
7.448739 3691433
7.450588 3692505
7.452438 3693577
7.454288 3694649
7.456137 3695721
7.457987 3696793
7.459836 3697865
7.461686 3698937
7.463536 3700009
7.465385 3701081
7.467235 3702153
7.469084 3703225
7.470934 3704297
7.472784 3705369
7.474633 3706441
7.476483 3707513
7.478332 3708585
7.480182 3709657
7.482032 3710729
7.483881 3711801
7.485731 3712873
7.487580 3713945
7.489430 3715017
7.491280 3716089
7.493129 3717161
7.494979 3718233
7.496828 3719305
7.498678 3720377
7.500528 3721449
7.502377 3722521
7.504227 3723593
7.506076 3724665
7.507926 3725737
7.509776 3726809
7.511625 3727881
7.513475 3728953
7.515324 3730025
7.517174 3731097
7.519024 3732169
7.520873 3733241
7.522723 3734313
7.524572 3735385
7.526422 3736457
7.528272 3737529
7.530121 3738601
7.531971 3739673
7.533820 3740745
7.535670 3741817
7.537520 3742889
7.539369 3743961
7.541219 3745033
7.543068 3746105
7.544918 3747177
7.546768 3748249
7.548617 3749321
7.550467 3750393
7.552316 3751465
7.554166 3752537
7.556016 3753609
7.557865 3754681
7.559715 3755753
7.561564 3756825
7.563414 3757897
7.565264 3758969
7.567113 3760041
7.568963 3761113
7.570812 3762185
7.572662 3763257
7.574512 3764329
7.576361 3765401
7.578211 3766473
7.580060 3767545
7.581910 3768617
7.583760 3769689
7.585609 3770761
7.587459 3771833
7.589308 3772905
7.591158 3773977
7.593008 3775049
7.594857 3776121
7.596707 3777193
7.598556 3778265
7.600406 3779337
7.602256 3780409
7.604105 3781481
7.605955 3782553
7.607804 3783625
7.609654 3784697
7.611504 3785769
7.613353 3786841
7.615203 3787913
7.617052 3788985
7.618902 3790057
7.620752 3791129
7.622601 3792201
7.624451 3793273
7.626300 3794345
7.628150 3795417
7.630000 3796489
7.631849 3797561
7.633699 3798633
7.635548 3799705
7.637398 3800777
7.639248 3801849
7.641097 3802921
7.642947 3803993
7.644796 3805065
7.646646 3806137
7.648496 3807209
7.650345 3808281
7.652195 3809353
7.654044 3810425
7.655894 3811497
7.657744 3812569
7.659593 3813641
7.661443 3814713
7.663292 3815785
7.665142 3816857
7.666992 3817929
7.668841 3819001
7.670691 3820073
7.672540 3821145
7.674390 3822217
7.676240 3823289
7.678089 3824361
7.679939 3825433
7.681788 3826505
7.683638 3827577
7.685488 3828649
7.687337 3829721
7.689187 3830793
7.691036 3831865
7.692886 3832937
7.694736 3834009
7.696585 3835081
7.698435 3836153
7.700284 3837225
7.702134 3838297
7.703984 3839369
7.705833 3840441
7.707683 3841513
7.709532 3842585
7.711382 3843657
7.713232 3844729
7.715081 3845801
7.716931 3846873
7.718780 3847945
7.720630 3849017
7.722480 3850089
7.724329 3851161
7.726179 3852233
7.728028 3853305
7.729878 3854377
7.731728 3855449
7.733577 3856521
7.735427 3857593
7.737276 3858665
7.739126 3859737
7.740976 3860809
7.742825 3861881
7.744675 3862953
7.746524 3864025
7.748374 3865097
7.750224 3866169
7.752073 3867241
7.753923 3868313
7.755772 3869385
7.757622 3870457
7.759472 3871529
7.761321 3872601
7.763171 3873673
7.765020 3874745
7.766870 3875817
7.768720 3876889
7.770569 3877961
7.772419 3879033
7.774268 3880105
7.776118 3881177
7.777968 3882249
7.779817 3883321
7.781667 3884393
7.783516 3885465
7.785366 3886537
7.787216 3887609
7.789065 3888681
7.790915 3889753
7.792764 3890825
7.794614 3891897
7.796464 3892969
7.798313 3894041
7.800163 3895113
7.802012 3896185
7.803862 3897257
7.805712 3898329
7.807561 3899401
7.809411 3900473
7.811260 3901545
7.813110 3902617
7.814960 3903689
7.816809 3904761
7.818659 3905833
7.820508 3906905
7.822358 3907977
7.824208 3909049
7.826057 3910121
7.827907 3911193
7.829756 3912265
7.831606 3913337
7.833456 3914409
7.835305 3915481
7.837155 3916553
7.839004 3917625
7.840854 3918697
7.842704 3919769
7.844553 3920841
7.846403 3921913
7.848252 3922985
7.850102 3924057
7.851952 3925129
7.853801 3926201
7.855651 3927273
7.857500 3928345
7.859350 3929417
7.861200 3930489
7.863049 3931561
7.864899 3932633
7.866748 3933705
7.869523 3934241
7.870448 3934241
7.871372 3934241
7.872297 3934241
7.873222 3934241
7.874147 3934241
7.875072 3934241
7.875996 3934241
7.876921 3934241
7.877846 3934241
7.878771 3934241
7.879696 3934241
7.880620 3934241
7.881545 3934241
7.882470 3934241
7.883395 3934241
7.884320 3934241
7.885244 3934241
7.886169 3934241
7.887094 3934241
7.888019 3934241
7.888944 3934241
7.889868 3934241
7.890793 3934241
7.891718 3934241
7.892643 3934241
7.893568 3934241
7.894492 3934241
7.895417 3934241
7.896342 3934241
7.897267 3934241
7.898192 3934241
7.899116 3934241
7.900041 3934241
7.900966 3934241
7.901891 3934241
7.902816 3934241
7.903740 3934241
7.904665 3934241
7.905590 3934241
7.906515 3934241
7.907440 3934241
7.908364 3934241
7.909289 3934241
7.910214 3934241
7.911139 3934241
7.912064 3934241
7.912988 3934241
7.913913 3960505
7.915763 3961577
7.917612 3962649
7.919462 3963721
7.921312 3964793
7.923161 3965865
7.925011 3966937
7.926860 3968009
7.928710 3969081
7.930560 3970153
7.932409 3971225
7.934259 3972297
7.936108 3973369
7.937958 3974441
7.939808 3975513
7.941657 3976585
7.943507 3977657
7.945356 3978729
7.947206 3979801
7.949056 3980873
7.950905 3981945
7.952755 3983017
7.954604 3984089
7.956454 3985161
7.958304 3986233
7.960153 3987305
7.962003 3988377
7.963852 3989449
7.965702 3990521
7.967552 3991593
7.969401 3992665
7.971251 3993737
7.973100 3994809
7.974950 3995881
7.976800 3996953
7.978649 3998025
7.980499 3999097
7.982348 4000169
7.984198 4001241
7.986048 4002313
7.987897 4003385
7.989747 4004457
7.991596 4005529
7.993446 4006601
7.995296 4007673
7.997145 4008745
7.998995 4009817
8.000844 4010889
8.002694 4011961
8.004544 4013033
8.006393 4014105
8.008243 4015177
8.010092 4016249
8.011942 4017321
8.013792 4018393
8.015641 4019465
8.017491 4020537
8.019340 4021609
8.021190 4022681
8.023040 4023753
8.024889 4024825
8.026739 4025897
8.028588 4026969
8.030438 4028041
8.032288 4029113
8.034137 4030185
8.035987 4031257
8.037836 4032329
8.039686 4033401
8.041536 4034473
8.043385 4035545
8.045235 4036617
8.047084 4037689
8.048934 4038761
8.050784 4039833
8.052633 4040905
8.054483 4041977
8.056332 4043049
8.058182 4044121
8.060032 4045193
8.061881 4046265
8.063731 4047337
8.065580 4048409
8.067430 4049481
8.069280 4050553
8.071129 4051625
8.072979 4052697
8.074828 4053769
8.076678 4054841
8.078528 4055913
8.080377 4056985
8.082227 4058057
8.084076 4059129
8.085926 4060201
8.087776 4061273
8.089625 4062345
8.091475 4063417
8.093324 4064489
8.095174 4065561
8.097024 4066633
8.098873 4067705
8.100723 4068777
8.102572 4069849
8.104422 4070921
8.106272 4071993
8.108121 4073065
8.109971 4074137
8.111820 4075209
8.113670 4076281
8.115520 4077353
8.117369 4078425
8.119219 4079497
8.121068 4080569
8.122918 4081641
8.124768 4082713
8.126617 4083785
8.128467 4084857
8.130316 4085929
8.132166 4087001
8.134016 4088073
8.135865 4089145
8.137715 4090217
8.139564 4091289
8.141414 4092361
8.143264 4093433
8.145113 4094505
8.146963 4095577
8.148812 4096649
8.150662 4097721
8.152512 4098793
8.154361 4099865
8.156211 4100937
8.158060 4102009
8.159910 4103081
8.161760 4104153
8.163609 4105225
8.165459 4106297
8.167308 4107369
8.169158 4108441
8.171008 4109513
8.172857 4110585
8.174707 4111657
8.176556 4112729
8.178406 4113801
8.180256 4114873
8.182105 4115945
8.183955 4117017
8.185804 4118089
8.187654 4119161
8.189504 4120233
8.191353 4121305
8.193203 4122377
8.195052 4123449
8.196902 4124521
8.198752 4125593
8.200601 4126665
8.202451 4127737
8.204300 4128809
8.206150 4129881
8.208000 4130953
8.209849 4132025
8.211699 4133097
8.213548 4134169
8.215398 4135241
8.217248 4136313
8.219097 4137385
8.220947 4138457
8.222796 4139529
8.224646 4140601
8.226496 4141673
8.228345 4142745
8.230195 4143817
8.232044 4144889
8.233894 4145961
8.235744 4147033
8.237593 4148105
8.239443 4149177
8.241292 4150249
8.243142 4151321
8.244992 4152393
8.246841 4153465
8.248691 4154537
8.250540 4155609
8.252390 4156681
8.254240 4157753
8.256089 4158825
8.257939 4159897
8.259788 4160969
8.261638 4162041
8.263488 4163113
8.265337 4164185
8.267187 4165257
8.269036 4166329
8.270886 4167401
8.272736 4168473
8.274585 4169545
8.276435 4170617
8.278284 4171689
8.280134 4172761
8.281984 4173833
8.283833 4174905
8.285683 4175977
8.287532 4177049
8.289382 4178121
8.291232 4179193
8.293081 4180265
8.294931 4181337
8.296780 4182409
8.298630 4183481
8.300480 4184553
8.302329 4185625
8.304179 4186697
8.306028 4187769
8.307878 4188841
8.309728 4189913
8.311577 4190985
8.313427 4192057
8.315276 4193129
8.317126 4194201
8.318976 4195273
8.320825 4196345
8.322675 4197417
8.324524 4198489
8.326374 4199561
8.328224 4200633
8.330073 4201705
8.331923 4202777
8.333772 4203849
8.335622 4204921
8.337472 4205993
8.339321 4207065
8.341171 4208137
8.343020 4209209
8.344870 4210281
8.346720 4211353
8.348569 4212425
8.350419 4213497
8.352268 4214569
8.354118 4215641
8.355968 4216713
8.357817 4217785
8.359667 4218857
8.361516 4219929
8.363366 4221001
8.365216 4222073
8.367065 4223145
8.368915 4224217
8.370764 4225289
8.372614 4226361
8.374464 4227433
8.376313 4228505
8.378163 4229577
8.380012 4230649
8.381862 4231721
8.383712 4232793
8.385561 4233865
8.387411 4234937
8.389260 4236009
8.391110 4237081
8.392960 4238153
8.394809 4239225
8.396659 4240297
8.398508 4241369
8.400358 4242441
8.402208 4243513
8.404057 4244585
8.405907 4245657
8.407756 4246729
8.409606 4247801
8.411456 4248873
8.413305 4249945
8.415155 4251017
8.417004 4252089
8.418854 4253161
8.420704 4254233
8.422553 4255305
8.424403 4256377
8.426252 4257449
8.428102 4258521
8.429952 4259593
8.431801 4260665
8.433651 4261737
8.435500 4262809
8.437350 4263881
8.439200 4264953
8.441049 4266025
8.442899 4267097
8.444748 4268169
8.446598 4269241
8.448448 4270313
8.450297 4271385
8.452147 4272457
8.453996 4273529
8.455846 4274601
8.457696 4275673
8.459545 4276745
8.461395 4277817
8.463244 4278889
8.465094 4279961
8.466944 4281033
8.468793 4282105
8.470643 4283177
8.472492 4284249
8.474342 4285321
8.476192 4286393
8.478041 4287465
8.479891 4288537
8.481740 4289609
8.483590 4290681
8.485440 4291753
8.487289 4292825
8.489139 4293897
8.490988 4294969
8.492838 4296041
8.494688 4297113
8.496537 4298185
8.498387 4299257
8.500236 4300329
8.502086 4301401
8.503936 4302473
8.505785 4303545
8.507635 4304617
8.509484 4305689
8.511334 4306761
8.513184 4307833
8.515033 4308905
8.516883 4309977
8.518732 4311049
8.520582 4312121
8.522432 4313193
8.524281 4314265
8.526131 4315337
8.527980 4316409
8.529830 4317481
8.531680 4318553
8.533529 4319625
8.535379 4320697
8.537228 4321769
8.539078 4322841
8.540928 4323913
8.542777 4324985
8.544627 4326057
8.546476 4327129
8.548326 4328201
8.550176 4329273
8.552025 4330345
8.553875 4331417
8.555724 4332489
8.557574 4333561
8.559424 4334633
8.561273 4335705
8.563123 4336777
8.564972 4337849
8.566822 4338921
8.568672 4339993
8.570521 4341065
8.572371 4342137
8.574220 4343209
8.576070 4344281
8.577920 4345353
8.579769 4346425
8.581619 4347497
8.583468 4348569
8.585318 4349641
8.587168 4350713
8.589017 4351785
8.590867 4352857
8.592716 4353929
8.594566 4355001
8.596416 4356073
8.598265 4357145
8.600115 4358217
8.601964 4359289
8.603814 4360361
8.605664 4361433
8.607513 4362505
8.609363 4363577
8.611212 4364649
8.613062 4365721
8.614912 4366793
8.616761 4367865
8.618611 4368937
8.620460 4370009
8.622310 4371081
8.624160 4372153
8.626009 4373225
8.627859 4374297
8.629708 4375369
8.631558 4376441
8.633408 4377513
8.635257 4378585
8.637107 4379657
8.638956 4380729
8.640806 4381801
8.642656 4382873
8.644505 4383945
8.646355 4385017
8.648204 4386089
8.650054 4387161
8.651904 4388233
8.653753 4389305
8.655603 4390377
8.657452 4391449
8.659302 4392521
8.661152 4393593
8.663001 4394665
8.664851 4395737
8.666700 4396809
8.668550 4397881
8.670400 4398953
8.672249 4400025
8.674099 4401097
8.675948 4402169
8.677798 4403241
8.679648 4404313
8.681497 4405385
8.683347 4406457
8.685196 4407529
8.687046 4408601
8.688896 4409673
8.690745 4410745
8.692595 4411817
8.694444 4412889
8.696294 4413961
8.698144 4415033
8.699993 4416105
8.701843 4417177
8.703692 4418249
8.705542 4419321
8.707392 4420393
8.709241 4421465
8.711091 4422537
8.712940 4423609
8.714790 4424681
8.716640 4425753
8.718489 4426825
8.720339 4427897
8.722188 4428969
8.724038 4430041
8.725888 4431113
8.727737 4432185
8.729587 4433257
8.731436 4434329
8.733286 4435401
8.735136 4436473
8.736985 4437545
8.738835 4438617
8.740684 4439689
8.742534 4440761
8.744384 4441833
8.746233 4442905
8.748083 4443977
8.749932 4445049
8.751782 4446121
8.753632 4447193
8.755481 4448265
8.757331 4449337
8.759180 4450409
8.761030 4451481
8.762880 4452553
8.764729 4453625
8.766579 4454697
8.768428 4455769
8.770278 4456841
8.772128 4457913
8.773977 4458985
8.775827 4460057
8.777676 4461129
8.779526 4462201
8.781376 4463273
8.783225 4464345
8.785075 4465417
8.786924 4466489
8.788774 4467561
8.790624 4468633
8.792473 4469705
8.794323 4470777
8.796172 4471849
8.798022 4472921
8.799872 4473993
8.802646 4474529
8.803571 4474529
8.804496 4474529
8.805420 4474529
8.806345 4474529
8.807270 4474529
8.808195 4474529
8.809120 4474529
8.810044 4474529
8.810969 4474529
8.811894 4474529
8.812819 4474529
8.813744 4474529
8.814668 4474529
8.815593 4474529
8.816518 4474529
8.817443 4474529
8.818368 4474529
8.819292 4474529
8.820217 4474529
8.821142 4474529
8.822067 4474529
8.822992 4474529
8.823916 4474529
8.824841 4474529
8.825766 4474529
8.826691 4474529
8.827616 4474529
8.828540 4474529
8.829465 4474529
8.830390 4474529
8.831315 4474529
8.832240 4474529
8.833164 4474529
8.834089 4474529
8.835014 4474529
8.835939 4474529
8.836864 4474529
8.837788 4495433
8.839638 4496505
8.841488 4497577
8.843337 4498649
8.845187 4499721
8.847036 4500793
8.848886 4501865
8.850736 4502937
8.852585 4504009
8.854435 4505081
8.856284 4506153
8.858134 4507225
8.859984 4508297
8.861833 4509369
8.863683 4510441
8.865532 4511513
8.867382 4512585
8.869232 4513657
8.871081 4514729
8.872931 4515801
8.874780 4516873
8.876630 4517945
8.878480 4519017
8.880329 4520089
8.882179 4521161
8.884028 4522233
8.886803 4522769
8.887728 4522769
8.888652 4522769
8.889577 4522769
8.890502 4522769
8.891427 4522769
8.892352 4522769
8.893276 4522769
8.894201 4522769
8.895126 4522769
8.896051 4522769
8.896976 4522769
8.897900 4522769
8.898825 4522769
8.899750 4522769
8.900675 4522769
8.901600 4522769
8.902524 4522769
8.903449 4522769
8.904374 4533489
8.908892 4534561
8.910742 4535633
8.912592 4536705
8.914441 4537777
8.916291 4538849
8.920809 4539921
8.922659 4540993
8.924508 4542065
8.926358 4543137
8.928208 4544209
8.932726 4545281
8.934576 4546353
8.936425 4547425
8.938275 4548497
8.940124 4549569
8.943718 4550641
8.945568 4551713
8.947417 4552785
8.949267 4553857
8.951116 4554929
8.954710 4556001
8.956560 4557073
8.958409 4558145
8.960259 4559217
8.962108 4560289
8.965702 4561361
8.967552 4562433
8.969401 4563505
8.971251 4564577
8.973100 4565649
8.974950 4566721
8.977619 4567793
8.979468 4568865
8.981318 4569937
8.983168 4571009
8.985017 4572081
8.986867 4573153
8.989536 4574225
8.991385 4575297
8.993235 4576369
8.995084 4577441
8.996934 4578513
8.998784 4579585
9.000633 4580657
9.002483 4581729
9.004332 4582801
9.006182 4583873
9.008032 4584945
9.009881 4586017
9.011731 4587089
9.013580 4588161
9.015430 4589233
9.017280 4590305
9.019129 4591377
9.020979 4592449
9.022828 4593521
9.024678 4594593
9.026528 4595665
9.028377 4596737
9.030227 4597809
9.032076 4598881
9.033926 4599953
9.035776 4601025
9.037625 4602097
9.039475 4603169
9.041324 4604241
9.043174 4605313
9.045024 4606385
9.046873 4607457
9.048723 4608529
9.050572 4609601
9.052422 4610673
9.054272 4611745
9.056121 4612817
9.057971 4613889
9.059820 4614961
9.061670 4616033
9.063520 4617105
9.065369 4618177
9.067219 4619249
9.069068 4620321
9.070918 4621393
9.072768 4622465
9.074617 4623537
9.076467 4624609
9.078316 4625681
9.080166 4626753
9.082016 4627825
9.083865 4628897
9.085715 4629969
9.087564 4631041
9.089414 4632113
9.091264 4633185
9.093113 4634257
9.094963 4635329
9.096812 4636401
9.098662 4637473
9.100512 4638545
9.102361 4639617
9.104211 4640689
9.106060 4641761
9.107910 4642833
9.109760 4643905
9.111609 4644977
9.113459 4646049
9.115308 4647121
9.117158 4648193
9.119008 4649265
9.120857 4650337
9.122707 4651409
9.124556 4652481
9.126406 4653553
9.128256 4654625
9.130105 4655697
9.131955 4656769
9.133804 4657841
9.135654 4658913
9.137504 4659985
9.139353 4661057
9.141203 4662129
9.143052 4663201
9.144902 4664273
9.146752 4665345
9.148601 4666417
9.150451 4667489
9.152300 4668561
9.154150 4669633
9.156000 4670705
9.157849 4671777
9.159699 4672849
9.161548 4673921
9.163398 4674993
9.165248 4676065
9.167097 4677137
9.168947 4678209
9.170796 4679281
9.172646 4680353
9.174496 4681425
9.176345 4682497
9.178195 4683569
9.180044 4684641
9.181894 4685713
9.183744 4686785
9.185593 4687857
9.187443 4688929
9.189292 4690001
9.191142 4691073
9.192992 4692145
9.194841 4693217
9.196691 4694289
9.198540 4695361
9.200390 4696433
9.202240 4697505
9.204089 4698577
9.205939 4699649
9.207788 4700721
9.209638 4701793
9.211488 4702865
9.213337 4703937
9.215187 4705009
9.217036 4706081
9.218886 4707153
9.220736 4708225
9.222585 4709297
9.224435 4710369
9.226284 4711441
9.228134 4712513
9.229984 4713585
9.231833 4714657
9.233683 4715729
9.235532 4716801
9.237382 4717873
9.239232 4718945
9.241081 4720017
9.242931 4721089
9.244780 4722161
9.246630 4723233
9.248480 4724305
9.250329 4725377
9.252179 4726449
9.254028 4727521
9.255878 4728593
9.257728 4729665
9.259577 4730737
9.261427 4731809
9.263276 4732881
9.265126 4733953
9.266976 4735025
9.268825 4736097
9.270675 4737169
9.272524 4738241
9.274374 4739313
9.276224 4740385
9.278073 4741457
9.279923 4742529
9.281772 4743601
9.283622 4744673
9.285472 4745745
9.287321 4746817
9.289171 4747889
9.291020 4748961
9.292870 4750033
9.294720 4751105
9.296569 4752177
9.298419 4753249
9.300268 4754321
9.302118 4755393
9.303968 4756465
9.305817 4757537
9.307667 4758609
9.309516 4759681
9.311366 4760753
9.313216 4761825
9.315065 4762897
9.316915 4763969
9.318764 4765041
9.320614 4766113
9.322464 4767185
9.324313 4768257
9.326163 4769329
9.328012 4770401
9.329862 4771473
9.331712 4772545
9.333561 4773617
9.335411 4774689
9.337260 4775761
9.339110 4776833
9.340960 4777905
9.342809 4778977
9.344659 4780049
9.346508 4781121
9.348358 4782193
9.350208 4783265
9.352057 4784337
9.353907 4785409
9.355756 4786481
9.357606 4787553
9.359456 4788625
9.361305 4789697
9.363155 4790769
9.365004 4791841
9.366854 4792913
9.368704 4793985
9.370553 4795057
9.372403 4796129
9.374252 4797201
9.376102 4798273
9.377952 4799345
9.379801 4800417
9.381651 4801489
9.383500 4802561
9.385350 4803633
9.387200 4804705
9.389049 4805777
9.390899 4806849
9.392748 4807921
9.394598 4808993
9.396448 4810065
9.398297 4811137
9.400147 4812209
9.401996 4813281
9.403846 4814353
9.405696 4815425
9.407545 4816497
9.409395 4817569
9.411244 4818641
9.413094 4819713
9.414944 4820785
9.416793 4821857
9.418643 4822929
9.420492 4824001
9.422342 4825073
9.424192 4826145
9.426041 4827217
9.427891 4828289
9.429740 4829361
9.431590 4830433
9.433440 4831505
9.435289 4832577
9.437139 4833649
9.438988 4834721
9.440838 4835793
9.442688 4836865
9.444537 4837937
9.446387 4839009
9.448236 4840081
9.450086 4841153
9.451936 4842225
9.453785 4843297
9.455635 4844369
9.457484 4845441
9.459334 4846513
9.461184 4847585
9.463033 4848657
9.464883 4849729
9.466732 4850801
9.468582 4851873
9.470432 4852945
9.472281 4854017
9.474131 4855089
9.475980 4856161
9.477830 4857233
9.479680 4858305
9.481529 4859377
9.483379 4860449
9.485228 4861521
9.487078 4862593
9.488928 4863665
9.490777 4864737
9.492627 4865809
9.494476 4866881
9.496326 4867953
9.498176 4869025
9.500025 4870097
9.501875 4871169
9.503724 4872241
9.505574 4873313
9.507424 4874385
9.509273 4875457
9.511123 4876529
9.512972 4877601
9.514822 4878673
9.516672 4879745
9.518521 4880817
9.520371 4881889
9.522220 4882961
9.524070 4884033
9.525920 4885105
9.527769 4886177
9.529619 4887249
9.531468 4888321
9.533318 4889393
9.535168 4890465
9.537017 4891537
9.538867 4892609
9.540716 4893681
9.542566 4894753
9.544416 4895825
9.546265 4896897
9.548115 4897969
9.549964 4899041
9.551814 4900113
9.553664 4901185
9.555513 4902257
9.557363 4903329
9.559212 4904401
9.561062 4905473
9.562912 4906545
9.564761 4907617
9.566611 4908689
9.568460 4909761
9.570310 4910833
9.572160 4911905
9.574009 4912977
9.575859 4914049
9.577708 4915121
9.579558 4916193
9.581408 4917265
9.583257 4918337
9.585107 4919409
9.586956 4920481
9.588806 4921553
9.590656 4922625
9.592505 4923697
9.594355 4924769
9.596204 4925841
9.598054 4926913
9.599904 4927985
9.601753 4929057
9.603603 4930129
9.605452 4931201
9.607302 4932273
9.609152 4933345
9.611001 4934417
9.612851 4935489
9.614700 4936561
9.616550 4937633
9.618400 4938705
9.620249 4939777
9.622099 4940849
9.623948 4941921
9.625798 4942993
9.627648 4944065
9.629497 4945137
9.631347 4946209
9.633196 4947281
9.635046 4948353
9.636896 4949425
9.638745 4950497
9.640595 4951569
9.642444 4952641
9.644294 4953713
9.646144 4954785
9.647993 4955857
9.649843 4956929
9.651692 4958001
9.653542 4959073
9.655392 4960145
9.657241 4961217
9.659091 4962289
9.660940 4963361
9.662790 4964433
9.664640 4965505
9.666489 4966577
9.668339 4967649
9.670188 4968721
9.672038 4969793
9.673888 4970865
9.675737 4971937
9.677587 4973009
9.679436 4974081
9.681286 4975153
9.683136 4976225
9.684985 4977297
9.686835 4978369
9.688684 4979441
9.690534 4980513
9.692384 4981585
9.694233 4982657
9.696083 4983729
9.697932 4984801
9.699782 4985873
9.701632 4986945
9.703481 4988017
9.705331 4989089
9.707180 4990161
9.709030 4991233
9.710880 4992305
9.712729 4993377
9.714579 4994449
9.716428 4995521
9.718278 4996593
9.720128 4997665
9.721977 4998737
9.723827 4999809
9.725676 5000881
9.727526 5001953
9.729376 5003025
9.731225 5004097
9.733075 5005169
9.734924 5006241
9.736774 5007313
9.738624 5008385
9.740473 5009457
9.742323 5010529
9.744172 5011601
9.746022 5012673
9.747872 5013745
9.749721 5014817
9.751571 5015889
9.753420 5016961
9.755270 5018033
9.757120 5019105
9.758969 5020177
9.760819 5021249
9.762668 5022321
9.764518 5023393
9.766368 5024465
9.768217 5025537
9.770067 5026609
9.771916 5027681
9.773766 5028753
9.775616 5029825
9.777465 5030897
9.779315 5031969
9.781164 5033041
9.783014 5034113
9.784864 5035185
9.786713 5036257
9.788563 5037329
9.790412 5038401
9.792262 5039473
9.794112 5040545
9.795961 5041617
9.797811 5042689
9.799660 5043761
9.801510 5044833
9.803360 5045905
9.805209 5046977
9.807059 5048049
9.808908 5049121
9.810758 5050193
9.812608 5051265
9.814457 5052337
9.816307 5053409
9.818156 5054481
9.820006 5055553
9.821856 5056625
9.823705 5057697
9.825555 5058769
9.827404 5059841
9.829254 5060913
9.831104 5061985
9.832953 5063057
9.834803 5064129
9.836652 5065201
9.838502 5066273
9.840352 5067345
9.842201 5068417
9.844051 5069489
9.845900 5070561
9.847750 5071633
9.849600 5072705
9.851449 5073777
9.853299 5074849
9.855148 5075921
9.856998 5076993
9.858848 5078065
9.860697 5079137
9.862547 5080209
9.864396 5081281
9.866246 5082353
9.868096 5083425
9.869945 5084497
9.871795 5085569
9.873644 5086641
9.875494 5087713
9.877344 5088785
9.879193 5089857
9.881043 5090929
9.882892 5092001
9.884742 5093073
9.886592 5094145
9.888441 5095217
9.890291 5096289
9.892140 5097361
9.893990 5098433
9.895840 5099505
9.897689 5100577
9.899539 5101649
9.901388 5102721
9.903238 5103793
9.905088 5104865
9.906937 5105937
9.908787 5107009
9.910636 5108081
9.912486 5109153
9.914336 5110225
9.916185 5111297
9.918035 5112369
9.919884 5113441
9.921734 5114513
9.923584 5115585
9.925433 5116657
9.927283 5117729
9.929132 5118801
9.930982 5119873
9.932832 5120945
9.934681 5122017
9.936531 5123089
9.938380 5124161
9.940230 5125233
9.942080 5126305
9.943929 5127377
9.945779 5128449
9.947628 5129521
9.949478 5130593
9.951328 5131665
9.953177 5132737
9.955027 5133809
9.956876 5134881
9.958726 5135953
9.960576 5137025
9.962425 5138097
9.964275 5139169
9.966124 5140241
9.967974 5141313
9.969824 5142385
9.971673 5143457
9.973523 5144529
9.975372 5145601
9.977222 5146673
9.979072 5147745
9.980921 5148817
9.982771 5149889
9.984620 5150961
9.986470 5152033
9.988320 5153105
9.990169 5154177
9.992019 5155249
9.993868 5156321
9.995718 5157393
9.997568 5158465
9.999417 5159537
