1.0 0.0
1.01013 0.0
1.0102 7e-05
1.02119 0.0
1.02212 0.00093
1.03311 0.0
1.03404 0.00093
1.04503 0.0
1.04595 0.00092
1.24503 0.0
1.25602 0.0
1.25694 0.00092
1.26794 0.0
1.26886 0.00092
1.27985 0.0
1.28078 0.00093
1.29177 0.0
1.29269 0.00092
1.30369 0.0
1.30461 0.00092
1.50369 0.0
1.51468 0.0
1.5156 0.00092
1.5266 0.0
1.52752 0.00092
1.53851 0.0
1.53944 0.00093
1.55043 0.0
1.55135 0.00092
1.56235 0.0
1.56327 0.00092
1.76235 0.0
1.77334 0.0
1.77426 0.00092
1.78525 0.0
1.78618 0.00093
1.79717 0.0
1.7981 0.00093
1.80909 0.0
1.81001 0.00092
1.821 0.0
1.82193 0.00093
2.021 0.0
2.032 0.0
2.03292 0.00092
2.04391 0.0
2.04484 0.00093
2.05583 0.0
2.05676 0.00093
2.06775 0.0
2.06867 0.00092
2.07966 0.0
2.08059 0.00093
2.27966 0.0
2.29066 0.0
2.29158 0.00092
2.30257 0.0
2.3035 0.00093
2.31449 0.0
2.31541 0.00092
2.32641 0.0
2.32733 0.00092
2.33832 0.0
2.33925 0.00093
2.53832 0.0
2.54932 0.0
2.55024 0.00092
2.56123 0.0
2.56216 0.00093
2.57315 0.0
2.57407 0.00092
2.58507 0.0
2.58599 0.00092
2.59698 0.0
2.59791 0.00093
2.79698 0.0
2.80797 0.0
2.8089 0.00093
2.81989 0.0
2.82082 0.00093
2.83181 0.0
2.83273 0.00092
2.84372 0.0
2.84465 0.00093
2.85564 0.0
2.85657 0.00093
3.05564 0.0
3.06663 0.0
3.06756 0.00093
3.07855 0.0
3.07948 0.00093
3.09047 0.0
3.09139 0.00092
3.10238 0.0
3.10331 0.00093
3.1143 0.0
3.11523 0.00093
3.3143 0.0
3.32529 0.0
3.32622 0.00093
3.33721 0.0
3.33813 0.00092
3.34913 0.0
3.35005 0.00092
3.36104 0.0
3.36197 0.00093
3.37296 0.0
3.37388 0.00092
3.57296 0.0
3.58395 0.0
3.58488 0.00093
3.59587 0.0
3.59679 0.00092
3.60779 0.0
3.60871 0.00092
3.6197 0.0
3.62063 0.00093
3.63162 0.0
3.63254 0.00092
3.83162 0.0
3.84261 0.0
3.84354 0.00093
3.85453 0.0
3.85545 0.00092
3.86644 0.0
3.86737 0.00093
3.87836 0.0
3.87929 0.00093
3.89028 0.0
3.8912 0.00092
4.09028 0.0
4.10127 0.0
4.1022 0.000929999999999
4.11319 0.0
4.11411 0.00092
4.1251 0.0
4.12603 0.00093
4.13702 0.0
4.13795 0.00093
4.14894 0.0
4.14986 0.000920000000001
4.34894 0.0
4.35993 0.0
4.36085 0.00092
4.37185 0.0
4.37277 0.00092
4.38376 0.0
4.38469 0.00093
4.39568 0.0
4.3966 0.000920000000001
4.4076 0.0
4.40852 0.00092
4.6076 0.0
4.61859 0.0
4.61951 0.00092
4.63051 0.0
4.63143 0.00092
4.64242 0.0
4.64335 0.000929999999999
4.65434 0.0
4.65526 0.00092
4.66626 0.0
4.66718 0.00092
4.86626 0.0
4.87725 0.0
4.87817 0.00092
4.88916 0.0
4.89009 0.000929999999999
4.90108 0.0
4.90201 0.000929999999999
4.913 0.0
4.91392 0.00092
4.92492 0.0
4.92584 0.00092
5.12492 0.0
5.13591 0.0
5.13683 0.00092
5.14782 0.0
5.14875 0.000929999999999
5.15974 0.0
5.16067 0.000929999999999
5.17166 0.0
5.17258 0.00092
5.18357 0.0
5.1845 0.00093
5.38357 0.0
5.39457 0.0
5.39549 0.00092
5.40648 0.0
5.40741 0.000929999999999
5.4184 0.0
5.41932 0.00092
5.43032 0.0
5.43124 0.00092
5.44223 0.0
5.44316 0.000929999999999
5.64223 0.0
5.65323 0.0
5.65415 0.00092
5.66514 0.0
5.66607 0.00093
5.67706 0.0
5.67798 0.00092
5.68898 0.0
5.6899 0.00092
5.70089 0.0
5.70182 0.000929999999999
5.90089 0.0
5.91188 0.0
5.91281 0.00093
5.9238 0.0
5.92473 0.00093
5.93572 0.0
5.93664 0.00092
5.94764 0.0
5.94856 0.00092
5.95955 0.0
5.96048 0.000929999999999
6.15955 0.0
6.17054 0.0
6.17147 0.00093
6.18246 0.0
6.18339 0.00093
6.19438 0.0
6.1953 0.00092
6.20629 0.0
6.20722 0.00093
6.21821 0.0
6.21914 0.00093
6.41821 0.0
6.4292 0.0
6.43013 0.00093
6.44112 0.0
6.44204 0.000920000000001
6.45304 0.0
6.45396 0.000920000000001
6.46495 0.0
6.46588 0.00093
6.47687 0.0
6.4778 0.00093
6.67687 0.0
6.68786 0.0
6.68879 0.00093
6.69978 0.0
6.7007 0.000920000000001
6.7117 0.0
6.71262 0.00092
6.72361 0.0
6.72454 0.00093
6.73553 0.0
6.73645 0.00092
6.93553 0.0
6.94652 0.0
6.94745 0.00093
6.95844 0.0
6.95936 0.00092
6.97036 0.0
6.97128 0.00092
6.98227 0.0
6.9832 0.00093
6.99419 0.0
6.99511 0.000920000000001
7.19419 0.0
7.20518 0.0
7.20611 0.000929999999999
7.2171 0.0
7.21802 0.00092
7.22901 0.0
7.22994 0.00093
7.24093 0.0
7.24186 0.00093
7.25285 0.0
7.25377 0.000920000000001
7.45285 0.0
7.46384 0.0
7.46476 0.00092
7.47576 0.0
7.47668 0.00092
7.48767 0.0
7.4886 0.00093
7.49959 0.0
7.50052 0.000929999999999
7.51151 0.0
7.51243 0.00092
7.71151 0.0
7.7225 0.0
7.72342 0.00092
7.73442 0.0
7.73534 0.00092
7.74633 0.0
7.74726 0.000929999999999
7.75825 0.0
7.75917 0.00092
7.77017 0.0
7.77109 0.00092
7.97017 0.0
7.98116 0.0
7.98208 0.00092
7.99308 0.0
7.994 0.00092
8.00499 0.0
8.00592 0.00093
8.01691 0.0
8.01783 0.000920000000001
8.02883 0.0
8.02975 0.000920000000001
8.22883 0.0
8.23982 0.0
8.24074 0.000920000000001
8.25173 0.0
8.25266 0.00093
8.26365 0.0
8.26458 0.00093
8.27557 0.0
8.27649 0.000920000000001
8.28748 0.0
8.28841 0.00093
8.48748 0.0
8.49848 0.0
8.4994 0.000919999999999
8.51039 0.0
8.51132 0.00093
8.52231 0.0
8.52324 0.00093
8.53423 0.0
8.53515 0.000919999999999
8.54614 0.0
8.54707 0.00093
8.74614 0.0
8.75714 0.0
8.75806 0.000920000000001
8.76905 0.0
8.76998 0.00093
8.78097 0.0
8.78189 0.000920000000001
8.79289 0.0
8.79381 0.000920000000001
8.8048 0.0
8.80573 0.00093
9.0048 0.0
9.0158 0.0
9.01672 0.000919999999999
9.02771 0.0
9.02864 0.000929999999999
9.03963 0.0
9.04055 0.000919999999999
9.05155 0.0
9.05247 0.000919999999999
9.06346 0.0
9.06439 0.00093
9.26346 0.0
9.27445 0.0
9.27538 0.00093
9.28637 0.0
9.2873 0.00093
9.29829 0.0
9.29921 0.000920000000001
9.3102 0.0
9.31113 0.00093
9.32212 0.0
9.32305 0.00093
9.52212 0.0
9.53311 0.0
9.53404 0.000929999999999
9.54503 0.0
9.54596 0.000929999999999
9.55695 0.0
9.55787 0.000919999999999
9.56886 0.0
9.56979 0.000929999999999
9.58078 0.0
9.58171 0.000929999999999
9.78078 0.0
9.79177 0.0
9.7927 0.00093
9.80369 0.0
9.80461 0.000920000000001
9.81561 0.0
9.81653 0.000920000000001
9.82752 0.0
9.82845 0.00093
9.83944 0.0
9.84036 0.000920000000001
