1.0 1
1.0 0
1.00507 1
1.00507 0
1.01013 1
1.01013 0
1.01013 1
1.0102 0
1.01613 1
1.01613 0
1.02119 1
1.02119 0
1.02119 1
1.02212 0
1.02804 1
1.02804 0
1.03311 1
1.03311 0
1.03311 1
1.03404 0
1.03996 1
1.03996 0
1.04503 1
1.04503 0
1.04503 1
1.04595 0
1.05095 1
1.05095 0
1.05188 1
1.05188 0
1.24503 1
1.24503 0
1.25095 1
1.25095 0
1.25602 1
1.25602 0
1.25602 1
1.25694 0
1.26287 1
1.26287 0
1.26794 1
1.26794 0
1.26794 1
1.26886 0
1.27479 1
1.27479 0
1.27985 1
1.27985 0
1.27985 1
1.28078 0
1.2867 1
1.2867 0
1.29177 1
1.29177 0
1.29177 1
1.29269 0
1.29862 1
1.29862 0
1.30369 1
1.30369 0
1.30369 1
1.30461 0
1.30961 1
1.30961 0
1.31054 1
1.31054 0
1.50369 1
1.50369 0
1.50961 1
1.50961 0
1.51468 1
1.51468 0
1.51468 1
1.5156 0
1.52153 1
1.52153 0
1.5266 1
1.5266 0
1.5266 1
1.52752 0
1.53344 1
1.53344 0
1.53851 1
1.53851 0
1.53851 1
1.53944 0
1.54536 1
1.54536 0
1.55043 1
1.55043 0
1.55043 1
1.55135 0
1.55728 1
1.55728 0
1.56235 1
1.56235 0
1.56235 1
1.56327 0
1.56827 1
1.56827 0
1.5692 1
1.5692 0
1.76235 1
1.76235 0
1.76827 1
1.76827 0
1.77334 1
1.77334 0
1.77334 1
1.77426 0
1.78019 1
1.78019 0
1.78525 1
1.78525 0
1.78525 1
1.78618 0
1.7921 1
1.7921 0
1.79717 1
1.79717 0
1.79717 1
1.7981 0
1.80402 1
1.80402 0
1.80909 1
1.80909 0
1.80909 1
1.81001 0
1.81594 1
1.81594 0
1.821 1
1.821 0
1.821 1
1.82193 0
1.82693 1
1.82693 0
1.82785 1
1.82785 0
2.021 1
2.021 0
2.02693 1
2.02693 0
2.032 1
2.032 0
2.032 1
2.03292 0
2.03885 1
2.03885 0
2.04391 1
2.04391 0
2.04391 1
2.04484 0
2.05076 1
2.05076 0
2.05583 1
2.05583 0
2.05583 1
2.05676 0
2.06268 1
2.06268 0
2.06775 1
2.06775 0
2.06775 1
2.06867 0
2.0746 1
2.0746 0
2.07966 1
2.07966 0
2.07966 1
2.08059 0
2.08559 1
2.08559 0
2.08651 1
2.08651 0
2.27966 1
2.27966 0
2.28559 1
2.28559 0
2.29066 1
2.29066 0
2.29066 1
2.29158 0
2.29751 1
2.29751 0
2.30257 1
2.30257 0
2.30257 1
2.3035 0
2.30942 1
2.30942 0
2.31449 1
2.31449 0
2.31449 1
2.31541 0
2.32134 1
2.32134 0
2.32641 1
2.32641 0
2.32641 1
2.32733 0
2.33326 1
2.33326 0
2.33832 1
2.33832 0
2.33832 1
2.33925 0
2.34425 1
2.34425 0
2.34517 1
2.34517 0
2.53832 1
2.53832 0
2.54425 1
2.54425 0
2.54932 1
2.54932 0
2.54932 1
2.55024 0
2.55616 1
2.55616 0
2.56123 1
2.56123 0
2.56123 1
2.56216 0
2.56808 1
2.56808 0
2.57315 1
2.57315 0
2.57315 1
2.57407 0
2.58 1
2.58 0
2.58507 1
2.58507 0
2.58507 1
2.58599 0
2.59192 1
2.59192 0
2.59698 1
2.59698 0
2.59698 1
2.59791 0
2.60291 1
2.60291 0
2.60383 1
2.60383 0
2.79698 1
2.79698 0
2.80291 1
2.80291 0
2.80797 1
2.80797 0
2.80797 1
2.8089 0
2.81482 1
2.81482 0
2.81989 1
2.81989 0
2.81989 1
2.82082 0
2.82674 1
2.82674 0
2.83181 1
2.83181 0
2.83181 1
2.83273 0
2.83866 1
2.83866 0
2.84372 1
2.84372 0
2.84372 1
2.84465 0
2.85057 1
2.85057 0
2.85564 1
2.85564 0
2.85564 1
2.85657 0
2.86157 1
2.86157 0
2.86249 1
2.86249 0
3.05564 1
3.05564 0
3.06157 1
3.06157 0
3.06663 1
3.06663 0
3.06663 1
3.06756 0
3.07348 1
3.07348 0
3.07855 1
3.07855 0
3.07855 1
3.07948 0
3.0854 1
3.0854 0
3.09047 1
3.09047 0
3.09047 1
3.09139 0
3.09732 1
3.09732 0
3.10238 1
3.10238 0
3.10238 1
3.10331 0
3.10923 1
3.10923 0
3.1143 1
3.1143 0
3.1143 1
3.11523 0
3.12023 1
3.12023 0
3.12115 1
3.12115 0
3.3143 1
3.3143 0
3.32023 1
3.32023 0
3.32529 1
3.32529 0
3.32529 1
3.32622 0
3.33214 1
3.33214 0
3.33721 1
3.33721 0
3.33721 1
3.33813 0
3.34406 1
3.34406 0
3.34913 1
3.34913 0
3.34913 1
3.35005 0
3.35598 1
3.35598 0
3.36104 1
3.36104 0
3.36104 1
3.36197 0
3.36789 1
3.36789 0
3.37296 1
3.37296 0
3.37296 1
3.37388 0
3.37888 1
3.37888 0
3.37981 1
3.37981 0
3.57296 1
3.57296 0
3.57888 1
3.57888 0
3.58395 1
3.58395 0
3.58395 1
3.58488 0
3.5908 1
3.5908 0
3.59587 1
3.59587 0
3.59587 1
3.59679 0
3.60272 1
3.60272 0
3.60779 1
3.60779 0
3.60779 1
3.60871 0
3.61464 1
3.61464 0
3.6197 1
3.6197 0
3.6197 1
3.62063 0
3.62655 1
3.62655 0
3.63162 1
3.63162 0
3.63162 1
3.63254 0
3.63754 1
3.63754 0
3.63847 1
3.63847 0
3.83162 1
3.83162 0
3.83754 1
3.83754 0
3.84261 1
3.84261 0
3.84261 1
3.84354 0
3.84946 1
3.84946 0
3.85453 1
3.85453 0
3.85453 1
3.85545 0
3.86138 1
3.86138 0
3.86644 1
3.86644 0
3.86644 1
3.86737 0
3.87329 1
3.87329 0
3.87836 1
3.87836 0
3.87836 1
3.87929 0
3.88521 1
3.88521 0
3.89028 1
3.89028 0
3.89028 1
3.8912 0
3.8962 1
3.8962 0
3.89713 1
3.89713 0
4.09028 1
4.09028 0
4.0962 1
4.0962 0
4.10127 1
4.10127 0
4.10127 1
4.1022 0
4.10812 1
4.10812 0
4.11319 1
4.11319 0
4.11319 1
4.11411 0
4.12004 1
4.12004 0
4.1251 1
4.1251 0
4.1251 1
4.12603 0
4.13195 1
4.13195 0
4.13702 1
4.13702 0
4.13702 1
4.13795 0
4.14387 1
4.14387 0
4.14894 1
4.14894 0
4.14894 1
4.14986 0
4.15486 1
4.15486 0
4.15579 1
4.15579 0
4.34894 1
4.34894 0
4.35486 1
4.35486 0
4.35993 1
4.35993 0
4.35993 1
4.36085 0
4.36678 1
4.36678 0
4.37185 1
4.37185 0
4.37185 1
4.37277 0
4.3787 1
4.3787 0
4.38376 1
4.38376 0
4.38376 1
4.38469 0
4.39061 1
4.39061 0
4.39568 1
4.39568 0
4.39568 1
4.3966 0
4.40253 1
4.40253 0
4.4076 1
4.4076 0
4.4076 1
4.40852 0
4.41352 1
4.41352 0
4.41445 1
4.41445 0
4.6076 1
4.6076 0
4.61352 1
4.61352 0
4.61859 1
4.61859 0
4.61859 1
4.61951 0
4.62544 1
4.62544 0
4.63051 1
4.63051 0
4.63051 1
4.63143 0
4.63736 1
4.63736 0
4.64242 1
4.64242 0
4.64242 1
4.64335 0
4.64927 1
4.64927 0
4.65434 1
4.65434 0
4.65434 1
4.65526 0
4.66119 1
4.66119 0
4.66626 1
4.66626 0
4.66626 1
4.66718 0
4.67218 1
4.67218 0
4.67311 1
4.67311 0
4.86626 1
4.86626 0
4.87218 1
4.87218 0
4.87725 1
4.87725 0
4.87725 1
4.87817 0
4.8841 1
4.8841 0
4.88916 1
4.88916 0
4.88916 1
4.89009 0
4.89601 1
4.89601 0
4.90108 1
4.90108 0
4.90108 1
4.90201 0
4.90793 1
4.90793 0
4.913 1
4.913 0
4.913 1
4.91392 0
4.91985 1
4.91985 0
4.92492 1
4.92492 0
4.92492 1
4.92584 0
4.93084 1
4.93084 0
4.93176 1
4.93176 0
5.12492 1
5.12492 0
5.13084 1
5.13084 0
5.13591 1
5.13591 0
5.13591 1
5.13683 0
5.14276 1
5.14276 0
5.14782 1
5.14782 0
5.14782 1
5.14875 0
5.15467 1
5.15467 0
5.15974 1
5.15974 0
5.15974 1
5.16067 0
5.16659 1
5.16659 0
5.17166 1
5.17166 0
5.17166 1
5.17258 0
5.17851 1
5.17851 0
5.18357 1
5.18357 0
5.18357 1
5.1845 0
5.1895 1
5.1895 0
5.19042 1
5.19042 0
5.38357 1
5.38357 0
5.3895 1
5.3895 0
5.39457 1
5.39457 0
5.39457 1
5.39549 0
5.40142 1
5.40142 0
5.40648 1
5.40648 0
5.40648 1
5.40741 0
5.41333 1
5.41333 0
5.4184 1
5.4184 0
5.4184 1
5.41932 0
5.42525 1
5.42525 0
5.43032 1
5.43032 0
5.43032 1
5.43124 0
5.43717 1
5.43717 0
5.44223 1
5.44223 0
5.44223 1
5.44316 0
5.44816 1
5.44816 0
5.44908 1
5.44908 0
5.64223 1
5.64223 0
5.64816 1
5.64816 0
5.65323 1
5.65323 0
5.65323 1
5.65415 0
5.66008 1
5.66008 0
5.66514 1
5.66514 0
5.66514 1
5.66607 0
5.67199 1
5.67199 0
5.67706 1
5.67706 0
5.67706 1
5.67798 0
5.68391 1
5.68391 0
5.68898 1
5.68898 0
5.68898 1
5.6899 0
5.69583 1
5.69583 0
5.70089 1
5.70089 0
5.70089 1
5.70182 0
5.70682 1
5.70682 0
5.70774 1
5.70774 0
5.90089 1
5.90089 0
5.90682 1
5.90682 0
5.91188 1
5.91188 0
5.91188 1
5.91281 0
5.91873 1
5.91873 0
5.9238 1
5.9238 0
5.9238 1
5.92473 0
5.93065 1
5.93065 0
5.93572 1
5.93572 0
5.93572 1
5.93664 0
5.94257 1
5.94257 0
5.94764 1
5.94764 0
5.94764 1
5.94856 0
5.95448 1
5.95448 0
5.95955 1
5.95955 0
5.95955 1
5.96048 0
5.96548 1
5.96548 0
5.9664 1
5.9664 0
6.15955 1
6.15955 0
6.16548 1
6.16548 0
6.17054 1
6.17054 0
6.17054 1
6.17147 0
6.17739 1
6.17739 0
6.18246 1
6.18246 0
6.18246 1
6.18339 0
6.18931 1
6.18931 0
6.19438 1
6.19438 0
6.19438 1
6.1953 0
6.20123 1
6.20123 0
6.20629 1
6.20629 0
6.20629 1
6.20722 0
6.21314 1
6.21314 0
6.21821 1
6.21821 0
6.21821 1
6.21914 0
6.22414 1
6.22414 0
6.22506 1
6.22506 0
6.41821 1
6.41821 0
6.42414 1
6.42414 0
6.4292 1
6.4292 0
6.4292 1
6.43013 0
6.43605 1
6.43605 0
6.44112 1
6.44112 0
6.44112 1
6.44204 0
6.44797 1
6.44797 0
6.45304 1
6.45304 0
6.45304 1
6.45396 0
6.45989 1
6.45989 0
6.46495 1
6.46495 0
6.46495 1
6.46588 0
6.4718 1
6.4718 0
6.47687 1
6.47687 0
6.47687 1
6.4778 0
6.4828 1
6.4828 0
6.48372 1
6.48372 0
6.67687 1
6.67687 0
6.6828 1
6.6828 0
6.68786 1
6.68786 0
6.68786 1
6.68879 0
6.69471 1
6.69471 0
6.69978 1
6.69978 0
6.69978 1
6.7007 0
6.70663 1
6.70663 0
6.7117 1
6.7117 0
6.7117 1
6.71262 0
6.71855 1
6.71855 0
6.72361 1
6.72361 0
6.72361 1
6.72454 0
6.73046 1
6.73046 0
6.73553 1
6.73553 0
6.73553 1
6.73645 0
6.74145 1
6.74145 0
6.74238 1
6.74238 0
6.93553 1
6.93553 0
6.94145 1
6.94145 0
6.94652 1
6.94652 0
6.94652 1
6.94745 0
6.95337 1
6.95337 0
6.95844 1
6.95844 0
6.95844 1
6.95936 0
6.96529 1
6.96529 0
6.97036 1
6.97036 0
6.97036 1
6.97128 0
6.9772 1
6.9772 0
6.98227 1
6.98227 0
6.98227 1
6.9832 0
6.98912 1
6.98912 0
6.99419 1
6.99419 0
6.99419 1
6.99511 0
7.00011 1
7.00011 0
7.00104 1
7.00104 0
7.19419 1
7.19419 0
7.20011 1
7.20011 0
7.20518 1
7.20518 0
7.20518 1
7.20611 0
7.21203 1
7.21203 0
7.2171 1
7.2171 0
7.2171 1
7.21802 0
7.22395 1
7.22395 0
7.22901 1
7.22901 0
7.22901 1
7.22994 0
7.23586 1
7.23586 0
7.24093 1
7.24093 0
7.24093 1
7.24186 0
7.24778 1
7.24778 0
7.25285 1
7.25285 0
7.25285 1
7.25377 0
7.25877 1
7.25877 0
7.2597 1
7.2597 0
7.45285 1
7.45285 0
7.45877 1
7.45877 0
7.46384 1
7.46384 0
7.46384 1
7.46476 0
7.47069 1
7.47069 0
7.47576 1
7.47576 0
7.47576 1
7.47668 0
7.48261 1
7.48261 0
7.48767 1
7.48767 0
7.48767 1
7.4886 0
7.49452 1
7.49452 0
7.49959 1
7.49959 0
7.49959 1
7.50052 0
7.50644 1
7.50644 0
7.51151 1
7.51151 0
7.51151 1
7.51243 0
7.51743 1
7.51743 0
7.51836 1
7.51836 0
7.71151 1
7.71151 0
7.71743 1
7.71743 0
7.7225 1
7.7225 0
7.7225 1
7.72342 0
7.72935 1
7.72935 0
7.73442 1
7.73442 0
7.73442 1
7.73534 0
7.74127 1
7.74127 0
7.74633 1
7.74633 0
7.74633 1
7.74726 0
7.75318 1
7.75318 0
7.75825 1
7.75825 0
7.75825 1
7.75917 0
7.7651 1
7.7651 0
7.77017 1
7.77017 0
7.77017 1
7.77109 0
7.77609 1
7.77609 0
7.77702 1
7.77702 0
7.97017 1
7.97017 0
7.97609 1
7.97609 0
7.98116 1
7.98116 0
7.98116 1
7.98208 0
7.98801 1
7.98801 0
7.99308 1
7.99308 0
7.99308 1
7.994 0
7.99992 1
7.99992 0
8.00499 1
8.00499 0
8.00499 1
8.00592 0
8.01184 1
8.01184 0
8.01691 1
8.01691 0
8.01691 1
8.01783 0
8.02376 1
8.02376 0
8.02883 1
8.02883 0
8.02883 1
8.02975 0
8.03475 1
8.03475 0
8.03568 1
8.03568 0
8.22883 1
8.22883 0
8.23475 1
8.23475 0
8.23982 1
8.23982 0
8.23982 1
8.24074 0
8.24667 1
8.24667 0
8.25173 1
8.25173 0
8.25173 1
8.25266 0
8.25858 1
8.25858 0
8.26365 1
8.26365 0
8.26365 1
8.26458 0
8.2705 1
8.2705 0
8.27557 1
8.27557 0
8.27557 1
8.27649 0
8.28242 1
8.28242 0
8.28748 1
8.28748 0
8.28748 1
8.28841 0
8.29341 1
8.29341 0
8.29433 1
8.29433 0
8.48748 1
8.48748 0
8.49341 1
8.49341 0
8.49848 1
8.49848 0
8.49848 1
8.4994 0
8.50533 1
8.50533 0
8.51039 1
8.51039 0
8.51039 1
8.51132 0
8.51724 1
8.51724 0
8.52231 1
8.52231 0
8.52231 1
8.52324 0
8.52916 1
8.52916 0
8.53423 1
8.53423 0
8.53423 1
8.53515 0
8.54108 1
8.54108 0
8.54614 1
8.54614 0
8.54614 1
8.54707 0
8.55207 1
8.55207 0
8.55299 1
8.55299 0
8.74614 1
8.74614 0
8.75207 1
8.75207 0
8.75714 1
8.75714 0
8.75714 1
8.75806 0
8.76399 1
8.76399 0
8.76905 1
8.76905 0
8.76905 1
8.76998 0
8.7759 1
8.7759 0
8.78097 1
8.78097 0
8.78097 1
8.78189 0
8.78782 1
8.78782 0
8.79289 1
8.79289 0
8.79289 1
8.79381 0
8.79974 1
8.79974 0
8.8048 1
8.8048 0
8.8048 1
8.80573 0
8.81073 1
8.81073 0
8.81165 1
8.81165 0
9.0048 1
9.0048 0
9.01073 1
9.01073 0
9.0158 1
9.0158 0
9.0158 1
9.01672 0
9.02264 1
9.02264 0
9.02771 1
9.02771 0
9.02771 1
9.02864 0
9.03456 1
9.03456 0
9.03963 1
9.03963 0
9.03963 1
9.04055 0
9.04648 1
9.04648 0
9.05155 1
9.05155 0
9.05155 1
9.05247 0
9.0584 1
9.0584 0
9.06346 1
9.06346 0
9.06346 1
9.06439 0
9.06939 1
9.06939 0
9.07031 1
9.07031 0
9.26346 1
9.26346 0
9.26939 1
9.26939 0
9.27445 1
9.27445 0
9.27445 1
9.27538 0
9.2813 1
9.2813 0
9.28637 1
9.28637 0
9.28637 1
9.2873 0
9.29322 1
9.29322 0
9.29829 1
9.29829 0
9.29829 1
9.29921 0
9.30514 1
9.30514 0
9.3102 1
9.3102 0
9.3102 1
9.31113 0
9.31705 1
9.31705 0
9.32212 1
9.32212 0
9.32212 1
9.32305 0
9.32805 1
9.32805 0
9.32897 1
9.32897 0
9.52212 1
9.52212 0
9.52805 1
9.52805 0
9.53311 1
9.53311 0
9.53311 1
9.53404 0
9.53996 1
9.53996 0
9.54503 1
9.54503 0
9.54503 1
9.54596 0
9.55188 1
9.55188 0
9.55695 1
9.55695 0
9.55695 1
9.55787 0
9.5638 1
9.5638 0
9.56886 1
9.56886 0
9.56886 1
9.56979 0
9.57571 1
9.57571 0
9.58078 1
9.58078 0
9.58078 1
9.58171 0
9.58671 1
9.58671 0
9.58763 1
9.58763 0
9.78078 1
9.78078 0
9.78671 1
9.78671 0
9.79177 1
9.79177 0
9.79177 1
9.7927 0
9.79862 1
9.79862 0
9.80369 1
9.80369 0
9.80369 1
9.80461 0
9.81054 1
9.81054 0
9.81561 1
9.81561 0
9.81561 1
9.81653 0
9.82246 1
9.82246 0
9.82752 1
9.82752 0
9.82752 1
9.82845 0
9.83437 1
9.83437 0
9.83944 1
9.83944 0
9.83944 1
9.84036 0
9.84536 1
9.84536 0
9.84629 1
9.84629 0
