1.010134 1
1.021193 537
1.033110 1609
1.045027 2681
1.056019 2681
1.056944 2681
1.256019 4289
1.267936 5361
1.279852 6433
1.291769 7505
1.303686 8577
1.314678 8577
1.315603 8577
1.514678 10185
1.526595 11257
1.538512 12329
1.550428 13401
1.562345 14473
1.573337 14473
1.574262 14473
1.773337 16081
1.785254 17153
1.797171 18225
1.809088 19297
1.821004 20369
1.831996 20369
1.832921 20369
2.031996 21977
2.043913 23049
2.055830 24121
2.067747 25193
2.079664 26265
2.090656 26265
2.091580 26265
2.290656 27873
2.302572 28945
2.314489 30017
2.326406 31089
2.338323 32161
2.349315 32161
2.350240 32161
2.549315 33769
2.561232 34841
2.573148 35913
2.585065 36985
2.596982 38057
2.607974 38057
2.608899 38057
2.807974 39665
2.819891 40737
2.831808 41809
2.843724 42881
2.855641 43953
2.866633 43953
2.867558 43953
3.066633 45561
3.078550 46633
3.090467 47705
3.102384 48777
3.114300 49849
3.125292 49849
3.126217 49849
3.325292 51457
3.337209 52529
3.349126 53601
3.361043 54673
3.372960 55745
3.383952 55745
3.384876 55745
3.583952 57353
3.595868 58425
3.607785 59497
3.619702 60569
3.631619 61641
3.642611 61641
3.643536 61641
3.842611 63249
3.854528 64321
3.866444 65393
3.878361 66465
3.890278 67537
3.901270 67537
3.902195 67537
4.101270 69145
4.113187 70217
4.125104 71289
4.137020 72361
4.148937 73433
4.159929 73433
4.160854 73433
4.359929 75041
4.371846 76113
4.383763 77185
4.395680 78257
4.407596 79329
4.418588 79329
4.419513 79329
4.618588 80937
4.630505 82009
4.642422 83081
4.654339 84153
4.666256 85225
4.677248 85225
4.678172 85225
4.877248 86833
4.889164 87905
4.901081 88977
4.912998 90049
4.924915 91121
4.935907 91121
4.936832 91121
5.135907 92729
5.147824 93801
5.159740 94873
5.171657 95945
5.183574 97017
5.194566 97017
5.195491 97017
5.394566 98625
5.406483 99697
5.418400 100769
5.430316 101841
5.442233 102913
5.453225 102913
5.454150 102913
5.653225 104521
5.665142 105593
5.677059 106665
5.688976 107737
5.700892 108809
5.711884 108809
5.712809 108809
5.911884 110417
5.923801 111489
5.935718 112561
5.947635 113633
5.959552 114705
5.970544 114705
5.971468 114705
6.170544 116313
6.182460 117385
6.194377 118457
6.206294 119529
6.218211 120601
6.229203 120601
6.230128 120601
6.429203 122209
6.441120 123281
6.453036 124353
6.464953 125425
6.476870 126497
6.487862 126497
6.488787 126497
6.687862 128105
6.699779 129177
6.711696 130249
6.723612 131321
6.735529 132393
6.746521 132393
6.747446 132393
6.946521 134001
6.958438 135073
6.970355 136145
6.982272 137217
6.994188 138289
7.005180 138289
7.006105 138289
7.205180 139897
7.217097 140969
7.229014 142041
7.240931 143113
7.252848 144185
7.263840 144185
7.264764 144185
7.463840 145793
7.475756 146865
7.487673 147937
7.499590 149009
7.511507 150081
7.522499 150081
7.523424 150081
7.722499 151689
7.734416 152761
7.746332 153833
7.758249 154905
7.770166 155977
7.781158 155977
7.782083 155977
7.981158 157585
7.993075 158657
8.004992 159729
8.016908 160801
8.028825 161873
8.039817 161873
8.040742 161873
8.239817 163481
8.251734 164553
8.263651 165625
8.275568 166697
8.287484 167769
8.298476 167769
8.299401 167769
8.498476 169377
8.510393 170449
8.522310 171521
8.534227 172593
8.546144 173665
8.557136 173665
8.558060 173665
8.757136 175273
8.769052 176345
8.780969 177417
8.792886 178489
8.804803 179561
8.815795 179561
8.816720 179561
9.015795 181169
9.027712 182241
9.039628 183313
9.051545 184385
9.063462 185457
9.074454 185457
9.075379 185457
9.274454 187065
9.286371 188137
9.298288 189209
9.310204 190281
9.322121 191353
9.333113 191353
9.334038 191353
9.533113 192961
9.545030 194033
9.556947 195105
9.568864 196177
9.580780 197249
9.591772 197249
9.592697 197249
9.791772 198857
9.803689 199929
9.815606 201001
9.827523 202073
9.839440 203145
9.850432 203145
9.851356 203145
