1.000000 0
1.010134 0
1.010201 1
1.021193 537
1.022118 1073
1.033110 1609
1.034035 2145
1.045027 3217
1.045952 3753
1.245027 2681
1.256019 4289
1.256944 4825
1.267936 5361
1.268860 5897
1.279852 6433
1.280777 6969
1.291769 7505
1.292694 8041
1.303686 9113
1.304611 9649
1.503686 8577
1.514678 10185
1.515603 10721
1.526595 11257
1.527520 11793
1.538512 12329
1.539436 12865
1.550428 13401
1.551353 13937
1.562345 15009
1.563270 15545
1.762345 14473
1.773337 16081
1.774262 16617
1.785254 17153
1.786179 17689
1.797171 18225
1.798096 18761
1.809088 19297
1.810012 19833
1.821004 20905
1.821929 21441
2.021004 20369
2.031996 21977
2.032921 22513
2.043913 23049
2.044838 23585
2.055830 24121
2.056755 24657
2.067747 25193
2.068672 25729
2.079664 26801
2.080588 27337
2.279664 26265
2.290656 27873
2.291580 28409
2.302572 28945
2.303497 29481
2.314489 30017
2.315414 30553
2.326406 31089
2.327331 31625
2.338323 32697
2.339248 33233
2.538323 32161
2.549315 33769
2.550240 34305
2.561232 34841
2.562156 35377
2.573148 35913
2.574073 36449
2.585065 36985
2.585990 37521
2.596982 38593
2.597907 39129
2.796982 38057
2.807974 39665
2.808899 40201
2.819891 40737
2.820816 41273
2.831808 41809
2.832732 42345
2.843724 42881
2.844649 43417
2.855641 44489
2.856566 45025
3.055641 43953
3.066633 45561
3.067558 46097
3.078550 46633
3.079475 47169
3.090467 47705
3.091392 48241
3.102384 48777
3.103308 49313
3.114300 50385
3.115225 50921
3.314300 49849
3.325292 51457
3.326217 51993
3.337209 52529
3.338134 53065
3.349126 53601
3.350051 54137
3.361043 54673
3.361968 55209
3.372960 56281
3.373884 56817
3.572960 55745
3.583952 57353
3.584876 57889
3.595868 58425
3.596793 58961
3.607785 59497
3.608710 60033
3.619702 60569
3.620627 61105
3.631619 62177
3.632544 62713
3.831619 61641
3.842611 63249
3.843536 63785
3.854528 64321
3.855452 64857
3.866444 65393
3.867369 65929
3.878361 66465
3.879286 67001
3.890278 68073
3.891203 68609
4.090278 67537
4.101270 69145
4.102195 69681
4.113187 70217
4.114112 70753
4.125104 71289
4.126028 71825
4.137020 72361
4.137945 72897
4.148937 73969
4.149862 74505
4.348937 73433
4.359929 75041
4.360854 75577
4.371846 76113
4.372771 76649
4.383763 77185
4.384688 77721
4.395680 78257
4.396604 78793
4.407596 79865
4.408521 80401
4.607596 79329
4.618588 80937
4.619513 81473
4.630505 82009
4.631430 82545
4.642422 83081
4.643347 83617
4.654339 84153
4.655264 84689
4.666256 85761
4.667180 86297
4.866256 85225
4.877248 86833
4.878172 87369
4.889164 87905
4.890089 88441
4.901081 88977
4.902006 89513
4.912998 90049
4.913923 90585
4.924915 91657
4.925840 92193
5.124915 91121
5.135907 92729
5.136832 93265
5.147824 93801
5.148748 94337
5.159740 94873
5.160665 95409
5.171657 95945
5.172582 96481
5.183574 97553
5.184499 98089
5.383574 97017
5.394566 98625
5.395491 99161
5.406483 99697
5.407408 100233
5.418400 100769
5.419324 101305
5.430316 101841
5.431241 102377
5.442233 103449
5.443158 103985
5.642233 102913
5.653225 104521
5.654150 105057
5.665142 105593
5.666067 106129
5.677059 106665
5.677984 107201
5.688976 107737
5.689900 108273
5.700892 109345
5.701817 109881
5.900892 108809
5.911884 110417
5.912809 110953
5.923801 111489
5.924726 112025
5.935718 112561
5.936643 113097
5.947635 113633
5.948560 114169
5.959552 115241
5.960476 115777
6.159552 114705
6.170544 116313
6.171468 116849
6.182460 117385
6.183385 117921
6.194377 118457
6.195302 118993
6.206294 119529
6.207219 120065
6.218211 121137
6.219136 121673
6.418211 120601
6.429203 122209
6.430128 122745
6.441120 123281
6.442044 123817
6.453036 124353
6.453961 124889
6.464953 125425
6.465878 125961
6.476870 127033
6.477795 127569
6.676870 126497
6.687862 128105
6.688787 128641
6.699779 129177
6.700704 129713
6.711696 130249
6.712620 130785
6.723612 131321
6.724537 131857
6.735529 132929
6.736454 133465
6.935529 132393
6.946521 134001
6.947446 134537
6.958438 135073
6.959363 135609
6.970355 136145
6.971280 136681
6.982272 137217
6.983196 137753
6.994188 138825
6.995113 139361
7.194188 138289
7.205180 139897
7.206105 140433
7.217097 140969
7.218022 141505
7.229014 142041
7.229939 142577
7.240931 143113
7.241856 143649
7.252848 144721
7.253772 145257
7.452848 144185
7.463840 145793
7.464764 146329
7.475756 146865
7.476681 147401
7.487673 147937
7.488598 148473
7.499590 149009
7.500515 149545
7.511507 150617
7.512432 151153
7.711507 150081
7.722499 151689
7.723424 152225
7.734416 152761
7.735340 153297
7.746332 153833
7.747257 154369
7.758249 154905
7.759174 155441
7.770166 156513
7.771091 157049
7.970166 155977
7.981158 157585
7.982083 158121
7.993075 158657
7.994000 159193
8.004992 159729
8.005916 160265
8.016908 160801
8.017833 161337
8.028825 162409
8.029750 162945
8.228825 161873
8.239817 163481
8.240742 164017
8.251734 164553
8.252659 165089
8.263651 165625
8.264576 166161
8.275568 166697
8.276492 167233
8.287484 168305
8.288409 168841
8.487484 167769
8.498476 169377
8.499401 169913
8.510393 170449
8.511318 170985
8.522310 171521
8.523235 172057
8.534227 172593
8.535152 173129
8.546144 174201
8.547068 174737
8.746144 173665
8.757136 175273
8.758060 175809
8.769052 176345
8.769977 176881
8.780969 177417
8.781894 177953
8.792886 178489
8.793811 179025
8.804803 180097
8.805728 180633
9.004803 179561
9.015795 181169
9.016720 181705
9.027712 182241
9.028636 182777
9.039628 183313
9.040553 183849
9.051545 184385
9.052470 184921
9.063462 185993
9.064387 186529
9.263462 185457
9.274454 187065
9.275379 187601
9.286371 188137
9.287296 188673
9.298288 189209
9.299212 189745
9.310204 190281
9.311129 190817
9.322121 191889
9.323046 192425
9.522121 191353
9.533113 192961
9.534038 193497
9.545030 194033
9.545955 194569
9.556947 195105
9.557872 195641
9.568864 196177
9.569788 196713
9.580780 197785
9.581705 198321
9.780780 197249
9.791772 198857
9.792697 199393
9.803689 199929
9.804614 200465
9.815606 201001
9.816531 201537
9.827523 202073
9.828448 202609
9.839440 203681
9.840364 204217
