1.0 1
1.0 0
1.10007 1
1.10007 0
1.20013 1
1.20013 0
1.20013 1
1.2002 0
1.30113 1
1.30113 0
1.40119 1
1.40119 0
1.40119 1
1.40212 0
1.50304 1
1.50304 0
1.60311 1
1.60311 0
1.60311 1
1.60311 2
1.60404 1
1.60496 0
1.70496 1
1.70496 0
1.80503 1
1.80503 0
1.80503 1
1.80503 2
1.80595 1
1.80688 0
1.90588 1
1.90588 0
1.90688 1
1.90688 0
2.00595 1
2.00595 0
2.00595 1
2.00688 0
2.00694 1
2.00694 2
2.00694 3
2.0078 2
2.00873 1
2.00965 0
2.10688 1
2.10688 0
2.10873 1
2.10873 0
2.11058 1
2.11058 0
2.20694 1
2.20694 0
2.20694 1
2.20694 2
2.20787 1
2.20879 0
2.20879 1
2.20879 2
2.20879 3
2.20972 2
2.21064 1
2.21064 2
2.21064 3
2.21064 4
2.21157 3
2.21249 2
2.21342 1
2.21434 0
2.30879 1
2.30879 0
2.31064 1
2.31064 0
2.31249 1
2.31249 0
2.31434 1
2.31434 0
2.40886 1
2.40886 0
2.40886 1
2.40886 2
2.40979 1
2.41071 0
2.41071 1
2.41071 2
2.41071 3
2.41164 2
2.41256 1
2.41256 2
2.41256 3
2.41256 4
2.41348 3
2.41441 2
2.41441 3
2.41441 4
2.41441 5
2.41533 4
2.41626 3
2.41718 2
2.41811 1
2.41903 0
2.50979 1
2.50979 0
2.51164 1
2.51164 0
2.51348 1
2.51348 0
2.51533 1
2.51533 0
2.51718 1
2.51718 0
2.51903 1
2.51903 0
2.60985 1
2.60985 0
2.60985 1
2.60985 2
2.61078 1
2.6117 0
2.6117 1
2.6117 2
2.6117 3
2.61263 2
2.61355 1
2.61355 2
2.61355 3
2.61355 4
2.61448 3
2.6154 2
2.6154 3
2.6154 4
2.6154 5
2.61633 4
2.61725 3
2.61725 4
2.61725 5
2.61725 6
2.61818 5
2.6191 4
2.6191 5
2.6191 6
2.6191 7
2.62003 6
2.62095 5
2.62188 4
2.6228 3
2.62372 2
2.62465 1
2.62557 0
2.71078 1
2.71078 0
2.71263 1
2.71263 0
2.71448 1
2.71448 0
2.71633 1
2.71633 0
2.71818 1
2.71818 0
2.72003 1
2.72003 0
2.72188 1
2.72188 0
2.72372 1
2.72372 0
2.72557 1
2.72557 0
2.81084 1
2.81084 0
2.81084 1
2.81084 2
2.81177 1
2.81269 0
2.81269 1
2.81269 2
2.81269 3
2.81362 2
2.81454 1
2.81454 2
2.81454 3
2.81454 4
2.81547 3
2.81639 2
2.81639 3
2.81639 4
2.81639 5
2.81732 4
2.81824 3
2.81824 4
2.81824 5
2.81824 6
2.81917 5
2.82009 4
2.82009 5
2.82009 6
2.82009 7
2.82102 6
2.82194 5
2.82194 6
2.82194 7
2.82194 8
2.82287 7
2.82379 6
2.82379 7
2.82379 8
2.82379 9
2.82472 8
2.82564 7
2.82564 8
2.82564 9
2.82564 10
2.82657 9
2.82749 8
2.82842 7
2.82934 6
2.83027 5
2.83119 4
2.83212 3
2.83304 2
2.83396 1
2.83489 0
2.91177 1
2.91177 0
2.91362 1
2.91362 0
2.91547 1
2.91547 0
2.91732 1
2.91732 0
2.91917 1
2.91917 0
2.92102 1
2.92102 0
2.92287 1
2.92287 0
2.92472 1
2.92472 0
2.92657 1
2.92657 0
2.92842 1
2.92842 0
2.93027 1
2.93027 0
2.93212 1
2.93212 0
2.93396 1
2.93396 0
2.93581 1
2.93581 0
3.01184 1
3.01184 0
3.01184 1
3.01184 2
3.01276 1
3.01369 0
3.01369 1
3.01369 2
3.01369 3
3.01461 2
3.01554 1
3.01554 2
3.01554 3
3.01554 4
3.01646 3
3.01739 2
3.01739 3
3.01739 4
3.01739 5
3.01831 4
3.01924 3
3.01924 4
3.01924 5
3.01924 6
3.02016 5
3.02108 4
3.02108 5
3.02108 6
3.02108 7
3.02201 6
3.02293 5
3.02293 6
3.02293 7
3.02293 8
3.02386 7
3.02478 6
3.02478 7
3.02478 8
3.02478 9
3.02571 8
3.02663 7
3.02663 8
3.02663 9
3.02663 10
3.02756 9
3.02848 8
3.02848 9
3.02848 10
3.02941 9
3.03033 8
3.03033 9
3.03033 10
3.03126 9
3.03218 8
3.03218 9
3.03218 10
3.03311 9
3.03403 8
3.03403 9
3.03403 10
3.03496 9
3.03588 8
3.03588 9
3.03588 10
3.03681 9
3.03773 8
3.03866 7
3.03958 6
3.04051 5
3.04143 4
3.04236 3
3.04328 2
3.0442 1
3.04513 0
3.11369 1
3.11369 0
3.11554 1
3.11554 0
3.11739 1
3.11739 0
3.11924 1
3.11924 0
3.12108 1
3.12108 0
3.12293 1
3.12293 0
3.12478 1
3.12478 0
3.12663 1
3.12663 0
3.12848 1
3.12848 0
3.13033 1
3.13033 0
3.13218 1
3.13218 0
3.13403 1
3.13403 0
3.13588 1
3.13588 0
3.13773 1
3.13773 0
3.13958 1
3.13958 0
3.14051 1
3.14051 0
3.14143 1
3.14143 0
3.14236 1
3.14236 0
3.14328 1
3.14328 0
3.1442 1
3.1442 0
3.14513 1
3.14513 0
3.14605 1
3.14605 0
3.21375 1
3.21375 0
3.21375 1
3.21375 2
3.21468 1
3.2156 0
3.2156 1
3.2156 2
3.2156 3
3.21653 2
3.21745 1
3.21745 2
3.21745 3
3.21745 4
3.21838 3
3.2193 2
3.2193 3
3.2193 4
3.2193 5
3.22023 4
3.22115 3
3.22115 4
3.22115 5
3.22115 6
3.22208 5
3.223 4
3.223 5
3.223 6
3.223 7
3.22393 6
3.22485 5
3.22485 6
3.22485 7
3.22485 8
3.22578 7
3.2267 6
3.2267 7
3.2267 8
3.2267 9
3.22763 8
3.22855 7
3.22855 8
3.22855 9
3.22855 10
3.22948 9
3.2304 8
3.2304 9
3.2304 10
3.23132 9
3.23225 8
3.23225 9
3.23225 10
3.23317 9
3.2341 8
3.2341 9
3.2341 10
3.23502 9
3.23595 8
3.23595 9
3.23595 10
3.23687 9
3.2378 8
3.2378 9
3.2378 10
3.23872 9
3.23965 8
3.23965 9
3.23965 10
3.24057 9
3.2415 8
3.24242 7
3.24242 8
3.24335 7
3.24427 6
3.2452 5
3.24612 4
3.24705 3
3.24797 2
3.2489 1
3.24982 0
3.31468 1
3.31468 0
3.3156 1
3.3156 0
3.31653 1
3.31653 0
3.31745 1
3.31745 0
3.31838 1
3.31838 0
3.3193 1
3.3193 0
3.32023 1
3.32023 0
3.32115 1
3.32115 0
3.32208 1
3.32208 0
3.323 1
3.323 0
3.32393 1
3.32393 0
3.32485 1
3.32485 0
3.32578 1
3.32578 0
3.3267 1
3.3267 0
3.32763 1
3.32763 0
3.32855 1
3.32855 0
3.32948 1
3.32948 0
3.3304 1
3.3304 0
3.33132 1
3.33132 0
3.33225 1
3.33225 0
3.33317 1
3.33317 0
3.3341 1
3.3341 0
3.33502 1
3.33502 0
3.33595 1
3.33595 0
3.33687 1
3.33687 0
3.3378 1
3.3378 0
3.33872 1
3.33872 0
3.33965 1
3.33965 0
3.34057 1
3.34057 0
3.3415 1
3.3415 0
3.34242 1
3.34242 0
3.34335 1
3.34335 0
3.34427 1
3.34427 0
3.3452 1
3.3452 0
3.34612 1
3.34612 0
3.34705 1
3.34705 0
3.34797 1
3.34797 0
3.3489 1
3.3489 0
3.34982 1
3.34982 0
3.35075 1
3.35075 0
3.43509 1
3.43509 0
3.43602 1
3.43602 0
3.43694 1
3.43694 0
3.43787 1
3.43787 0
3.43879 1
3.43879 0
3.43972 1
3.43972 0
3.44064 1
3.44064 0
3.44156 1
3.44156 0
3.44249 1
3.44249 0
3.44341 1
3.44341 0
3.44434 1
3.44434 0
3.44526 1
3.44526 0
3.44619 1
3.44619 0
3.44711 1
3.44711 0
3.44804 1
3.44804 0
3.44896 1
3.44896 0
3.44989 1
3.44989 0
3.45081 1
3.45081 0
3.45081 1
3.45174 0
3.53602 1
3.53602 0
3.53694 1
3.53694 0
3.53787 1
3.53787 0
3.53879 1
3.53879 0
3.53972 1
3.53972 0
3.54064 1
3.54064 0
3.54156 1
3.54156 0
3.54249 1
3.54249 0
3.54341 1
3.54341 0
3.54434 1
3.54434 0
3.54526 1
3.54526 0
3.54619 1
3.54619 0
3.54711 1
3.54711 0
3.54804 1
3.54804 0
3.54896 1
3.54896 0
3.54989 1
3.54989 0
3.55081 1
3.55081 0
3.55174 1
3.55174 0
3.55266 1
3.55266 0
3.63608 1
3.63608 0
3.63701 1
3.63701 0
3.63793 1
3.63793 0
3.63886 1
3.63886 0
3.63978 1
3.63978 0
3.64071 1
3.64071 0
3.64163 1
3.64163 0
3.64256 1
3.64256 0
3.64348 1
3.64348 0
3.64441 1
3.64441 0
3.64533 1
3.64533 0
3.64626 1
3.64626 0
3.64718 1
3.64718 0
3.64811 1
3.64811 0
3.64903 1
3.64903 0
3.64996 1
3.64996 0
3.65088 1
3.65088 0
3.6518 1
3.6518 0
3.6518 1
3.65273 0
3.65273 1
3.65365 0
3.73701 1
3.73701 0
3.73793 1
3.73793 0
3.73886 1
3.73886 0
3.73978 1
3.73978 0
3.74071 1
3.74071 0
3.74163 1
3.74163 0
3.74256 1
3.74256 0
3.74348 1
3.74348 0
3.74441 1
3.74441 0
3.74533 1
3.74533 0
3.74626 1
3.74626 0
3.74718 1
3.74718 0
3.74811 1
3.74811 0
3.74903 1
3.74903 0
3.74996 1
3.74996 0
3.75088 1
3.75088 0
3.7518 1
3.7518 0
3.75273 1
3.75273 0
3.75365 1
3.75365 0
3.75458 1
3.75458 0
3.83708 1
3.83708 0
3.838 1
3.838 0
3.83892 1
3.83892 0
3.83985 1
3.83985 0
3.84077 1
3.84077 0
3.8417 1
3.8417 0
3.84262 1
3.84262 0
3.84355 1
3.84355 0
3.84447 1
3.84447 0
3.8454 1
3.8454 0
3.84632 1
3.84632 0
3.84725 1
3.84725 0
3.84817 1
3.84817 0
3.8491 1
3.8491 0
3.85002 1
3.85002 0
3.85095 1
3.85095 0
3.85187 1
3.85187 0
3.8528 1
3.8528 0
3.8528 1
3.85372 0
3.85372 1
3.85465 0
3.85465 1
3.85557 0
3.938 1
3.938 0
3.93892 1
3.93892 0
3.93985 1
3.93985 0
3.94077 1
3.94077 0
3.9417 1
3.9417 0
3.94262 1
3.94262 0
3.94355 1
3.94355 0
3.94447 1
3.94447 0
3.9454 1
3.9454 0
3.94632 1
3.94632 0
3.94725 1
3.94725 0
3.94817 1
3.94817 0
3.9491 1
3.9491 0
3.95002 1
3.95002 0
3.95095 1
3.95095 0
3.95187 1
3.95187 0
3.9528 1
3.9528 0
3.95372 1
3.95372 0
3.95465 1
3.95465 0
3.95557 1
3.95557 0
3.9565 1
3.9565 0
4.03807 1
4.03807 0
4.03899 1
4.03899 0
4.03992 1
4.03992 0
4.04084 1
4.04084 0
4.04177 1
4.04177 0
4.04269 1
4.04269 0
4.04362 1
4.04362 0
4.04454 1
4.04454 0
4.04547 1
4.04547 0
4.04639 1
4.04639 0
4.04732 1
4.04732 0
4.04824 1
4.04824 0
4.04916 1
4.04916 0
4.05009 1
4.05009 0
4.05101 1
4.05101 0
4.05194 1
4.05194 0
4.05286 1
4.05286 0
4.05379 1
4.05379 0
4.05379 1
4.05471 0
4.05471 1
4.05564 0
4.05564 1
4.05656 0
4.13899 1
4.13899 0
4.13992 1
4.13992 0
4.14084 1
4.14084 0
4.14177 1
4.14177 0
4.14269 1
4.14269 0
4.14362 1
4.14362 0
4.14454 1
4.14454 0
4.14547 1
4.14547 0
4.14639 1
4.14639 0
4.14732 1
4.14732 0
4.14824 1
4.14824 0
4.14916 1
4.14916 0
4.15009 1
4.15009 0
4.15101 1
4.15101 0
4.15194 1
4.15194 0
4.15286 1
4.15286 0
4.15379 1
4.15379 0
4.15471 1
4.15471 0
4.15564 1
4.15564 0
4.15656 1
4.15656 0
4.15749 1
4.15749 0
4.25478 1
4.25478 0
4.25478 1
4.25478 2
4.25478 3
4.25478 4
4.25478 5
4.25478 6
4.25478 7
4.25478 8
4.25478 9
4.25478 10
4.25571 9
4.25571 10
4.25663 9
4.25663 10
4.25756 9
4.25756 10
4.25848 9
4.2594 8
4.26033 7
4.26125 6
4.26218 5
4.2631 4
4.26403 3
4.26495 2
4.26588 1
4.2668 0
4.35571 1
4.35571 0
4.35663 1
4.35663 0
4.35756 1
4.35756 0
4.35848 1
4.35848 0
4.3594 1
4.3594 0
4.36033 1
4.36033 0
4.36125 1
4.36125 0
4.36218 1
4.36218 0
4.3631 1
4.3631 0
4.36403 1
4.36403 0
4.36495 1
4.36495 0
4.36588 1
4.36588 0
4.3668 1
4.3668 0
4.36773 1
4.36773 0
4.45577 1
4.45577 0
4.45577 1
4.4567 0
4.4567 1
4.45762 0
4.45762 1
4.45855 0
4.45855 1
4.45947 0
4.45947 1
4.4604 0
4.4604 1
4.46132 0
4.46132 1
4.46225 0
4.46225 1
4.46317 0
4.46317 1
4.4641 0
4.4641 1
4.46502 0
4.46502 1
4.46595 0
4.5567 1
4.5567 0
4.55762 1
4.55762 0
4.55855 1
4.55855 0
4.55947 1
4.55947 0
4.5604 1
4.5604 0
4.56132 1
4.56132 0
4.56225 1
4.56225 0
4.56317 1
4.56317 0
4.5641 1
4.5641 0
4.56502 1
4.56502 0
4.56595 1
4.56595 0
4.56687 1
4.56687 0
4.65676 1
4.65676 0
4.65676 1
4.65676 2
4.65676 3
4.65769 2
4.65861 1
4.65954 0
4.75769 1
4.75769 0
4.75861 1
4.75861 0
4.75954 1
4.75954 0
4.76046 1
4.76046 0
4.85776 1
4.85776 0
4.85776 1
4.85776 2
4.85776 3
4.85868 2
4.85961 1
4.86053 0
4.95868 1
4.95868 0
4.95961 1
4.95961 0
4.96053 1
4.96053 0
4.96146 1
4.96146 0
5.05875 1
5.05875 0
5.05875 1
5.05875 2
5.05875 3
5.05967 2
5.0606 1
5.06152 0
5.15967 1
5.15967 0
5.1606 1
5.1606 0
5.16152 1
5.16152 0
5.16245 1
5.16245 0
5.26252 1
5.26252 0
5.36344 1
5.36344 0
5.46351 1
5.46351 0
5.56443 1
5.56443 0
5.6645 1
5.6645 0
5.76542 1
5.76542 0
5.86549 1
5.86549 0
5.96642 1
5.96642 0
6.06648 1
6.06648 0
6.16741 1
6.16741 0
6.26748 1
6.26748 0
6.3684 1
6.3684 0
6.46847 1
6.46847 0
6.56939 1
6.56939 0
6.66946 1
6.66946 0
6.77038 1
6.77038 0
6.87045 1
6.87045 0
6.97138 1
6.97138 0
7.07144 1
7.07144 0
7.07144 1
7.07144 2
7.07144 3
7.07144 4
7.07144 5
7.07144 6
7.07144 7
7.07144 8
7.07144 9
7.07144 10
7.07237 9
7.07329 8
7.07422 7
7.07514 6
7.07607 5
7.07699 4
7.07792 3
7.07884 2
7.07977 1
7.08069 0
7.17329 1
7.17329 0
7.17514 1
7.17514 0
7.17699 1
7.17699 0
7.17884 1
7.17884 0
7.18069 1
7.18069 0
7.27336 1
7.27336 0
7.27336 1
7.27428 0
7.27521 1
7.27521 0
7.27521 1
7.27613 0
7.27706 1
7.27706 0
7.27706 1
7.27798 0
7.27891 1
7.27891 0
7.27891 1
7.27983 0
7.28076 1
7.28076 0
7.28076 1
7.28168 0
7.37428 1
7.37428 0
7.37521 1
7.37521 0
7.37613 1
7.37613 0
7.37706 1
7.37706 0
7.37798 1
7.37798 0
7.37891 1
7.37891 0
7.37983 1
7.37983 0
7.38076 1
7.38076 0
7.38168 1
7.38168 0
7.38261 1
7.38261 0
7.47435 1
7.47435 0
7.47713 1
7.47713 0
7.48268 1
7.48268 0
7.57528 1
7.57528 0
7.57805 1
7.57805 0
7.5836 1
7.5836 0
7.67534 1
7.67534 0
7.67812 1
7.67812 0
7.67812 1
7.67904 0
7.68367 1
7.68367 0
7.77627 1
7.77627 0
7.77904 1
7.77904 0
7.77997 1
7.77997 0
7.78459 1
7.78459 0
7.87634 1
7.87634 0
7.87911 1
7.87911 0
7.87911 1
7.88004 0
7.88004 1
7.88096 0
7.88466 1
7.88466 0
7.97726 1
7.97726 0
7.98004 1
7.98004 0
7.98096 1
7.98096 0
7.98188 1
7.98188 0
7.98558 1
7.98558 0
8.07733 1
8.07733 0
8.0801 1
8.0801 0
8.0801 1
8.08103 0
8.08103 1
8.08195 0
8.08195 1
8.08288 0
8.08565 1
8.08565 0
8.17825 1
8.17825 0
8.18103 1
8.18103 0
8.18195 1
8.18195 0
8.18288 1
8.18288 0
8.1838 1
8.1838 0
8.18658 1
8.18658 0
8.27832 1
8.27832 0
8.28109 1
8.28109 0
8.28109 1
8.28202 0
8.28202 1
8.28294 0
8.28294 1
8.28387 0
8.28387 1
8.28479 0
8.28664 1
8.28664 0
8.37924 1
8.37924 0
8.38202 1
8.38202 0
8.38387 1
8.38387 0
8.38572 1
8.38572 0
8.47931 1
8.47931 0
8.48209 1
8.48209 0
8.48209 1
8.48301 0
8.48394 1
8.48394 0
8.48394 1
8.48486 0
8.48579 1
8.48579 0
8.48579 1
8.48671 0
8.58024 1
8.58024 0
8.58394 1
8.58394 0
8.58579 1
8.58579 0
8.58764 1
8.58764 0
8.6803 1
8.6803 0
8.6803 1
8.68123 0
8.684 1
8.684 0
8.684 1
8.68493 0
8.68585 1
8.68585 0
8.68585 1
8.68678 0
8.6877 1
8.6877 0
8.6877 1
8.68863 0
8.78215 1
8.78215 0
8.78585 1
8.78585 0
8.7877 1
8.7877 0
8.78955 1
8.78955 0
8.88222 1
8.88222 0
8.88222 1
8.88315 0
8.88592 1
8.88592 0
8.88592 1
8.88592 2
8.88684 1
8.88777 0
8.88777 1
8.88777 2
8.88869 1
8.88962 0
8.88962 1
8.88962 2
8.89054 1
8.89147 0
8.98407 1
8.98407 0
8.98777 1
8.98777 0
8.98962 1
8.98962 0
8.99147 1
8.99147 0
9.08414 1
9.08414 0
9.08414 1
9.08506 0
9.08784 1
9.08784 0
9.08784 1
9.08876 0
9.08969 1
9.08969 0
9.08969 1
9.09061 0
9.09154 1
9.09154 0
9.09154 1
9.09246 0
9.18506 1
9.18506 0
9.18876 1
9.18876 0
9.19061 1
9.19061 0
9.19246 1
9.19246 0
9.28513 1
9.28513 0
9.28513 1
9.28605 0
9.28883 1
9.28883 0
9.28883 1
9.28975 0
9.29068 1
9.29068 0
9.29068 1
9.2916 0
9.29253 1
9.29253 0
9.29253 1
9.29253 2
9.29345 1
9.29438 0
9.38605 1
9.38605 0
9.38975 1
9.38975 0
9.3916 1
9.3916 0
9.39345 1
9.39345 0
9.3953 1
9.3953 0
9.48612 1
9.48612 0
9.48612 1
9.48705 0
9.48982 1
9.48982 0
9.48982 1
9.49075 0
9.49167 1
9.49167 0
9.49167 1
9.4926 0
9.49352 1
9.49352 0
9.49352 1
9.49444 0
9.49537 1
9.49537 0
9.49537 1
9.49629 0
9.58797 1
9.58797 0
9.59167 1
9.59167 0
9.59352 1
9.59352 0
9.59537 1
9.59537 0
9.59722 1
9.59722 0
9.68804 1
9.68804 0
9.68804 1
9.68896 0
9.69174 1
9.69174 0
9.69174 1
9.69266 0
9.69359 1
9.69359 0
9.69359 1
9.69451 0
9.69544 1
9.69544 0
9.69544 1
9.69636 0
9.69729 1
9.69729 0
9.69729 1
9.69729 2
9.69821 1
9.69914 0
9.78989 1
9.78989 0
9.79359 1
9.79359 0
9.79544 1
9.79544 0
9.79729 1
9.79729 0
9.79914 1
9.79914 0
9.88996 1
9.88996 0
9.88996 1
9.89088 0
9.89365 1
9.89365 0
9.89365 1
9.89458 0
9.8955 1
9.8955 0
9.8955 1
9.89643 0
9.89735 1
9.89735 0
9.89735 1
9.89828 0
9.8992 1
9.8992 0
9.8992 1
9.90013 0
9.99088 1
9.99088 0
9.99458 1
9.99458 0
9.99643 1
9.99643 0
9.99828 1
9.99828 0
