1.0 0.0
1.20013 0.0
1.2002 7e-05
1.40119 0.0
1.40212 0.00093
1.60311 0.0
1.60404 0.00093
1.60496 0.00185
1.80503 0.0
1.80595 0.00092
1.80688 0.00185
2.00595 0.0
2.00688 0.00093
2.0078 0.00086
2.00873 0.00179
2.00965 0.00271
2.20694 0.0
2.20787 0.00093
2.20879 0.00185
2.20972 0.00093
2.21064 0.00185
2.21157 0.00278
2.21249 0.00185
2.21342 0.00278
2.21434 0.0037
2.40886 0.0
2.40979 0.00093
2.41071 0.00185
2.41164 0.00093
2.41256 0.00185
2.41348 0.00277
2.41441 0.00185
2.41533 0.00277
2.41626 0.0037
2.41718 0.00277
2.41811 0.0037
2.41903 0.00462
2.60985 0.0
2.61078 0.00093
2.6117 0.00185
2.61263 0.00093
2.61355 0.00185
2.61448 0.00278
2.6154 0.00185
2.61633 0.00278
2.61725 0.0037
2.61818 0.00278
2.6191 0.0037
2.62003 0.00463
2.62095 0.0037
2.62188 0.00463
2.6228 0.00555
2.62372 0.00462
2.62465 0.00555
2.62557 0.00647
2.81084 0.0
2.81177 0.00093
2.81269 0.00185
2.81362 0.00093
2.81454 0.00185
2.81547 0.00278
2.81639 0.00185
2.81732 0.00278
2.81824 0.0037
2.81917 0.00278
2.82009 0.0037
2.82102 0.00463
2.82194 0.0037
2.82287 0.00463
2.82379 0.00555
2.82472 0.00463
2.82564 0.00555
2.82657 0.00648
2.82749 0.00555
2.82842 0.00648
2.82934 0.0074
2.83027 0.00648
2.83119 0.0074
2.83212 0.00833
2.83304 0.0074
2.83396 0.00832
2.83489 0.00925
3.01184 0.0
3.01276 0.00092
3.01369 0.00185
3.01461 0.00092
3.01554 0.00185
3.01646 0.00277
3.01739 0.00185
3.01831 0.00277
3.01924 0.0037
3.02016 0.00277
3.02108 0.00369
3.02201 0.00462
3.02293 0.00369
3.02386 0.00462
3.02478 0.00554
3.02571 0.00463
3.02663 0.00555
3.02756 0.00648
3.02848 0.00555
3.02941 0.00648
3.03033 0.0074
3.03126 0.00648
3.03218 0.0074
3.03311 0.00833
3.03403 0.0074
3.03496 0.00833
3.03588 0.00925
3.03681 0.00833
3.03773 0.00925
3.03866 0.00833
3.03958 0.00925
3.04051 0.00833
3.04143 0.00925
3.04236 0.00833
3.04328 0.00925
3.0442 0.00832
3.04513 0.00925
3.21375 0.0
3.21468 0.00093
3.2156 0.00185
3.21653 0.00093
3.21745 0.00185
3.21838 0.00278
3.2193 0.00185
3.22023 0.00278
3.22115 0.0037
3.22208 0.00278
3.223 0.0037
3.22393 0.00463
3.22485 0.0037
3.22578 0.00463
3.2267 0.00555
3.22763 0.00463
3.22855 0.00555
3.22948 0.00648
3.2304 0.00555
3.23132 0.00647
3.23225 0.0074
3.23317 0.00647
3.2341 0.0074
3.23502 0.00832
3.23595 0.0074
3.23687 0.00832
3.2378 0.00925
3.23872 0.00832
3.23965 0.00925
3.24057 0.00832
3.2415 0.00925
3.24242 0.00832
3.24335 0.00925
3.24427 0.00832
3.2452 0.00925
3.24612 0.00832
3.24705 0.00925
3.24797 0.00832
3.2489 0.00925
3.24982 0.0074
3.43509 0.0
3.43602 0.0
3.43694 0.0
3.43787 0.0
3.43879 0.0
3.43972 0.0
3.44064 0.0
3.44156 0.0
3.44249 0.0
3.44341 0.0
3.44434 0.0
3.44526 0.0
3.44619 0.0
3.44711 0.0
3.44804 0.0
3.44896 0.0
3.44989 0.0
3.45081 0.0
3.45174 0.00093
3.63608 0.0
3.63701 0.0
3.63793 0.0
3.63886 0.0
3.63978 0.0
3.64071 0.0
3.64163 0.0
3.64256 0.0
3.64348 0.0
3.64441 0.0
3.64533 0.0
3.64626 0.0
3.64718 0.0
3.64811 0.0
3.64903 0.0
3.64996 0.0
3.65088 0.0
3.6518 0.0
3.65273 0.00093
3.65365 0.00092
3.83708 0.0
3.838 0.0
3.83892 0.0
3.83985 0.0
3.84077 0.0
3.8417 0.0
3.84262 0.0
3.84355 0.0
3.84447 0.0
3.8454 0.0
3.84632 0.0
3.84725 0.0
3.84817 0.0
3.8491 0.0
3.85002 0.0
3.85095 0.0
3.85187 0.0
3.8528 0.0
3.85372 0.00092
3.85465 0.00093
3.85557 0.00092
4.03807 0.0
4.03899 0.0
4.03992 0.0
4.04084 0.0
4.04177 0.0
4.04269 0.0
4.04362 0.0
4.04454 0.0
4.04547 0.0
4.04639 0.0
4.04732 0.0
4.04824 0.0
4.04916 0.0
4.05009 0.0
4.05101 0.0
4.05194 0.0
4.05286 0.0
4.05379 0.0
4.05471 0.00092
4.05564 0.00093
4.05656 0.00092
4.25478 0.0
4.25571 0.000929999999999
4.25663 0.00185
4.25756 0.00278
4.25848 0.0037
4.2594 0.00462
4.26033 0.00555
4.26125 0.00647
4.26218 0.0074
4.2631 0.00832
4.26403 0.00925
4.26495 0.00924
4.26588 0.00925
4.2668 0.00924
4.45577 0.0
4.4567 0.000929999999999
4.45762 0.000920000000001
4.45855 0.000929999999999
4.45947 0.00092
4.4604 0.00093
4.46132 0.00092
4.46225 0.00093
4.46317 0.00092
4.4641 0.00093
4.46502 0.00092
4.46595 0.00093
4.65676 0.0
4.65769 0.000929999999999
4.65861 0.00185
4.65954 0.00278
4.85776 0.0
4.85868 0.00092
4.85961 0.00185
4.86053 0.00277
5.05875 0.0
5.05967 0.00092
5.0606 0.00185
5.06152 0.00277
5.26252 0.0
5.46351 0.0
5.6645 0.0
5.86549 0.0
6.06648 0.0
6.26748 0.0
6.46847 0.0
6.66946 0.0
6.87045 0.0
7.07144 0.0
7.07237 0.00093
7.07329 0.00185
7.07422 0.00278
7.07514 0.0037
7.07607 0.00463
7.07699 0.00555
7.07792 0.00648
7.07884 0.0074
7.07977 0.00833
7.08069 0.00925
7.27336 0.0
7.27428 0.00092
7.27521 0.0
7.27613 0.00092
7.27706 0.0
7.27798 0.000920000000001
7.27891 0.0
7.27983 0.00092
7.28076 0.0
7.28168 0.00092
7.47435 0.0
7.47713 0.0
7.48268 0.0
7.67534 0.0
7.67812 0.0
7.67904 0.00092
7.68367 0.0
7.87634 0.0
7.87911 0.0
7.88004 0.00093
7.88096 0.00092
7.88466 0.0
8.07733 0.0
8.0801 0.0
8.08103 0.00093
8.08195 0.000920000000001
8.08288 0.000929999999999
8.08565 0.0
8.27832 0.0
8.28109 0.0
8.28202 0.000929999999999
8.28294 0.000920000000001
8.28387 0.00093
8.28479 0.000919999999999
8.28664 0.0
8.47931 0.0
8.48209 0.0
8.48301 0.000920000000001
8.48394 0.0
8.48486 0.000919999999999
8.48579 0.0
8.48671 0.000920000000001
8.6803 0.0
8.68123 0.000929999999999
8.684 0.0
8.68493 0.00093
8.68585 0.0
8.68678 0.00093
8.6877 0.0
8.68863 0.00093
8.88222 0.0
8.88315 0.00093
8.88592 0.0
8.88684 0.000919999999999
8.88777 0.00185
8.88869 0.000920000000001
8.88962 0.00185
8.89054 0.000919999999999
8.89147 0.00185
9.08414 0.0
9.08506 0.000920000000001
9.08784 0.0
9.08876 0.000920000000001
9.08969 0.0
9.09061 0.000920000000001
9.09154 0.0
9.09246 0.000920000000001
9.28513 0.0
9.28605 0.000919999999999
9.28883 0.0
9.28975 0.000919999999999
9.29068 0.0
9.2916 0.000920000000001
9.29253 0.0
9.29345 0.000920000000001
9.29438 0.00185
9.48612 0.0
9.48705 0.00093
9.48982 0.0
9.49075 0.00093
9.49167 0.0
9.4926 0.00093
9.49352 0.0
9.49444 0.000920000000001
9.49537 0.0
9.49629 0.000920000000001
9.68804 0.0
9.68896 0.000919999999999
9.69174 0.0
9.69266 0.000920000000001
9.69359 0.0
9.69451 0.000919999999999
9.69544 0.0
9.69636 0.000920000000001
9.69729 0.0
9.69821 0.000919999999999
9.69914 0.00185
9.88996 0.0
9.89088 0.000919999999999
9.89365 0.0
9.89458 0.00093
9.8955 0.0
9.89643 0.00093
9.89735 0.0
9.89828 0.00093
9.8992 0.0
9.90013 0.00093
