1.200134 1
1.401193 537
1.603110 1609
1.805027 2681
2.005952 3217
2.006944 4289
2.206944 5361
2.208793 6433
2.210643 7505
2.408860 8577
2.410710 9649
2.412560 10721
2.414409 11793
2.609852 12865
2.611702 13937
2.613552 15009
2.615401 16081
2.617251 17153
2.619100 18225
2.810844 19297
2.812694 20369
2.814544 21441
2.816393 22513
2.818243 23585
2.820092 24657
2.821942 25729
2.823792 26801
2.825641 27873
3.011836 28945
3.013686 30017
3.015536 31089
3.017385 32161
3.019235 33233
3.021084 34305
3.022934 35377
3.024784 36449
3.026633 37521
3.028483 38593
3.030332 39665
3.032182 40737
3.034032 41809
3.035881 42881
3.213753 43953
3.215603 45025
3.217452 46097
3.219302 47169
3.221152 48241
3.223001 49313
3.224851 50385
3.226700 51457
3.228550 52529
3.230400 53601
3.232249 54673
3.234099 55745
3.235948 56817
3.237798 57889
3.239648 58425
3.240572 58425
3.241497 58425
3.242422 58425
3.243347 58425
3.244272 58425
3.245196 58425
3.246121 58425
3.414745 58425
3.415670 58425
3.416595 58425
3.417520 58425
3.418444 58425
3.419369 58425
3.420294 58425
3.421219 58425
3.422144 58425
3.423068 58425
3.423993 58425
3.424918 58425
3.425843 58425
3.426768 58425
3.427692 58425
3.428617 58425
3.429542 58425
3.430467 58425
3.431392 58425
3.432316 58425
3.433241 58425
3.434166 58425
3.435091 58425
3.436016 58425
3.436940 58425
3.437865 58425
3.438790 58425
3.439715 58425
3.440640 58425
3.441564 58425
3.442489 58425
3.443414 58425
3.444339 58425
3.445264 58425
3.446188 58425
3.447113 58425
3.448038 58425
3.448963 58425
3.449888 58425
3.450812 60033
3.636083 60033
3.637008 60033
3.637932 60033
3.638857 60033
3.639782 60033
3.640707 60033
3.641632 60033
3.642556 60033
3.643481 60033
3.644406 60033
3.645331 60033
3.646256 60033
3.647180 60033
3.648105 60033
3.649030 60033
3.649955 60033
3.650880 60033
3.651804 61641
3.652729 61641
3.837075 61641
3.838000 61641
3.838924 61641
3.839849 61641
3.840774 61641
3.841699 61641
3.842624 61641
3.843548 61641
3.844473 61641
3.845398 61641
3.846323 61641
3.847248 61641
3.848172 61641
3.849097 61641
3.850022 61641
3.850947 61641
3.851872 61641
3.852796 63249
3.853721 63249
3.854646 63249
4.038067 63249
4.038992 63249
4.039916 63249
4.040841 63249
4.041766 63249
4.042691 63249
4.043616 63249
4.044540 63249
4.045465 63249
4.046390 63249
4.047315 63249
4.048240 63249
4.049164 63249
4.050089 63249
4.051014 63249
4.051939 63249
4.052864 63249
4.053788 64857
4.054713 64857
4.055638 64857
4.056563 64857
4.239059 64857
4.239984 64857
4.240908 64857
4.241833 64857
4.242758 64857
4.243683 64857
4.244608 64857
4.245532 64857
4.246457 64857
4.247382 64857
4.248307 64857
4.249232 64857
4.250156 64857
4.251081 64857
4.252006 64857
4.252931 64857
4.253856 64857
4.254780 80937
4.255705 80937
4.256630 80937
4.257555 80937
4.455772 82545
4.456697 82545
4.457622 82545
4.458547 82545
4.459472 82545
4.460396 82545
4.461321 82545
4.462246 82545
4.463171 82545
4.464096 82545
4.465020 82545
4.465945 82545
4.466870 82545
4.467795 82545
4.656764 84153
4.657689 84153
4.658614 84153
4.659539 84153
4.660464 84153
4.661388 84153
4.662313 84153
4.663238 84153
4.664163 84153
4.665088 84153
4.666012 84153
4.666937 84153
4.857756 85761
4.858681 85761
4.859606 85761
4.860531 85761
5.058748 87369
5.059673 87369
5.060598 87369
5.061523 87369
5.259740 135609
5.260665 135609
5.261590 135609
5.262515 135609
5.463507 136145
5.664499 136681
5.865491 137217
6.066483 137753
6.267475 138289
6.468467 138825
6.669459 139361
6.870451 139897
7.071443 152761
7.273360 153833
7.275209 154905
7.277059 155977
7.278908 157049
7.280758 158121
7.474352 158657
7.475276 158657
7.476201 158657
7.477126 158657
7.478051 158657
7.478976 158657
7.479900 158657
7.480825 158657
7.481750 158657
7.482675 158657
7.675344 158657
7.678118 159193
7.683667 159193
7.876336 159193
7.879110 159729
7.880035 159729
7.884659 159729
8.077328 159729
8.080102 160265
8.081027 160265
8.081952 160265
8.085651 160265
8.278320 160265
8.281094 160801
8.282019 160801
8.282944 160801
8.283868 160801
8.286643 160801
8.479312 160801
8.482086 174737
8.483936 175809
8.485785 176881
8.680304 177953
8.684003 179025
8.685852 180097
8.687702 181169
8.882220 182241
8.885920 183313
8.887769 184385
8.889619 185457
9.084137 186529
9.087836 187601
9.089686 188673
9.091536 189745
9.285129 190817
9.288828 191889
9.290678 192961
9.292528 194033
9.486121 195105
9.489820 196177
9.491670 197249
9.493520 198321
9.495369 199393
9.688038 200465
9.691737 201537
9.693587 202609
9.695436 203681
9.697286 204753
9.889955 205825
9.893654 206897
9.895504 207969
9.897353 209041
9.899203 210113
