1.000000 0
1.200134 0
1.200201 1
1.401193 537
1.402118 1073
1.603110 1609
1.604035 2145
1.604960 2681
1.805027 3217
1.805952 3753
1.806876 4289
2.005952 4825
2.006876 5361
2.007801 5897
2.008726 6433
2.009651 6969
2.206944 7505
2.207868 8041
2.208793 8577
2.209718 9113
2.210643 9649
2.211568 10185
2.212492 10721
2.213417 11257
2.214342 11793
2.408860 12329
2.409785 12865
2.410710 13401
2.411635 13937
2.412560 14473
2.413484 15009
2.414409 15545
2.415334 16081
2.416259 16617
2.417184 17153
2.418108 17689
2.419033 18225
2.609852 18761
2.610777 19297
2.611702 19833
2.612627 20369
2.613552 20905
2.614476 21441
2.615401 21977
2.616326 22513
2.617251 23049
2.618176 23585
2.619100 24121
2.620025 24657
2.620950 25193
2.621875 25729
2.622800 26265
2.623724 26801
2.624649 27337
2.625574 27873
2.810844 28409
2.811769 28945
2.812694 29481
2.813619 30017
2.814544 30553
2.815468 31089
2.816393 31625
2.817318 32161
2.818243 32697
2.819168 33233
2.820092 33769
2.821017 34305
2.821942 34841
2.822867 35377
2.823792 35913
2.824716 36449
2.825641 36985
2.826566 37521
2.827491 38057
2.828416 38593
2.829340 39129
2.830265 39665
2.831190 40201
2.832115 40737
2.833040 41273
2.833964 41809
2.834889 42345
3.011836 42881
3.012761 43417
3.013686 43953
3.014611 44489
3.015536 45025
3.016460 45561
3.017385 46097
3.018310 46633
3.019235 47169
3.020160 47705
3.021084 48241
3.022009 48777
3.022934 49313
3.023859 49849
3.024784 50385
3.025708 50921
3.026633 51457
3.027558 51993
3.028483 52529
3.029408 53065
3.030332 53601
3.031257 54137
3.032182 54673
3.033107 55209
3.034032 55745
3.034956 56281
3.035881 56817
3.036806 57353
3.037731 57889
3.038656 58961
3.039580 59497
3.040505 60569
3.041430 61105
3.042355 62177
3.043280 62713
3.044204 63785
3.045129 64321
3.213753 65393
3.214678 65929
3.215603 66465
3.216528 67001
3.217452 67537
3.218377 68073
3.219302 68609
3.220227 69145
3.221152 69681
3.222076 70217
3.223001 70753
3.223926 71289
3.224851 71825
3.225776 72361
3.226700 72897
3.227625 73433
3.228550 73969
3.229475 74505
3.230400 75041
3.231324 75577
3.232249 76113
3.233174 76649
3.234099 77185
3.235024 77721
3.235948 78257
3.236873 78793
3.237798 79329
3.238723 79865
3.239648 80401
3.240572 81473
3.241497 82009
3.242422 83081
3.243347 83617
3.244272 84689
3.245196 85225
3.246121 86297
3.247046 86833
3.247971 87905
3.248896 88441
3.249820 58425
3.435091 88977
3.436016 89513
3.436940 90049
3.437865 90585
3.438790 91121
3.439715 91657
3.440640 92193
3.441564 92729
3.442489 93265
3.443414 93801
3.444339 94337
3.445264 94873
3.446188 95409
3.447113 95945
3.448038 96481
3.448963 97017
3.449888 97553
3.450812 60033
3.451737 98089
3.636083 98625
3.637008 99161
3.637932 99697
3.638857 100233
3.639782 100769
3.640707 101305
3.641632 101841
3.642556 102377
3.643481 102913
3.644406 103449
3.645331 103985
3.646256 104521
3.647180 105057
3.648105 105593
3.649030 106129
3.649955 106665
3.650880 107201
3.651804 61641
3.652729 107737
3.653654 108273
3.837075 108809
3.838000 109345
3.838924 109881
3.839849 110417
3.840774 110953
3.841699 111489
3.842624 112025
3.843548 112561
3.844473 113097
3.845398 113633
3.846323 114169
3.847248 114705
3.848172 115241
3.849097 115777
3.850022 116313
3.850947 116849
3.851872 117385
3.852796 63249
3.853721 117921
3.854646 118457
3.855571 118993
4.038067 119529
4.038992 120065
4.039916 120601
4.040841 121137
4.041766 121673
4.042691 122209
4.043616 122745
4.044540 123281
4.045465 123817
4.046390 124353
4.047315 124889
4.048240 125425
4.049164 125961
4.050089 126497
4.051014 127033
4.051939 127569
4.052864 128105
4.053788 64857
4.054713 128641
4.055638 129177
4.056563 129713
4.254780 80937
4.255705 130249
4.256630 130785
4.257555 131321
4.258480 131857
4.259404 132393
4.260329 132929
4.261254 133465
4.262179 134001
4.263104 134537
4.264028 135073
4.264953 140433
4.265878 140969
4.266803 141505
4.455772 82545
4.456697 142041
4.457622 142577
4.458547 143113
4.459472 143649
4.460396 144185
4.461321 144721
4.462246 145257
4.463171 145793
4.464096 146329
4.465020 146865
4.465945 147401
4.656764 84153
4.657689 147937
4.658614 148473
4.659539 149009
4.857756 85761
4.858681 149545
4.859606 150081
4.860531 150617
5.058748 87369
5.059673 151153
5.060598 151689
5.061523 152225
5.262515 135609
5.463507 136145
5.664499 136681
5.865491 137217
6.066483 137753
6.267475 138289
6.468467 138825
6.669459 139361
6.870451 139897
7.071443 152761
7.072368 153297
7.073292 153833
7.074217 154369
7.075142 154905
7.076067 155441
7.076992 155977
7.077916 156513
7.078841 157049
7.079766 157585
7.080691 158121
7.273360 161337
7.274284 161873
7.275209 162409
7.276134 162945
7.277059 163481
7.277984 164017
7.278908 164553
7.279833 165089
7.280758 165625
7.281683 166161
7.474352 166697
7.477126 158657
7.482675 167233
7.675344 167769
7.678118 159193
7.679043 168305
7.683667 168841
7.876336 169377
7.879110 159729
7.880035 169913
7.880960 170449
7.884659 170985
8.077328 171521
8.080102 160265
8.081027 172057
8.081952 172593
8.082876 173129
8.085651 173665
8.278320 174201
8.281094 160801
8.282019 174737
8.282944 175273
8.283868 175809
8.284793 176345
8.286643 176881
8.479312 177417
8.482086 177953
8.483011 178489
8.483936 179025
8.484860 179561
8.485785 180097
8.486710 180633
8.680304 181169
8.681228 181705
8.684003 182241
8.684928 182777
8.685852 183313
8.686777 183849
8.687702 184385
8.688627 184921
8.882220 185457
8.883145 185993
8.885920 186529
8.886844 187065
8.887769 187601
8.888694 188137
8.889619 188673
8.890544 189209
8.891468 189745
9.084137 190281
9.085062 190817
9.087836 191353
9.088761 191889
9.089686 192425
9.090611 192961
9.091536 193497
9.092460 194033
9.285129 194569
9.286054 195105
9.288828 195641
9.289753 196177
9.290678 196713
9.291603 197249
9.292528 197785
9.293452 198321
9.294377 198857
9.486121 199393
9.487046 199929
9.489820 200465
9.490745 201001
9.491670 201537
9.492595 202073
9.493520 202609
9.494444 203145
9.495369 203681
9.496294 204217
9.688038 204753
9.688963 205289
9.691737 205825
9.692662 206361
9.693587 206897
9.694512 207433
9.695436 207969
9.696361 208505
9.697286 209041
9.698211 209577
9.699136 210113
9.889955 210649
9.890880 211185
9.893654 211721
9.894579 212257
9.895504 212793
9.896428 213329
9.897353 213865
9.898278 214401
9.899203 214937
9.900128 215473
