1.010134 1
1.021193 537
1.033110 1609
1.045027 2681
1.056019 3753
1.057868 4825
1.067936 5897
1.069785 6969
1.071635 8041
1.079852 9113
1.081702 10185
1.083552 11257
1.085401 12329
1.090844 13401
1.092694 14473
1.094544 15545
1.096393 16617
1.098243 17689
1.100092 17689
1.101017 17689
1.101942 17689
1.102867 17689
1.103792 17689
1.104716 17689
1.105641 17689
1.106566 17689
1.107491 17689
1.108416 17689
1.109340 17689
1.110265 17689
1.111190 17689
1.112115 17689
1.113040 17689
1.113964 17689
1.114889 17689
1.115814 27337
1.120332 28409
1.122182 29481
1.124032 30553
1.125881 31625
1.131324 32697
1.133174 33769
1.135024 34841
1.136873 35913
1.142316 36985
1.144166 38057
1.146016 39129
1.147865 40201
1.153308 41273
1.155158 42345
1.157008 43417
1.158857 44489
1.160707 45561
1.165225 46633
1.167075 47705
1.168924 48777
1.170774 49849
1.172624 50921
1.177142 51993
1.178992 51993
1.179916 51993
1.180841 51993
1.181766 51993
1.182691 51993
1.183616 51993
1.184540 51993
1.185465 51993
1.189059 51993
1.191833 56817
1.195532 56817
1.196457 56817
1.200051 56817
1.202825 59497
1.206524 60569
1.211043 61641
1.217516 62713
1.222035 63785
1.223884 64857
1.229433 65929
1.233952 67001
1.235801 68073
1.241350 69145
1.245868 70217
1.247718 71289
1.253267 72361
1.256860 73433
1.258710 74505
1.264259 75577
1.267852 76649
1.269702 77721
1.275251 78793
1.278844 79865
1.280694 80937
1.282544 82009
1.287168 83081
1.290761 84153
1.292611 85225
1.294460 86297
1.299084 87369
1.302678 88441
1.304528 89513
1.306377 90585
1.310076 91657
1.313670 92729
1.315520 93801
1.317369 94873
1.321068 95945
1.324662 97017
1.326512 98089
1.328361 99161
1.332060 100233
1.333910 101305
1.336579 102377
1.338428 103449
1.340278 104521
1.343977 105593
1.345827 106665
1.348496 107737
1.350345 108809
1.352195 109881
1.355894 110953
1.357744 112025
1.360412 113097
1.362262 114169
1.364112 115241
1.366886 116313
1.368736 117385
1.371404 118457
1.373254 119529
1.375104 120601
1.377878 121673
1.379728 122745
1.382396 123817
1.384246 124889
1.386096 125961
1.387945 127033
1.389795 128105
1.391644 129177
1.394313 130249
1.396163 131321
1.398012 132393
1.399862 133465
1.401712 134537
1.403561 135609
1.406230 136681
1.408080 137753
1.409929 138825
1.411779 139897
1.413628 140969
1.415478 142041
1.417328 143113
1.419177 144185
1.421027 145257
1.422876 146329
1.424726 147401
1.426576 148473
1.428425 149545
1.430275 150617
1.432124 151689
1.433974 152761
1.435824 153833
1.437673 154905
1.439523 155977
1.441372 157049
1.443222 158121
1.445072 159193
1.446921 160265
1.448771 161337
1.450620 162409
1.452470 163481
1.454320 164553
1.456169 165625
1.458019 166697
1.459868 167769
1.461718 168841
1.463568 169913
1.465417 170985
1.467267 172057
1.469116 173129
1.470966 174201
1.472816 175273
1.474665 176345
1.476515 177417
1.478364 178489
1.480214 179561
1.482064 180633
1.483913 181705
1.485763 182777
1.487612 183849
1.489462 184921
1.491312 185993
1.493161 187065
1.495011 188137
1.496860 189209
1.498710 190281
1.500560 191353
1.502409 192425
1.504259 193497
1.506108 194569
1.507958 195641
1.510732 196177
1.511657 196177
1.513507 196177
1.514432 196177
1.515356 196177
1.516281 196177
1.517206 196177
1.518131 196177
1.519056 196177
1.519980 196177
1.520905 196177
1.521830 196177
1.522755 196177
1.523680 196177
1.525424 197785
1.530972 197785
1.531897 197785
1.532822 197785
1.534672 197785
1.536416 206361
1.537340 206361
1.541964 206361
1.542889 206361
1.543814 206361
1.545664 206361
1.547408 206361
1.553881 210649
1.558400 211721
1.565798 212793
1.570316 213865
1.577715 214937
1.582233 216009
1.589632 217081
1.593225 218153
1.600624 219225
1.604217 220297
1.611616 221369
1.615209 222441
1.617059 223513
1.623532 224585
1.627126 225657
1.628976 226729
1.635449 227801
1.639043 228873
1.640892 229945
1.647366 231017
1.650035 232089
1.651884 233161
1.658358 234233
1.661027 235305
1.662876 236377
1.669350 237449
1.672019 238521
1.673868 239593
1.675718 240665
1.681267 241737
1.683936 242809
1.685785 243881
1.687635 244953
1.693184 246025
1.695852 247097
1.697702 248169
1.699552 249241
1.704176 250313
1.706844 251385
1.708694 252457
1.710544 253529
1.715168 254601
1.717836 255673
1.719686 256745
1.721536 257817
1.726160 258889
1.728009 259961
1.729859 261033
1.731708 262105
1.733558 263177
1.738076 264249
1.739926 265321
1.741776 266393
1.743625 267465
1.745475 268537
1.749993 269609
1.751843 270681
1.753692 271753
1.755542 272825
1.757392 273897
1.760985 274969
1.762835 276041
1.764684 277113
1.766534 278185
1.768384 279257
1.771977 280329
1.773827 281401
1.775676 282473
1.777526 283545
1.779376 284617
1.781225 285689
1.783894 286761
1.785744 287833
1.787593 288905
1.789443 289977
1.791292 291049
1.793142 292121
1.795811 293193
1.797660 294265
1.799510 295337
1.801360 296409
1.803209 297481
1.805059 298553
1.806908 299625
1.808758 300697
1.810608 301769
1.812457 302841
1.814307 303913
1.816156 304985
1.818006 306057
1.819856 307129
1.821705 308201
1.823555 309273
1.825404 310345
1.827254 311417
1.829104 312489
1.830953 313561
1.832803 314633
1.834652 315705
1.836502 316777
1.838352 317849
1.840201 318921
1.842051 319993
1.843900 321065
1.845750 322137
1.847600 323209
1.849449 324281
1.851299 325353
1.853148 326425
1.854998 327497
1.856848 328569
1.858697 329641
1.860547 330713
1.862396 331785
1.864246 332857
1.866096 333929
1.867945 335001
1.869795 336073
1.871644 337145
1.873494 338217
1.875344 339289
1.877193 340361
1.879043 341433
1.880892 342505
1.882742 343577
1.884592 344649
1.886441 345721
1.888291 346793
1.890140 347865
1.891990 348937
1.893840 350009
1.895689 351081
1.897539 352153
1.899388 353225
1.901238 354297
1.903088 355369
1.904937 356441
1.906787 357513
1.908636 358585
1.910486 359657
1.912336 360729
1.914185 361801
1.916035 362873
1.917884 363945
1.919734 365017
1.921584 366089
1.923433 367161
1.925283 368233
1.927132 369305
1.928982 370377
1.930832 371449
1.932681 372521
1.934531 373593
1.936380 374665
1.938230 375737
1.940080 376809
1.941929 377881
1.943779 378953
1.945628 380025
1.947478 381097
1.949328 382169
1.951177 383241
1.953027 384313
1.954876 385385
1.956726 386457
1.958576 387529
1.960425 388601
1.962275 389673
1.964124 390745
1.965974 391817
1.967824 392889
1.969673 393961
1.971523 395033
1.973372 396105
1.975222 397177
1.977072 398249
1.978921 399321
1.980771 400393
1.982620 401465
1.984470 402537
1.986320 403609
1.988169 404681
1.990019 405753
1.991868 406825
1.993718 407897
1.995568 408969
1.997417 410041
1.999267 411113
2.001116 412185
2.002966 413257
2.004816 414329
2.006665 415401
2.008515 416473
2.010364 417545
2.012214 418617
2.014064 419689
2.015913 420761
2.017763 421833
2.019612 422905
2.021462 423977
2.023312 425049
2.025161 426121
2.027011 427193
2.028860 428265
2.030710 429337
2.032560 430409
2.034409 431481
2.036259 432553
2.038108 433625
2.039958 434697
2.041808 435769
2.043657 436841
2.045507 437913
2.047356 438985
2.049206 440057
2.051056 441129
2.052905 442201
2.054755 443273
2.056604 444345
2.058454 445417
2.060304 446489
2.062153 447561
2.064003 448633
2.065852 449705
2.067702 450777
2.069552 451849
2.071401 452921
2.073251 453993
2.075100 455065
2.076950 456137
2.078800 457209
2.080649 458281
2.082499 459353
2.084348 460425
2.086198 461497
2.088048 462569
2.089897 463641
2.091747 464713
2.093596 465785
2.095446 466857
2.097296 467929
2.099145 469001
2.100995 470073
2.102844 471145
2.104694 472217
2.106544 473289
2.108393 474361
2.110243 474897
2.111168 474897
2.112092 474897
2.113017 474897
2.113942 474897
2.114867 474897
2.115792 474897
2.116716 474897
2.117641 474897
2.118566 474897
2.119491 474897
2.120416 474897
2.121340 474897
2.122265 474897
2.123190 474897
2.124115 474897
2.125040 474897
2.125964 474897
2.126889 474897
2.127814 474897
2.128739 474897
2.129664 486689
2.133257 487761
2.135107 488833
2.136956 489905
2.138806 490977
2.140656 492049
2.144249 493121
2.146099 494193
2.147948 495265
2.149798 496337
2.151648 497409
2.155241 498481
2.157091 499553
2.158940 500625
2.160790 501697
2.162640 502769
2.166233 503841
2.168083 504913
2.169932 505985
2.171782 507057
2.173632 508129
2.175481 509201
2.178150 510273
2.180000 511345
2.181849 512417
2.183699 513489
2.185548 514561
2.187398 515633
2.190067 516705
2.191916 517777
2.193766 518849
2.195616 519921
2.197465 520993
2.199315 522065
2.201164 523137
2.203014 524209
2.204864 525281
2.206713 526353
2.208563 527425
2.210412 528497
2.212262 529569
2.214112 530641
2.215961 531713
2.217811 532785
2.219660 533857
2.221510 534929
2.223360 536001
2.225209 537073
2.227059 538145
2.228908 539217
2.230758 540289
2.232608 541361
2.234457 542433
2.236307 543505
2.238156 544577
2.240006 545649
2.241856 546721
2.243705 547793
2.245555 548865
2.247404 549937
2.249254 551009
2.251104 552081
2.252953 553153
2.254803 554225
2.256652 555297
2.258502 556369
2.260352 557441
2.262201 558513
2.264051 559585
2.265900 560657
2.267750 561729
2.269600 562801
2.271449 563873
2.273299 564945
2.275148 566017
2.276998 567089
2.278848 568161
2.280697 569233
2.282547 570305
2.284396 571377
2.286246 572449
2.288096 573521
2.289945 574593
2.291795 575665
2.293644 576737
2.295494 577809
2.297344 578881
2.299193 579953
2.301043 581025
2.302892 582097
2.304742 583169
2.306592 584241
2.308441 585313
2.310291 586385
2.312140 587457
2.313990 588529
2.315840 589601
2.317689 590673
2.319539 591745
2.321388 592817
2.323238 593889
2.325088 594961
2.326937 596033
2.328787 597105
2.330636 598177
2.332486 599249
2.334336 600321
2.336185 601393
2.338035 602465
2.339884 603537
2.341734 604609
2.343584 605681
2.345433 606753
2.347283 607825
2.349132 608897
2.350982 609969
2.352832 611041
2.354681 612113
2.356531 613185
2.358380 614257
2.360230 615329
2.362080 616401
2.363929 617473
2.366704 618009
2.367628 618009
2.368553 618009
2.369478 618009
2.370403 618009
2.371328 618009
2.372252 618009
2.373177 618009
2.374102 618009
2.375027 618009
2.375952 618009
2.376876 618009
2.377801 618009
2.378726 618009
2.379651 618009
2.380576 618009
2.381500 618009
2.382425 618009
2.383350 628193
2.388793 629265
2.390643 630337
2.392492 631409
2.394342 632481
2.399785 633553
2.401635 634625
2.403484 635697
2.405334 636769
2.407184 637841
2.411702 638913
2.413552 639985
2.415401 641057
2.417251 642129
2.419100 643201
2.423619 644273
2.425468 645345
2.427318 646417
2.429168 647489
2.431017 648561
2.435536 649633
2.437385 650705
2.439235 651777
2.441084 652849
2.442934 653921
2.446528 654993
2.448377 656065
2.450227 657137
2.452076 658209
2.453926 659281
2.457520 660353
2.459369 661425
2.461219 662497
2.463068 663569
2.464918 664641
2.466768 665713
2.469436 666785
2.471286 667857
2.473136 668929
2.474985 670001
2.476835 671073
2.478684 672145
2.481353 673217
2.483203 674289
2.485052 675361
2.486902 676433
2.488752 677505
2.490601 678577
2.492451 679649
2.494300 680721
2.496150 681793
2.498000 682865
2.499849 683937
2.501699 685009
2.503548 686081
2.505398 687153
2.507248 688225
2.509097 689297
2.510947 690369
2.512796 691441
2.514646 692513
2.516496 693585
2.518345 694657
2.520195 695729
2.522044 696801
2.523894 697873
2.525744 698945
2.527593 700017
2.529443 701089
2.532217 701625
2.533142 701625
2.534067 701625
2.534992 701625
2.535916 701625
2.536841 701625
2.537766 701625
2.538691 701625
2.539616 701625
2.540540 701625
2.541465 701625
2.542390 701625
2.543315 701625
2.544240 701625
2.545984 709665
2.552457 710737
2.554307 711809
2.556976 712881
2.563449 713953
2.565299 715025
2.567968 716097
2.569817 717169
2.575366 718241
2.577216 719313
2.579884 720385
2.581734 721457
2.587283 722529
2.589132 723601
2.591801 724673
2.593651 725745
2.599200 726817
2.601049 727889
2.602899 728961
2.604748 730033
2.610192 731105
2.612041 732177
2.613891 733249
2.615740 734321
2.621184 735393
2.623033 736465
2.624883 737537
2.626732 738609
2.628582 739681
2.633100 740753
2.634950 741825
2.636800 742897
2.638649 743969
2.640499 745041
2.645017 746113
2.646867 747185
2.648716 748257
2.650566 749329
2.652416 750401
2.656009 751473
2.657859 752545
2.659708 753617
2.661558 754689
2.663408 755761
2.667001 756833
2.668851 757905
2.670700 758977
2.672550 760049
2.674400 761121
2.677993 762193
2.679843 763265
2.681692 764337
2.683542 765409
2.685392 766481
2.687241 767553
2.689910 768625
2.691760 769697
2.693609 770769
2.695459 771841
2.697308 772913
2.699158 773985
2.701827 775057
2.703676 776129
2.705526 777201
2.707376 778273
2.709225 779345
2.711075 780417
2.712924 781489
2.714774 782561
2.716624 783633
2.718473 784705
2.720323 785777
2.722172 786849
2.724022 787921
2.725872 788993
2.727721 790065
2.729571 791137
2.731420 792209
2.733270 793281
2.735120 794353
2.736969 795425
2.738819 796497
2.740668 797569
2.742518 798641
2.744368 799713
2.746217 800785
2.748067 801857
2.749916 802929
2.751766 804001
2.753616 805073
2.755465 806145
2.757315 807217
2.759164 808289
2.761014 809361
2.762864 810433
2.764713 811505
2.766563 812577
2.768412 813649
2.770262 814721
2.772112 815793
2.773961 816865
2.775811 817937
2.777660 819009
2.779510 819009
2.780435 819009
2.781360 819009
2.782284 819009
2.783209 819009
2.784134 819009
2.785059 819009
2.786908 819009
2.787833 819009
2.788758 819009
2.789683 819009
2.790608 819009
2.791532 819009
2.792457 819009
2.793382 823297
2.798825 823297
2.799750 823297
2.800675 823297
2.801600 823297
2.802524 823297
2.803449 823297
2.804374 830801
2.809817 831873
2.811667 832945
2.813516 834017
2.815366 835089
2.821734 836161
2.823584 837233
2.825433 838305
2.827283 839377
2.833651 840449
2.835500 841521
2.837350 842593
2.839200 843665
2.844643 844737
2.846492 845809
2.848342 846881
2.850192 847953
2.855635 849025
2.857484 850097
2.859334 851169
2.861184 852241
2.866627 853313
2.868476 854385
2.870326 855457
2.872176 856529
2.874025 857601
2.878544 858673
2.880393 859745
2.882243 860817
2.884092 861889
2.885942 862961
2.890460 864033
2.892310 865105
2.894160 866177
2.896009 867249
2.897859 868321
2.901452 869393
2.903302 870465
2.905152 871537
2.907001 872609
2.908851 873681
2.912444 874753
2.914294 875825
2.916144 876897
2.917993 877969
2.919843 879041
2.921692 880113
2.924361 881185
2.926211 882257
2.928060 883329
2.929910 884401
2.931760 885473
2.933609 886545
2.936278 887617
2.938128 888689
2.939977 889761
2.941827 890833
2.943676 891905
2.945526 892977
2.947376 894049
2.949225 895121
2.951075 896193
2.952924 897265
2.954774 898337
2.956624 899409
2.958473 900481
2.960323 901553
2.962172 902625
2.964022 903697
2.965872 904769
2.967721 905841
2.969571 906913
2.971420 907985
2.973270 909057
2.975120 910129
2.976969 911201
2.978819 912273
2.980668 913345
2.982518 914417
2.984368 915489
2.986217 916561
2.988067 917633
2.989916 918705
2.991766 919777
2.993616 919777
2.994540 919777
2.995465 919777
2.996390 919777
2.997315 919777
2.998240 919777
2.999164 919777
3.000089 919777
3.001014 919777
3.001939 919777
3.002864 919777
3.003788 919777
3.004713 919777
3.005638 919777
3.006563 927817
3.012931 928889
3.014780 929961
3.016630 931033
3.023923 932105
3.025772 933177
3.027622 934249
3.029472 935321
3.035840 936393
3.037689 937465
3.039539 938537
3.041388 939609
3.047756 940681
3.049606 941753
3.051456 942825
3.053305 943897
3.059673 944969
3.061523 946041
3.063372 947113
3.065222 948185
3.070665 949257
3.072515 950329
3.074364 951401
3.076214 952473
3.081657 953545
3.083507 954617
3.085356 955689
3.087206 956761
3.089056 957833
3.093574 958905
3.095424 959977
3.097273 961049
3.099123 962121
3.100972 963193
3.105491 964265
3.107340 965337
3.109190 966409
3.111040 967481
3.112889 968553
3.116483 969625
3.118332 970697
3.120182 971769
3.122032 972841
3.123881 973913
3.127475 974985
3.129324 976057
3.131174 977129
3.133024 978201
3.134873 979273
3.138467 980345
3.140316 981417
3.142166 982489
3.144016 983561
3.145865 984633
3.147715 985705
3.150384 986777
3.152233 987849
3.154083 988921
3.155932 989993
3.157782 991065
3.159632 992137
3.162300 993209
3.164150 994281
3.166000 995353
3.167849 996425
3.169699 997497
3.171548 998569
3.173398 999641
3.175248 1000713
3.177097 1001785
3.178947 1002857
3.180796 1003929
3.182646 1005001
3.184496 1006073
3.186345 1007145
3.188195 1008217
3.190044 1009289
3.191894 1010361
3.193744 1011433
3.195593 1012505
3.197443 1013577
3.199292 1014649
3.201142 1015721
3.202992 1016793
3.204841 1017865
3.206691 1018937
3.208540 1020009
3.210390 1021081
3.212240 1022153
3.214089 1023225
3.215939 1024297
3.217788 1025369
3.219638 1026441
3.221488 1027513
3.223337 1028585
3.225187 1029657
3.227036 1030729
3.228886 1031801
3.230736 1032873
3.232585 1033945
3.234435 1035017
3.236284 1036089
3.238134 1037161
3.239984 1038233
3.241833 1039305
3.243683 1040377
3.245532 1041449
3.247382 1042521
3.249232 1043593
3.251081 1044665
3.252931 1045737
3.254780 1046809
3.256630 1047881
3.258480 1048953
3.260329 1050025
3.262179 1051097
3.264028 1052169
3.265878 1053241
3.267728 1054313
3.269577 1055385
3.271427 1056457
3.273276 1057529
3.275126 1058601
3.276976 1059673
3.278825 1060745
3.280675 1061817
3.282524 1062889
3.284374 1063961
3.286224 1065033
3.288073 1066105
3.289923 1067177
3.291772 1068249
3.293622 1069321
3.295472 1070393
3.297321 1071465
3.299171 1072537
3.301020 1073609
3.302870 1074681
3.304720 1075753
3.306569 1076825
3.308419 1077897
3.310268 1078969
3.312118 1080041
3.313968 1081113
3.315817 1082185
3.317667 1083257
3.319516 1084329
3.321366 1085401
3.323216 1086473
3.325990 1087009
3.326915 1087009
3.327840 1087009
3.328764 1087009
3.329689 1087009
3.330614 1087009
3.331539 1087009
3.332464 1087009
3.333388 1087009
3.334313 1087009
3.335238 1087009
3.336163 1087009
3.337088 1087009
3.338012 1087009
3.338937 1087009
3.339862 1087009
3.340787 1087009
3.341712 1096657
3.347155 1097729
3.349004 1098801
3.350854 1099873
3.352704 1100945
3.358147 1102017
3.359996 1103089
3.361846 1104161
3.363696 1105233
3.369139 1106305
3.370988 1107377
3.372838 1108449
3.374688 1109521
3.380131 1110593
3.381980 1111665
3.383830 1112737
3.385680 1113809
3.387529 1114881
3.392048 1115953
3.393897 1117025
3.395747 1118097
3.397596 1119169
3.399446 1120241
3.403964 1121313
3.405814 1122385
3.407664 1123457
3.409513 1124529
3.411363 1125601
3.414956 1126673
3.416806 1127745
3.418656 1128817
3.420505 1129889
3.422355 1130961
3.425948 1132033
3.427798 1133105
3.429648 1134177
3.431497 1135249
3.433347 1136321
3.435196 1137393
3.437865 1138465
3.439715 1139537
3.441564 1140609
3.443414 1141681
3.445264 1142753
3.447113 1143825
3.449782 1144897
3.451632 1145969
3.453481 1147041
3.455331 1148113
3.457180 1149185
3.459030 1150257
3.460880 1151329
3.462729 1152401
3.464579 1153473
3.466428 1154545
3.468278 1155617
3.470128 1156689
3.471977 1157761
3.473827 1158833
3.475676 1159905
3.477526 1160977
3.479376 1162049
3.481225 1163121
3.483075 1164193
3.484924 1165265
3.486774 1166337
3.488624 1167409
3.490473 1168481
3.492323 1169553
3.494172 1170625
3.496022 1171697
3.497872 1172769
3.499721 1173841
3.501571 1174913
3.503420 1175985
3.505270 1177057
3.507120 1178129
3.508969 1179201
3.510819 1180273
3.512668 1181345
3.514518 1182417
3.516368 1183489
3.518217 1184561
3.520067 1185633
3.521916 1186705
3.523766 1187777
3.525616 1188849
3.527465 1189921
3.529315 1190993
3.531164 1192065
3.533014 1193137
3.534864 1194209
3.536713 1195281
3.538563 1196353
3.540412 1197425
3.542262 1198497
3.544112 1199569
3.545961 1200641
3.547811 1201713
3.549660 1202785
3.551510 1203857
3.553360 1204929
3.555209 1206001
3.557059 1207073
3.558908 1208145
3.560758 1209217
3.562608 1210289
3.564457 1211361
3.566307 1212433
3.568156 1213505
3.570006 1214577
3.571856 1215649
3.573705 1216721
3.575555 1217793
3.577404 1218865
3.579254 1219937
3.581104 1221009
3.582953 1222081
3.584803 1223153
3.586652 1224225
3.588502 1225297
3.590352 1226369
3.592201 1227441
3.594051 1228513
3.595900 1229585
3.597750 1230657
3.599600 1231729
3.601449 1232801
3.603299 1233873
3.605148 1234945
3.606998 1236017
3.608848 1237089
3.610697 1238161
3.612547 1239233
3.614396 1240305
3.616246 1241377
3.618096 1242449
3.619945 1243521
3.621795 1244593
3.623644 1245665
3.625494 1246737
3.627344 1247809
3.629193 1248881
3.631043 1249953
3.632892 1251025
3.634742 1252097
3.636592 1253169
3.638441 1254241
3.640291 1255313
3.642140 1256385
3.643990 1257457
3.645840 1258529
3.647689 1259601
3.649539 1260673
3.651388 1261745
3.653238 1262817
3.655088 1263889
3.656937 1264961
3.658787 1266033
3.660636 1267105
3.662486 1268177
3.664336 1269249
3.666185 1270321
3.668035 1271393
3.669884 1272465
3.671734 1273537
3.673584 1274609
3.675433 1275681
3.677283 1276753
3.679132 1277825
3.680982 1278897
3.682832 1279969
3.684681 1281041
3.686531 1282113
3.688380 1283185
3.690230 1284257
3.692080 1285329
3.693929 1286401
3.695779 1287473
3.697628 1288545
3.699478 1289617
3.701328 1290689
3.703177 1291761
3.705027 1292833
3.706876 1293905
3.708726 1294977
3.710576 1296049
3.712425 1297121
3.714275 1298193
3.716124 1299265
3.717974 1300337
3.719824 1301409
3.721673 1302481
3.723523 1303553
3.725372 1304625
3.727222 1305697
3.729072 1306769
3.730921 1307841
3.732771 1308913
3.734620 1309985
3.736470 1309985
3.737395 1309985
3.738320 1309985
3.739244 1309985
3.740169 1309985
3.741094 1309985
3.742019 1309985
3.742944 1309985
3.743868 1309985
3.744793 1309985
3.745718 1309985
3.746643 1309985
3.747568 1309985
3.748492 1309985
3.749417 1309985
3.750342 1309985
3.751267 1309985
3.752192 1309985
3.753116 1309985
3.754041 1309985
3.754966 1321241
3.758560 1322313
3.760409 1323385
3.762259 1324457
3.764108 1325529
3.765958 1326601
3.770476 1327673
3.772326 1328745
3.774176 1329817
3.776025 1330889
3.777875 1331961
3.781468 1333033
3.783318 1334105
3.785168 1335177
3.787017 1336249
3.788867 1337321
3.792460 1338393
3.794310 1339465
3.796160 1340537
3.798009 1341609
3.799859 1342681
3.803452 1343753
3.805302 1344825
3.807152 1345897
3.809001 1346969
3.810851 1348041
3.812700 1349113
3.815369 1350185
3.817219 1351257
3.819068 1352329
3.820918 1353401
3.822768 1354473
3.824617 1355545
3.827286 1356617
3.829136 1357689
3.830985 1358761
3.832835 1359833
3.834684 1360905
3.837459 1361441
3.838384 1361441
3.839308 1361441
3.840233 1361441
3.841158 1361441
3.842083 1361441
3.843008 1361441
3.843932 1361441
3.844857 1361441
3.845782 1361441
3.846707 1361441
3.848451 1361441
3.851225 1368409
3.856774 1369481
3.859443 1370553
3.863142 1371625
3.868691 1372697
3.871360 1373769
3.875059 1374841
3.879683 1375913
3.882352 1376985
3.886051 1378057
3.891600 1378593
3.893344 1378593
3.894268 1378593
3.897043 1378593
3.897968 1378593
3.902592 1378593
3.903516 1378593
3.908035 1382881
3.914508 1383953
3.919952 1385025
3.926425 1386097
3.931868 1387169
3.938342 1388241
3.943785 1389313
3.949334 1390385
3.954777 1391457
3.960326 1392529
3.965769 1393601
3.971318 1394673
3.973168 1395745
3.977686 1396817
3.983235 1397889
3.985084 1398961
3.994227 1399497
3.995152 1399497
3.996076 1399497
3.997001 1399497
4.005219 1399497
4.006144 1399497
4.007993 1403249
4.018985 1404321
4.029977 1405393
4.031827 1406465
4.041894 1407537
4.043744 1408609
4.053811 1409681
4.055660 1410753
4.065728 1411825
4.067577 1412897
4.076720 1413969
4.078569 1415041
4.087712 1416113
4.089561 1417185
4.091411 1418257
4.099628 1419329
4.101478 1420401
4.103328 1421473
4.111545 1422545
4.113395 1423617
4.115244 1424689
4.123462 1425761
4.125312 1426833
4.127161 1427905
4.134454 1428977
4.136304 1430049
4.138153 1431121
4.145446 1432193
4.147296 1433265
4.149145 1434337
4.150995 1435409
4.157363 1436481
4.159212 1437553
4.161062 1438625
4.162912 1439697
4.169280 1440769
4.171129 1441841
4.172979 1442913
4.174828 1443985
4.180272 1445057
4.182121 1446129
4.183971 1447201
4.185820 1448273
4.191264 1449345
4.193113 1450417
4.194963 1451489
4.196812 1452561
4.202256 1453633
4.204105 1454705
4.205955 1455777
4.207804 1456849
4.209654 1457921
4.214172 1458993
4.216022 1460065
4.217872 1461137
4.219721 1462209
4.221571 1463281
4.226089 1464353
4.227939 1465425
4.229788 1466497
4.231638 1467569
4.233488 1468641
4.237081 1469713
4.238931 1470785
4.240780 1471857
4.242630 1472929
4.244480 1474001
4.248073 1475073
4.249923 1476145
4.251772 1477217
4.253622 1478289
4.255472 1479361
4.257321 1480433
4.259990 1481505
4.261840 1482577
4.263689 1483649
4.265539 1484721
4.267388 1485793
4.269238 1486865
4.271907 1487937
4.273756 1489009
4.275606 1490081
4.277456 1491153
4.279305 1492225
4.281155 1493297
4.283004 1494369
4.284854 1495441
4.286704 1496513
4.288553 1497585
4.290403 1498657
4.292252 1499729
4.294102 1500801
4.295952 1501873
4.297801 1502945
4.299651 1504017
4.301500 1505089
4.303350 1506161
4.305200 1507233
4.307049 1508305
4.308899 1509377
4.310748 1510449
4.312598 1511521
4.314448 1512593
4.316297 1513665
4.318147 1514737
4.319996 1515809
4.321846 1516881
4.323696 1517953
4.325545 1519025
4.327395 1520097
4.329244 1521169
4.331094 1522241
4.332944 1523313
4.334793 1524385
4.336643 1525457
4.338492 1526529
4.340342 1527601
4.342192 1528673
4.344041 1529745
4.345891 1530817
4.347740 1531889
4.349590 1532961
4.351440 1534033
4.353289 1535105
4.355139 1536177
4.356988 1537249
4.358838 1538321
4.360688 1539393
4.362537 1540465
4.364387 1541537
4.366236 1542609
4.368086 1543681
4.369936 1544753
4.371785 1545825
4.373635 1546897
4.375484 1547969
4.377334 1549041
4.379184 1550113
4.381033 1551185
4.382883 1552257
4.384732 1553329
4.386582 1554401
4.388432 1555473
4.390281 1556545
4.392131 1557617
4.393980 1558689
4.395830 1559761
4.397680 1560833
4.399529 1561905
4.401379 1562977
4.403228 1564049
4.406003 1564585
4.406928 1564585
4.407852 1564585
4.408777 1564585
4.409702 1564585
4.410627 1564585
4.411552 1564585
4.412476 1564585
4.413401 1564585
4.414326 1564585
4.415251 1564585
4.416176 1564585
4.417100 1564585
4.418025 1564585
4.418950 1564585
4.419875 1564585
4.420800 1573697
4.427168 1574769
4.429017 1575841
4.430867 1576913
4.438160 1577449
4.439084 1577449
4.440009 1577449
4.440934 1577449
4.441859 1577449
4.442784 1577449
4.449152 1577449
4.450076 1577449
4.451926 1582273
4.461068 1583345
4.463843 1584417
4.472985 1585489
4.475760 1586561
4.483977 1587633
4.486752 1588705
4.494969 1589777
4.497744 1590849
4.505961 1591921
4.507811 1592993
4.509660 1594065
4.518803 1594601
4.519728 1594601
4.521577 1594601
4.529795 1594601
4.540787 1596209
4.551779 1597817
4.562771 1598889
4.573763 1599961
4.584755 1601033
4.595747 1602105
4.597596 1603177
4.607664 1604249
4.609513 1605321
4.619580 1606393
4.621430 1607465
4.630572 1608537
4.632422 1609609
4.641564 1610681
4.643414 1611753
4.652556 1612825
4.654406 1613897
4.656256 1614969
4.664473 1616041
4.666323 1617113
4.668172 1618185
4.676390 1619257
4.678240 1620329
4.680089 1621401
4.687382 1622473
4.689232 1623545
4.691081 1624617
4.698374 1625689
4.700224 1626761
4.702073 1627833
4.709366 1628905
4.711216 1629977
4.713065 1631049
4.714915 1632121
4.721283 1633193
4.723132 1634265
4.724982 1635337
4.726832 1636409
4.733200 1637481
4.735049 1638553
4.736899 1639625
4.738748 1640697
4.744192 1641769
4.746041 1642841
4.747891 1643913
4.749740 1644985
4.755184 1646057
4.757033 1647129
4.758883 1648201
4.760732 1649273
4.766176 1650345
4.768025 1651417
4.769875 1652489
4.771724 1653561
4.773574 1654633
4.778092 1655705
4.779942 1656777
4.781792 1657849
4.783641 1658921
4.785491 1659993
4.790009 1661065
4.791859 1662137
4.793708 1663209
4.795558 1664281
4.797408 1665353
4.801001 1666425
4.802851 1667497
4.804700 1668569
4.806550 1669641
4.808400 1670713
4.811993 1671785
4.813843 1672857
4.815692 1673929
4.817542 1675001
4.819392 1676073
4.821241 1677145
4.823910 1678217
4.825760 1679289
4.827609 1680361
4.829459 1681433
4.831308 1682505
4.833158 1683577
4.835827 1684649
4.837676 1685721
4.839526 1686793
4.842300 1687329
4.843225 1687329
4.844150 1687329
4.845075 1687329
4.846000 1687329
4.846924 1687329
4.847849 1687329
4.849699 1687329
4.850624 1687329
4.851548 1687329
4.853292 1687329
4.856067 1691617
4.861616 1691617
4.862540 1691617
4.864284 1691617
4.867059 1695905
4.872608 1696977
4.875276 1698049
4.878976 1699121
4.884524 1700193
4.887193 1701265
4.890892 1702337
4.895516 1703409
4.898185 1704481
4.901884 1705553
4.906508 1706625
4.909177 1707697
4.912876 1708769
4.918425 1709305
4.919350 1709305
4.920275 1709305
4.921200 1709305
4.923868 1709305
4.924793 1709305
4.929417 1709305
4.932192 1713593
4.940409 1714665
4.944108 1715737
4.952326 1716809
4.956025 1717881
4.964243 1718953
4.967942 1720025
4.975235 1721097
4.978934 1722169
4.986227 1723241
4.989926 1724313
4.997219 1725385
4.999068 1726457
5.001843 1727529
5.009136 1728601
5.010985 1729673
5.013760 1730745
5.021052 1731817
5.022902 1732889
5.025676 1733961
5.032044 1735033
5.033894 1736105
5.036668 1737177
5.043036 1738249
5.044886 1739321
5.047660 1740393
5.054028 1741465
5.055878 1742537
5.057728 1743609
5.059577 1744681
5.065945 1745753
5.067795 1746825
5.069644 1747897
5.071494 1748969
5.077862 1750041
5.079712 1751113
5.081561 1752185
5.083411 1753257
5.088854 1754329
5.090704 1755401
5.092553 1756473
5.094403 1757545
5.099846 1758617
5.101696 1759689
5.103545 1760761
5.105395 1761833
5.107244 1762905
5.111763 1763977
5.113612 1765049
5.115462 1766121
5.117312 1767193
5.119161 1768265
5.123680 1769337
5.125529 1770409
5.127379 1771481
5.129228 1772553
5.131078 1773625
5.135596 1774697
5.137446 1775769
5.139296 1776841
5.141145 1777913
5.142995 1778985
5.146588 1780057
5.148438 1781129
5.150288 1782201
5.152137 1783273
5.153987 1784345
5.157580 1785417
5.159430 1786489
5.161280 1787561
5.163129 1788633
5.164979 1789705
5.166828 1790777
5.169497 1791849
5.171347 1792921
5.173196 1793993
5.175046 1795065
5.176896 1796137
5.178745 1797209
5.181414 1798281
5.183264 1799353
5.185113 1800425
5.186963 1801497
5.188812 1802569
5.190662 1803641
5.192512 1804713
5.194361 1805785
5.196211 1806857
5.198060 1807929
5.199910 1809001
5.201760 1810073
5.203609 1811145
5.205459 1812217
5.207308 1813289
5.209158 1814361
5.211008 1815433
5.212857 1816505
5.214707 1817577
5.216556 1818649
5.218406 1819721
5.220256 1820793
5.222105 1821865
5.223955 1822937
5.225804 1824009
5.227654 1825081
5.229504 1826153
5.231353 1827225
5.233203 1828297
5.235052 1829369
5.236902 1830441
5.238752 1831513
5.240601 1832585
5.242451 1833657
5.244300 1834729
5.246150 1835801
5.248000 1836873
5.249849 1837945
5.251699 1839017
5.253548 1840089
5.255398 1841161
5.257248 1842233
5.259097 1842233
5.260022 1842233
5.260947 1842233
5.261872 1842233
5.262796 1842233
5.263721 1842233
5.264646 1842233
5.265571 1842233
5.266496 1842233
5.267420 1842233
5.268345 1842233
5.269270 1842233
5.270195 1842233
5.271120 1842233
5.272044 1842233
5.272969 1850809
5.278412 1851881
5.280262 1852953
5.282112 1854025
5.283961 1855097
5.290329 1856169
5.292179 1857241
5.294028 1858313
5.295878 1859385
5.302246 1860457
5.304096 1861529
5.305945 1862601
5.307795 1863673
5.313238 1864745
5.315088 1865817
5.316937 1866889
5.318787 1867961
5.324230 1869033
5.326080 1870105
5.327929 1871177
5.329779 1872249
5.335222 1873321
5.337072 1874393
5.338921 1875465
5.340771 1876537
5.342620 1877609
5.347139 1878681
5.348988 1879753
5.350838 1880825
5.352688 1881897
5.354537 1882969
5.359056 1884041
5.360905 1885113
5.362755 1886185
5.364604 1887257
5.366454 1888329
5.370048 1889401
5.371897 1890473
5.373747 1891545
5.375596 1892617
5.377446 1893689
5.381040 1894761
5.382889 1895833
5.384739 1896905
5.386588 1897977
5.388438 1897977
5.389363 1897977
5.390288 1897977
5.392032 1897977
5.392956 1897977
5.393881 1897977
5.394806 1897977
5.395731 1897977
5.396656 1897977
5.397580 1897977
5.398505 1897977
5.401280 1904409
5.406723 1905481
5.408572 1906553
5.412272 1907625
5.418640 1908697
5.420489 1909769
5.424188 1910841
5.430556 1911913
5.432406 1912985
5.436105 1914057
5.441548 1915129
5.443398 1916201
5.447097 1917273
5.452540 1918345
5.454390 1919417
5.458089 1920489
5.463532 1921561
5.465382 1922633
5.467232 1923705
5.470006 1924777
5.475449 1925849
5.477299 1926921
5.479148 1927993
5.481923 1929065
5.487366 1930137
5.489216 1931209
5.491065 1932281
5.492915 1933353
5.498358 1934425
5.500208 1935497
5.502057 1936569
5.503907 1937641
5.509350 1938713
5.511200 1939785
5.513049 1940857
5.514899 1941929
5.516748 1943001
5.521267 1944073
5.523116 1945145
5.524966 1946217
5.526816 1947289
5.528665 1948361
5.533184 1949433
5.535033 1950505
5.536883 1951577
5.538732 1952649
5.540582 1953721
5.545100 1954793
5.546950 1955865
5.548800 1956937
5.550649 1958009
5.552499 1959081
5.556092 1960153
5.557942 1961225
5.559792 1962297
5.561641 1963369
5.563491 1964441
5.567084 1965513
5.568934 1966585
5.570784 1967657
5.572633 1968729
5.574483 1969801
5.576332 1970873
5.579001 1971945
5.580851 1973017
5.582700 1974089
5.584550 1975161
5.586400 1976233
5.588249 1977305
5.590918 1978377
5.592768 1979449
5.594617 1980521
5.596467 1981593
5.598316 1982665
5.600166 1983737
5.602016 1984809
5.603865 1985881
5.605715 1986953
5.607564 1988025
5.609414 1989097
5.611264 1990169
5.613113 1991241
5.614963 1992313
5.616812 1993385
5.618662 1994457
5.620512 1995529
5.622361 1996601
5.624211 1997673
5.626060 1998745
5.627910 1999817
5.629760 2000889
5.631609 2001961
5.633459 2003033
5.635308 2004105
5.637158 2005177
5.639008 2006249
5.640857 2007321
5.642707 2008393
5.644556 2009465
5.646406 2010537
5.648256 2011609
5.650105 2012681
5.652880 2013217
5.653804 2013217
5.654729 2013217
5.655654 2013217
5.656579 2013217
5.657504 2013217
5.658428 2013217
5.659353 2013217
5.660278 2013217
5.661203 2013217
5.662128 2013217
5.663052 2013217
5.663977 2013217
5.664902 2013217
5.666646 2021257
5.673120 2022329
5.674969 2023401
5.677638 2024473
5.684112 2025545
5.685961 2026617
5.688630 2027689
5.690480 2028761
5.696028 2029833
5.697878 2030905
5.700547 2031977
5.702396 2033049
5.707945 2034121
5.709795 2035193
5.712464 2036265
5.714313 2037337
5.719862 2038409
5.721712 2039481
5.723561 2040553
5.725411 2041625
5.730854 2042697
5.732704 2043769
5.734553 2044841
5.736403 2045913
5.741846 2046985
5.743696 2048057
5.745545 2049129
5.747395 2050201
5.749244 2051273
5.753763 2052345
5.755612 2053417
5.757462 2054489
5.759312 2055561
5.761161 2056633
5.765680 2057705
5.767529 2058777
5.769379 2059849
5.771228 2060921
5.773078 2061993
5.776672 2063065
5.778521 2064137
5.780371 2065209
5.782220 2066281
5.784070 2067353
5.787664 2067353
5.788588 2067353
5.789513 2067353
5.790438 2067353
5.791363 2067353
5.792288 2067353
5.793212 2067353
5.794137 2067353
5.795062 2067353
5.795987 2067353
5.800505 2073249
5.805129 2074321
5.806979 2075393
5.816121 2076465
5.817971 2077537
5.819820 2078609
5.828038 2079681
5.829888 2080753
5.831737 2081825
5.839955 2082897
5.841804 2083969
5.843654 2085041
5.851872 2086113
5.853721 2087185
5.855571 2088257
5.862864 2089329
5.864713 2090401
5.866563 2091473
5.873856 2092545
5.875705 2093617
5.877555 2094689
5.879404 2095761
5.885772 2096833
5.887622 2097905
5.889472 2098977
5.891321 2100049
5.897689 2101121
5.899539 2102193
5.901388 2103265
5.903238 2104337
5.908681 2105409
5.910531 2106481
5.912380 2107553
5.914230 2108625
5.919673 2109697
5.921523 2110769
5.923372 2111841
5.925222 2112913
5.930665 2113985
5.932515 2115057
5.934364 2116129
5.936214 2117201
5.938064 2118273
5.942582 2119345
5.944432 2120417
5.946281 2121489
5.948131 2122561
5.949980 2123633
5.954499 2124705
5.956348 2125777
5.958198 2126849
5.960048 2127921
5.961897 2128993
5.965491 2130065
5.967340 2131137
5.969190 2132209
5.971040 2133281
5.972889 2134353
5.976483 2135425
5.978332 2136497
5.980182 2137569
5.982032 2138641
5.983881 2139713
5.985731 2140785
5.988400 2141857
5.990249 2142929
5.992099 2144001
5.993948 2145073
5.995798 2146145
5.997648 2147217
6.000316 2148289
6.002166 2149361
6.004016 2150433
6.005865 2151505
6.007715 2152577
6.009564 2153649
6.011414 2154721
6.013264 2155793
6.015113 2156865
6.016963 2157937
6.018812 2159009
6.020662 2160081
6.022512 2161153
6.024361 2161153
6.025286 2161153
6.026211 2161153
6.027136 2161153
6.028060 2161153
6.028985 2161153
6.029910 2161153
6.030835 2161153
6.031760 2161153
6.032684 2161153
6.033609 2161153
6.034534 2161153
6.037203 2168121
6.042752 2169193
6.044601 2170265
6.048195 2171337
6.054668 2172409
6.056518 2173481
6.060112 2174553
6.065660 2175625
6.067510 2176697
6.071104 2176697
6.072028 2176697
6.076652 2176697
6.077577 2176697
6.078502 2176697
6.079427 2176697
6.089494 2176697
6.090419 2176697
6.100486 2176697
6.101411 2176697
6.111478 2176697
6.112403 2176697
6.122470 2176697
6.123395 2176697
6.133462 2176697
6.134387 2176697
6.144454 2176697
6.145379 2176697
6.155446 2176697
6.156371 2176697
6.166438 2176697
6.167363 2176697
6.177430 2176697
6.178355 2176697
6.188422 2176697
6.189347 2176697
6.199414 2176697
6.200339 2176697
6.210406 2176697
6.211331 2176697
6.221398 2176697
6.222323 2176697
6.232390 2176697
6.233315 2176697
6.243382 2176697
6.244307 2176697
6.254374 2176697
6.255299 2176697
6.265366 2176697
6.266291 2176697
6.276358 2176697
6.277283 2176697
6.278502 2199745
6.290419 2200817
6.302336 2201889
6.313328 2202961
6.315177 2204033
6.325244 2205105
6.327094 2206177
6.328944 2207249
6.337161 2208321
6.339011 2209393
6.340860 2210465
6.342710 2211537
6.348153 2212609
6.350003 2213681
6.351852 2214753
6.353702 2215825
6.355552 2216897
6.357401 2217969
6.359251 2219041
6.361100 2220113
6.362950 2221185
6.364800 2222257
6.366649 2223329
6.368499 2224401
6.370348 2225473
6.372198 2226545
6.374048 2227617
6.375897 2228689
6.377747 2229761
6.379596 2230833
6.381446 2231905
6.383296 2232441
6.384220 2232441
6.385145 2232441
6.386070 2232441
6.386995 2232441
6.387920 2232441
6.388844 2232441
6.389769 2232441
6.390694 2232441
6.391619 2232441
6.392544 2232441
6.393468 2232441
6.394393 2232441
6.395318 2232441
6.396243 2232441
6.397168 2232441
6.398092 2232441
6.399017 2232441
6.399942 2232441
6.400867 2232441
6.401792 2232441
6.402716 2244233
6.406310 2245305
6.408160 2246377
6.410009 2247449
6.411859 2248521
6.413708 2249593
6.417302 2250665
6.419152 2251737
6.421001 2252809
6.422851 2253881
6.424700 2254953
6.428294 2256025
6.430144 2257097
6.431993 2258169
6.433843 2259241
6.435692 2260313
6.439286 2261385
6.441136 2262457
6.442985 2263529
6.444835 2264601
6.446684 2265673
6.448534 2266745
6.451203 2267817
6.453052 2268889
6.454902 2269961
6.456752 2271033
6.458601 2272105
6.460451 2273177
6.463120 2274249
6.464969 2275321
6.466819 2276393
6.468668 2277465
6.470518 2278537
6.472368 2279609
6.474217 2280681
6.476067 2281753
6.477916 2282825
6.479766 2283897
6.481616 2284969
6.483465 2286041
6.485315 2287113
6.487164 2288185
6.489014 2289257
6.490864 2290329
6.492713 2291401
6.494563 2292473
6.496412 2293545
6.498262 2294617
6.500112 2295689
6.501961 2296761
6.503811 2297833
6.505660 2298905
6.507510 2299977
6.509360 2301049
6.511209 2302121
6.513059 2303193
6.514908 2304265
6.516758 2305337
6.518608 2306409
6.520457 2307481
6.522307 2308553
6.524156 2309625
6.526006 2310697
6.527856 2311769
6.529705 2312841
6.531555 2313913
6.533404 2314985
6.535254 2316057
6.537104 2317129
6.538953 2318201
6.540803 2319273
6.542652 2320345
6.545427 2320881
6.546352 2320881
6.547276 2320881
6.548201 2320881
6.549126 2320881
6.550051 2320881
6.550976 2320881
6.551900 2320881
6.552825 2320881
6.553750 2320881
6.554675 2320881
6.555600 2320881
6.556524 2320881
6.557449 2320881
6.558374 2320881
6.559299 2329457
6.565667 2330529
6.567516 2331601
6.569366 2332673
6.571216 2333745
6.577584 2334817
6.579433 2335889
6.581283 2336961
6.583132 2338033
6.589500 2339105
6.591350 2340177
6.593200 2341249
6.595049 2342321
6.600492 2343393
6.602342 2344465
6.604192 2345537
6.606041 2346609
6.611484 2347681
6.613334 2348753
6.615184 2349825
6.617033 2350897
6.622476 2351969
6.624326 2353041
6.626176 2354113
6.628025 2355185
6.629875 2356257
6.634393 2357329
6.636243 2358401
6.638092 2359473
6.639942 2360545
6.641792 2361617
6.646310 2362689
6.648160 2363761
6.650009 2364833
6.651859 2365905
6.653708 2366977
6.657302 2368049
6.659152 2369121
6.661001 2370193
6.662851 2371265
6.664700 2372337
6.668294 2373409
6.670144 2374481
6.671993 2375553
6.673843 2376625
6.675692 2377697
6.677542 2378769
6.680211 2379841
6.682060 2380913
6.683910 2381985
6.685760 2383057
6.687609 2384129
6.689459 2385201
6.692128 2386273
6.693977 2387345
6.695827 2388417
6.697676 2389489
6.699526 2390561
6.701376 2391633
6.703225 2392705
6.705075 2393777
6.706924 2394849
6.708774 2395921
6.710624 2396993
6.712473 2398065
6.714323 2399137
6.716172 2400209
6.718022 2401281
6.719872 2402353
6.721721 2403425
6.723571 2404497
6.725420 2405569
6.727270 2406641
6.729120 2407713
6.730969 2408785
6.732819 2409857
6.734668 2410929
6.736518 2412001
6.738368 2413073
6.740217 2414145
6.742067 2415217
6.743916 2416289
6.745766 2417361
6.747616 2418433
6.749465 2419505
6.751315 2420577
6.753164 2421649
6.755014 2422721
6.756864 2423793
6.758713 2424865
6.760563 2425937
6.762412 2427009
6.764262 2428081
6.766112 2429153
6.767961 2430225
6.769811 2431297
6.771660 2432369
6.773510 2433441
6.775360 2434513
6.777209 2435585
6.779059 2436657
6.780908 2437729
6.782758 2438801
6.784608 2439873
6.786457 2440945
6.788307 2442017
6.790156 2443089
6.792006 2444161
6.793856 2445233
6.795705 2446305
6.797555 2447377
6.799404 2448449
6.801254 2449521
6.803104 2450593
6.804953 2451665
6.806803 2452737
6.808652 2453809
6.810502 2454881
6.812352 2455953
6.814201 2457025
6.816051 2458097
6.817900 2459169
6.819750 2460241
6.821600 2461313
6.823449 2462385
6.825299 2463457
6.827148 2464529
6.828998 2465601
6.830848 2466673
6.832697 2467745
6.834547 2468817
6.836396 2469889
6.838246 2470961
6.840096 2472033
6.841945 2473105
6.843795 2474177
6.845644 2475249
6.847494 2476321
6.849344 2477393
6.851193 2478465
6.853043 2479537
6.854892 2480609
6.856742 2481681
6.858592 2482753
6.860441 2483825
6.862291 2484897
6.864140 2485969
6.865990 2487041
6.867840 2488113
6.869689 2489185
6.871539 2490257
6.873388 2491329
6.875238 2492401
6.877088 2493473
6.878937 2494545
6.880787 2495617
6.882636 2496689
6.884486 2497761
6.886336 2498833
6.888185 2499905
6.890035 2500977
6.891884 2502049
6.893734 2503121
6.895584 2504193
6.897433 2505265
6.899283 2506337
6.901132 2507409
6.902982 2508481
6.904832 2509553
6.906681 2510625
6.908531 2511697
6.910380 2512769
6.912230 2513841
6.914080 2514913
6.915929 2515985
6.917779 2517057
6.919628 2518129
6.921478 2519201
6.923328 2520273
6.925177 2521345
6.927027 2522417
6.928876 2523489
6.930726 2524561
6.932576 2525633
6.934425 2525633
6.935350 2525633
6.936275 2525633
6.937200 2525633
6.938124 2525633
6.939049 2525633
6.939974 2525633
6.940899 2525633
6.941824 2525633
6.942748 2525633
6.943673 2525633
6.944598 2525633
6.945523 2525633
6.946448 2525633
6.947372 2525633
6.948297 2525633
6.949222 2525633
6.950147 2525633
6.951072 2525633
6.951996 2536353
6.955590 2537425
6.957440 2538497
6.959289 2539569
6.961139 2540641
6.962988 2541713
6.967507 2542785
6.969356 2543857
6.971206 2544929
6.973056 2546001
6.974905 2547073
6.979424 2548145
6.981273 2549217
6.983123 2550289
6.984972 2551361
6.986822 2552433
6.990416 2553505
6.992265 2554577
6.994115 2555649
6.995964 2556721
6.997814 2557793
7.001408 2558865
7.003257 2559937
7.005107 2561009
7.006956 2562081
7.008806 2563153
7.012400 2564225
7.014249 2565297
7.016099 2566369
7.017948 2567441
7.019798 2568513
7.021648 2569585
7.024316 2570657
7.026166 2571729
7.028016 2572801
7.029865 2573873
7.031715 2574945
7.033564 2576017
7.036233 2577089
7.038083 2578161
7.039932 2579233
7.041782 2580305
7.043632 2581377
7.045481 2582449
7.047331 2583521
7.049180 2584593
7.051030 2585665
7.052880 2586737
7.054729 2587809
7.056579 2588881
7.058428 2589953
7.060278 2591025
7.062128 2592097
7.063977 2593169
7.065827 2594241
7.067676 2595313
7.069526 2596385
7.071376 2597457
7.073225 2598529
7.075075 2599601
7.076924 2600673
7.078774 2601745
7.080624 2602817
7.082473 2603889
7.084323 2604961
7.086172 2606033
7.088022 2607105
7.089872 2608177
7.091721 2609249
7.093571 2610321
7.095420 2611393
7.097270 2612465
7.099120 2613537
7.100969 2614609
7.102819 2615681
7.104668 2616753
7.106518 2617825
7.108368 2618897
7.110217 2619969
7.112067 2621041
7.113916 2622113
7.115766 2623185
7.117616 2624257
7.119465 2625329
7.121315 2626401
7.123164 2627473
7.125014 2628545
7.126864 2629617
7.128713 2630689
7.130563 2631761
7.132412 2632833
7.134262 2633905
7.136112 2634977
7.137961 2636049
7.139811 2637121
7.141660 2638193
7.143510 2639265
7.145360 2640337
7.147209 2641409
7.149059 2642481
7.150908 2643553
7.152758 2644625
7.154608 2645697
7.156457 2646769
7.158307 2647841
7.160156 2648913
7.162006 2649985
7.163856 2651057
7.165705 2652129
7.167555 2653201
7.169404 2654273
7.171254 2655345
7.173104 2656417
7.174953 2657489
7.176803 2658561
7.178652 2659633
7.180502 2660705
7.182352 2661777
7.184201 2662849
7.186051 2663921
7.187900 2664993
7.189750 2666065
7.191600 2667137
7.193449 2668209
7.195299 2669281
7.197148 2670353
7.198998 2671425
7.200848 2672497
7.202697 2673569
7.204547 2674641
7.206396 2675713
7.208246 2676785
7.210096 2677857
7.211945 2678929
7.213795 2680001
7.215644 2681073
7.217494 2682145
7.219344 2683217
7.221193 2684289
7.223043 2685361
7.224892 2686433
7.226742 2687505
7.228592 2688577
7.230441 2689649
7.232291 2690721
7.234140 2691793
7.235990 2692865
7.237840 2693937
7.239689 2695009
7.241539 2696081
7.243388 2697153
7.245238 2698225
7.247088 2699297
7.248937 2700369
7.250787 2701441
7.252636 2702513
7.254486 2703585
7.256336 2704657
7.258185 2705729
7.260035 2706801
7.261884 2707873
7.263734 2708945
7.265584 2710017
7.267433 2711089
7.269283 2712161
7.271132 2713233
7.272982 2714305
7.274832 2715377
7.276681 2716449
7.278531 2717521
7.280380 2718593
7.282230 2719665
7.284080 2720737
7.285929 2721809
7.287779 2722881
7.289628 2723953
7.291478 2725025
7.293328 2726097
7.295177 2727169
7.297027 2728241
7.298876 2729313
7.300726 2730385
7.302576 2731457
7.304425 2732529
7.306275 2733601
7.308124 2734673
7.309974 2735745
7.311824 2736817
7.313673 2737889
7.315523 2738961
7.317372 2740033
7.319222 2741105
7.321072 2742177
7.322921 2743249
7.324771 2744321
7.326620 2745393
7.328470 2746465
7.330320 2747537
7.332169 2748609
7.334019 2749681
7.335868 2750753
7.337718 2751825
7.339568 2752897
7.341417 2753969
7.343267 2755041
7.345116 2755577
7.346041 2755577
7.346966 2755577
7.347891 2755577
7.348816 2755577
7.349740 2755577
7.350665 2755577
7.351590 2755577
7.352515 2755577
7.353440 2755577
7.354364 2755577
7.355289 2755577
7.356214 2755577
7.357139 2755577
7.358064 2755577
7.358988 2755577
7.359913 2755577
7.360838 2755577
7.361763 2755577
7.362688 2755577
7.363612 2755577
7.364537 2767369
7.368131 2768441
7.369980 2769513
7.371830 2770585
7.373680 2771657
7.375529 2772729
7.379123 2773801
7.380972 2774873
7.382822 2775945
7.384672 2777017
7.386521 2778089
7.390115 2779161
7.391964 2780233
7.393814 2781305
7.395664 2782377
7.397513 2783449
7.401107 2784521
7.402956 2785593
7.404806 2786665
7.406656 2787737
7.408505 2788809
7.410355 2789881
7.413024 2790953
7.414873 2792025
7.416723 2793097
7.418572 2794169
7.420422 2795241
7.422272 2796313
7.424940 2797385
7.426790 2798457
7.428640 2799529
7.430489 2800601
7.432339 2801673
7.434188 2802745
7.436038 2803817
7.437888 2804889
7.439737 2805961
7.441587 2807033
7.443436 2808105
7.445286 2809177
7.447136 2810249
7.448985 2811321
7.450835 2812393
7.452684 2813465
7.454534 2814537
7.456384 2815609
7.458233 2816681
7.460083 2817753
7.461932 2818825
7.463782 2819897
7.465632 2820969
7.467481 2822041
7.469331 2823113
7.471180 2824185
7.473030 2825257
7.474880 2826329
7.476729 2827401
7.478579 2828473
7.480428 2829545
7.482278 2830617
7.484128 2831689
7.485977 2832761
7.487827 2833833
7.489676 2833833
7.490601 2833833
7.491526 2833833
7.492451 2833833
7.493376 2833833
7.494300 2833833
7.495225 2833833
7.496150 2833833
7.497075 2833833
7.498000 2833833
7.498924 2833833
7.499849 2833833
7.500774 2833833
7.501699 2833833
7.502624 2841873
7.508992 2842945
7.510841 2844017
7.512691 2845089
7.519984 2846161
7.521833 2847233
7.523683 2848305
7.525532 2849377
7.531900 2850449
7.533750 2851521
7.535600 2852593
7.537449 2853665
7.543817 2854737
7.545667 2855809
7.547516 2856881
7.549366 2857953
7.555734 2859025
7.557584 2860097
7.559433 2861169
7.561283 2862241
7.566726 2863313
7.568576 2864385
7.570425 2865457
7.572275 2866529
7.577718 2867601
7.579568 2868673
7.582342 2869209
7.583267 2869209
7.584192 2869209
7.585116 2869209
7.588710 2869209
7.589635 2869209
7.590560 2869209
7.591484 2869209
7.593334 2869209
7.596108 2874569
7.602476 2875641
7.607100 2876713
7.613468 2877785
7.618092 2878857
7.624460 2879929
7.629084 2881001
7.635452 2882073
7.637302 2883145
7.641001 2884217
7.647369 2885289
7.649219 2886361
7.652918 2887433
7.659286 2888505
7.661136 2889577
7.663910 2890649
7.670278 2891721
7.672128 2892793
7.674902 2893865
7.681270 2894937
7.683120 2896009
7.685894 2897081
7.692262 2898153
7.694112 2899225
7.695961 2900297
7.697811 2901369
7.704179 2902441
7.706028 2903513
7.707878 2904585
7.709728 2905657
7.716096 2906729
7.717945 2907801
7.719795 2908873
7.721644 2909945
7.727088 2911017
7.728937 2912089
7.730787 2913161
7.732636 2914233
7.738080 2915305
7.739929 2916377
7.741779 2917449
7.743628 2918521
7.745478 2919593
7.749996 2920665
7.751846 2921737
7.753696 2922809
7.755545 2923881
7.757395 2924953
7.761913 2926025
7.763763 2927097
7.765612 2928169
7.767462 2929241
7.769312 2930313
7.772905 2931385
7.774755 2932457
7.776604 2933529
7.778454 2934601
7.780304 2935673
7.783897 2936745
7.785747 2937817
7.787596 2938889
7.789446 2939961
7.791296 2941033
7.794889 2942105
7.796739 2943177
7.798588 2944249
7.800438 2945321
7.802288 2946393
7.804137 2947465
7.806806 2948537
7.808656 2949609
7.810505 2950681
7.812355 2951753
7.814204 2952825
7.816054 2953897
7.818723 2954969
7.820572 2956041
7.822422 2957113
7.824272 2958185
7.826121 2959257
7.827971 2960329
7.829820 2961401
7.831670 2962473
7.833520 2963545
7.835369 2964617
7.837219 2965689
7.839068 2966761
7.840918 2967833
7.842768 2968905
7.844617 2969977
7.846467 2971049
7.848316 2972121
7.850166 2973193
7.852016 2974265
7.853865 2975337
7.855715 2976409
7.857564 2977481
7.859414 2978553
7.861264 2979625
7.863113 2980697
7.864963 2981769
7.866812 2982841
7.868662 2983913
7.870512 2984985
7.872361 2986057
7.874211 2987129
7.876060 2988201
7.877910 2989273
7.879760 2990345
7.881609 2991417
7.883459 2992489
7.885308 2993561
7.887158 2994633
7.889008 2995705
7.890857 2996777
7.892707 2997849
7.894556 2998921
7.896406 2999993
7.898256 3001065
7.900105 3002137
7.901955 3003209
7.903804 3004281
7.905654 3005353
7.907504 3006425
7.909353 3007497
7.911203 3008569
7.913052 3009641
7.914902 3010713
7.916752 3011785
7.918601 3012857
7.920451 3013929
7.922300 3015001
7.924150 3016073
7.926000 3017145
7.927849 3018217
7.929699 3019289
7.931548 3020361
7.933398 3021433
7.935248 3022505
7.937097 3023577
7.938947 3024649
7.940796 3025721
7.942646 3026793
7.944496 3027865
7.946345 3028937
7.948195 3030009
7.950044 3031081
7.951894 3032153
7.953744 3033225
7.955593 3034297
7.957443 3035369
7.959292 3036441
7.961142 3037513
7.962992 3038585
7.964841 3039657
7.966691 3040729
7.968540 3041801
7.970390 3042873
7.972240 3043945
7.974089 3045017
7.975939 3046089
7.977788 3047161
7.979638 3048233
7.981488 3049305
7.983337 3050377
7.985187 3051449
7.987036 3052521
7.988886 3053593
7.990736 3054665
7.992585 3055737
7.994435 3056809
7.996284 3057881
7.998134 3058953
7.999984 3060025
8.001833 3061097
8.003683 3062169
8.005532 3063241
8.007382 3064313
8.009232 3065385
8.011081 3066457
8.012931 3067529
8.014780 3068601
8.016630 3069673
8.018480 3070745
8.020329 3071817
8.022179 3072889
8.024028 3073961
8.025878 3075033
8.027728 3076105
8.029577 3077177
8.031427 3078249
8.033276 3079321
8.035126 3080393
8.036976 3081465
8.038825 3082537
8.040675 3083609
8.042524 3084681
8.044374 3085753
8.046224 3086825
8.048073 3087897
8.049923 3088969
8.051772 3090041
8.053622 3091113
8.055472 3092185
8.057321 3093257
8.059171 3094329
8.061020 3095401
8.062870 3096473
8.064720 3097545
8.066569 3098617
8.068419 3099689
8.070268 3100761
8.072118 3101833
8.073968 3102905
8.075817 3103977
8.077667 3105049
8.079516 3106121
8.081366 3107193
8.083216 3108265
8.085065 3109337
8.086915 3110409
8.088764 3111481
8.090614 3112553
8.092464 3113625
8.094313 3114697
8.096163 3115769
8.098012 3116841
8.099862 3117913
8.101712 3118985
8.103561 3120057
8.105411 3121129
8.107260 3122201
8.109110 3123273
8.110960 3124345
8.112809 3125417
8.114659 3126489
8.116508 3127561
8.118358 3128633
8.120208 3129705
8.122057 3130777
8.123907 3131849
8.125756 3132921
8.127606 3133993
8.129456 3134529
8.130380 3134529
8.131305 3134529
8.132230 3134529
8.133155 3134529
8.134080 3134529
8.135004 3134529
8.135929 3134529
8.136854 3134529
8.137779 3134529
8.138704 3134529
8.139628 3134529
8.140553 3134529
8.141478 3134529
8.142403 3134529
8.143328 3134529
8.144252 3134529
8.145177 3134529
8.146102 3134529
8.147027 3134529
8.147952 3134529
8.148876 3146321
8.152470 3147393
8.154320 3148465
8.156169 3149537
8.158019 3150609
8.159868 3151681
8.163462 3152753
8.165312 3153825
8.167161 3154897
8.169011 3155969
8.170860 3157041
8.174454 3158113
8.176304 3159185
8.178153 3160257
8.180003 3161329
8.181852 3162401
8.185446 3163473
8.187296 3164545
8.189145 3165617
8.190995 3166689
8.192844 3167761
8.194694 3168833
8.197363 3169905
8.199212 3170977
8.201062 3172049
8.202912 3173121
8.204761 3174193
8.206611 3175265
8.209280 3176337
8.211129 3177409
8.212979 3178481
8.214828 3179553
8.216678 3180625
8.218528 3181697
8.220377 3182769
8.222227 3183841
8.224076 3184913
8.225926 3185985
8.227776 3187057
8.229625 3188129
8.231475 3189201
8.233324 3190273
8.235174 3191345
8.237024 3192417
8.238873 3193489
8.240723 3194561
8.242572 3195633
8.244422 3196705
8.246272 3197777
8.248121 3198849
8.249971 3199921
8.251820 3200993
8.253670 3202065
8.255520 3203137
8.257369 3204209
8.259219 3205281
8.261068 3206353
8.262918 3207425
8.264768 3208497
8.266617 3209569
8.268467 3210641
8.270316 3211713
8.272166 3212785
8.274016 3213857
8.275865 3214929
8.277715 3216001
8.279564 3217073
8.281414 3218145
8.283264 3219217
8.285113 3220289
8.286963 3221361
8.288812 3222433
8.290662 3223505
8.292512 3224577
8.294361 3225649
8.296211 3226721
8.298060 3227793
8.299910 3228865
8.301760 3229937
8.303609 3231009
8.305459 3232081
8.307308 3233153
8.309158 3234225
8.311008 3235297
8.312857 3236369
8.314707 3237441
8.316556 3238513
8.318406 3239585
8.320256 3240657
8.322105 3241729
8.323955 3242801
8.325804 3243873
8.327654 3244945
8.329504 3246017
8.331353 3247089
8.333203 3248161
8.335052 3249233
8.336902 3250305
8.338752 3251377
8.340601 3252449
8.342451 3253521
8.344300 3254593
8.346150 3255665
8.348000 3256737
8.349849 3257809
8.351699 3258881
8.353548 3259953
8.355398 3261025
8.357248 3262097
8.359097 3263169
8.360947 3264241
8.362796 3265313
8.364646 3266385
8.366496 3267457
8.368345 3268529
8.370195 3269601
8.372044 3270673
8.373894 3271745
8.375744 3272817
8.377593 3273889
8.379443 3274961
8.381292 3276033
8.383142 3277105
8.384992 3278177
8.386841 3279249
8.388691 3280321
8.390540 3281393
8.392390 3282465
8.394240 3283537
8.396089 3284609
8.397939 3285681
8.399788 3286753
8.401638 3287825
8.403488 3288897
8.405337 3289969
8.407187 3291041
8.409036 3292113
8.410886 3293185
8.412736 3294257
8.414585 3295329
8.416435 3296401
8.418284 3297473
8.420134 3298545
8.421984 3299617
8.423833 3300689
8.425683 3301761
8.427532 3302833
8.429382 3303905
8.431232 3304977
8.433081 3306049
8.434931 3307121
8.436780 3308193
8.438630 3309265
8.440480 3310337
8.442329 3311409
8.444179 3312481
8.446028 3313553
8.447878 3314625
8.449728 3315697
8.451577 3316769
8.453427 3317841
8.455276 3318913
8.457126 3319985
8.458976 3321057
8.460825 3322129
8.462675 3323201
8.464524 3324273
8.467299 3324809
8.468224 3324809
8.469148 3324809
8.470073 3324809
8.470998 3324809
8.471923 3324809
8.472848 3324809
8.473772 3324809
8.474697 3324809
8.475622 3324809
8.476547 3324809
8.477472 3324809
8.478396 3324809
8.479321 3324809
8.480246 3324809
8.481171 3324809
8.482096 3324809
8.483020 3324809
8.483945 3324809
8.484870 3324809
8.485795 3336065
8.490313 3337137
8.492163 3338209
8.494012 3339281
8.495862 3340353
8.497712 3341425
8.502230 3342497
8.504080 3343569
8.505929 3344641
8.507779 3345713
8.509628 3346785
8.513222 3347857
8.515072 3348929
8.516921 3350001
8.518771 3351073
8.520620 3352145
8.524214 3353217
8.526064 3354289
8.527913 3355361
8.529763 3356433
8.531612 3357505
8.535206 3358577
8.537056 3359649
8.538905 3360721
8.540755 3361793
8.542604 3362865
8.544454 3363937
8.547123 3365009
8.548972 3366081
8.550822 3367153
8.552672 3368225
8.554521 3369297
8.556371 3370369
8.559040 3371441
8.560889 3372513
8.562739 3373585
8.564588 3374657
8.566438 3375729
8.568288 3376801
8.570137 3377873
8.571987 3378945
8.573836 3380017
8.575686 3381089
8.577536 3382161
8.579385 3383233
8.581235 3384305
8.583084 3385377
8.584934 3386449
8.586784 3387521
8.588633 3388593
8.590483 3389665
8.592332 3390737
8.594182 3391809
8.596032 3392881
8.597881 3393953
8.599731 3395025
8.601580 3396097
8.603430 3397169
8.605280 3398241
8.607129 3399313
8.608979 3400385
8.610828 3401457
8.612678 3402529
8.614528 3403601
8.616377 3404673
8.618227 3405745
8.620076 3406817
8.621926 3407889
8.623776 3408961
8.625625 3410033
8.627475 3411105
8.629324 3412177
8.631174 3413249
8.633024 3414321
8.634873 3415393
8.636723 3416465
8.638572 3417537
8.640422 3418609
8.642272 3419681
8.644121 3420753
8.645971 3421825
8.647820 3422897
8.649670 3423969
8.651520 3425041
8.653369 3426113
8.655219 3427185
8.657068 3428257
8.658918 3429329
8.660768 3430401
8.662617 3431473
8.664467 3432545
8.666316 3433617
8.668166 3434689
8.670016 3435761
8.671865 3436833
8.673715 3437905
8.676489 3438441
8.677414 3438441
8.678339 3438441
8.679264 3438441
8.680188 3438441
8.681113 3438441
8.682038 3438441
8.682963 3438441
8.683888 3438441
8.684812 3438441
8.685737 3438441
8.686662 3438441
8.687587 3438441
8.688512 3438441
8.689436 3438441
8.690361 3438441
8.691286 3447553
8.697654 3448625
8.699504 3449697
8.701353 3450769
8.703203 3451841
8.709571 3452913
8.711420 3453985
8.713270 3455057
8.715120 3456129
8.720563 3457201
8.722412 3458273
8.724262 3459345
8.726112 3460417
8.731555 3461489
8.733404 3462561
8.735254 3463633
8.737104 3464705
8.742547 3465777
8.744396 3466849
8.746246 3467921
8.748096 3468993
8.749945 3470065
8.754464 3471137
8.756313 3472209
8.758163 3473281
8.760012 3474353
8.761862 3475425
8.766380 3476497
8.768230 3477569
8.770080 3478641
8.771929 3479713
8.773779 3480785
8.777372 3481857
8.779222 3482929
8.781072 3484001
8.782921 3485073
8.784771 3486145
8.788364 3487217
8.790214 3488289
8.792064 3489361
8.793913 3490433
8.795763 3491505
8.797612 3492577
8.800281 3493649
8.802131 3494721
8.803980 3495793
8.805830 3496865
8.807680 3497937
8.809529 3499009
8.812198 3500081
8.814048 3501153
8.815897 3502225
8.817747 3503297
8.819596 3504369
8.821446 3505441
8.823296 3506513
8.825145 3507585
8.826995 3508657
8.828844 3509729
8.830694 3510801
8.832544 3511873
8.834393 3512945
8.836243 3514017
8.838092 3515089
8.839942 3516161
8.841792 3517233
8.843641 3518305
8.845491 3519377
8.847340 3520449
8.849190 3521521
8.851040 3522593
8.852889 3523665
8.854739 3524737
8.856588 3525809
8.858438 3526881
8.860288 3527953
8.862137 3529025
8.863987 3530097
8.865836 3531169
8.867686 3532241
8.869536 3533313
8.871385 3534385
8.873235 3535457
8.875084 3536529
8.876934 3537601
8.878784 3538673
8.880633 3539745
8.882483 3540817
8.884332 3541889
8.886182 3542961
8.888032 3544033
8.889881 3545105
8.891731 3546177
8.893580 3547249
8.895430 3548321
8.897280 3549393
8.899129 3550465
8.900979 3551537
8.902828 3552609
8.904678 3553681
8.906528 3554753
8.908377 3555825
8.910227 3556897
8.912076 3557969
8.913926 3559041
8.915776 3560113
8.917625 3561185
8.919475 3562257
8.921324 3563329
8.923174 3564401
8.925024 3565473
8.926873 3566545
8.928723 3567617
8.930572 3568689
8.932422 3569761
8.934272 3570833
8.936121 3571905
8.937971 3572977
8.939820 3574049
8.941670 3575121
8.943520 3576193
8.945369 3577265
8.947219 3578337
8.949068 3579409
8.950918 3580481
8.952768 3581553
8.954617 3582625
8.956467 3583697
8.958316 3584769
8.960166 3585841
8.962016 3586913
8.963865 3587985
8.965715 3589057
8.968489 3589593
8.969414 3589593
8.970339 3589593
8.971264 3589593
8.972188 3589593
8.973113 3589593
8.974038 3589593
8.974963 3589593
8.975888 3589593
8.976812 3589593
8.977737 3589593
8.978662 3589593
8.979587 3589593
8.980512 3589593
8.981436 3589593
8.982361 3589593
8.983286 3589593
8.984211 3599241
8.989654 3600313
8.991504 3601385
8.993353 3602457
8.995203 3603529
9.000646 3604601
9.002496 3605673
9.004345 3606745
9.006195 3607817
9.011638 3608889
9.013488 3609961
9.015337 3611033
9.017187 3612105
9.022630 3613177
9.024480 3614249
9.026329 3615321
9.028179 3616393
9.030028 3617465
9.034547 3618537
9.036396 3619609
9.038246 3620681
9.040096 3621753
9.041945 3622825
9.046464 3623897
9.048313 3624969
9.050163 3626041
9.052012 3627113
9.053862 3628185
9.057456 3629257
9.059305 3630329
9.061155 3631401
9.063004 3632473
9.064854 3633545
9.068448 3634617
9.070297 3635689
9.072147 3636761
9.073996 3637833
9.075846 3638905
9.077696 3639977
9.080364 3641049
9.082214 3642121
9.084064 3643193
9.085913 3644265
9.087763 3645337
9.089612 3646409
9.092281 3647481
9.094131 3648553
9.095980 3649625
9.097830 3650697
9.099680 3651769
9.101529 3652841
9.103379 3653913
9.105228 3654985
9.107078 3656057
9.108928 3657129
9.110777 3658201
9.112627 3659273
9.114476 3660345
9.116326 3661417
9.118176 3662489
9.120025 3663561
9.121875 3664633
9.123724 3665705
9.125574 3666777
9.127424 3667849
9.129273 3668921
9.131123 3669993
9.132972 3671065
9.134822 3672137
9.136672 3673209
9.138521 3674281
9.140371 3675353
9.142220 3676425
9.144070 3677497
9.145920 3678569
9.147769 3679641
9.149619 3680713
9.151468 3681785
9.153318 3682857
9.155168 3683929
9.157017 3685001
9.158867 3686073
9.160716 3687145
9.162566 3688217
9.164416 3689289
9.166265 3690361
9.168115 3691433
9.169964 3692505
9.171814 3693577
9.173664 3694649
9.175513 3695721
9.177363 3696793
9.179212 3697865
9.181062 3698937
9.182912 3700009
9.184761 3701081
9.186611 3702153
9.188460 3703225
9.190310 3704297
9.192160 3705369
9.194009 3706441
9.195859 3707513
9.197708 3708585
9.199558 3709657
9.201408 3710729
9.203257 3711801
9.205107 3712873
9.206956 3713945
9.208806 3715017
9.210656 3716089
9.212505 3717161
9.214355 3718233
9.216204 3719305
9.218054 3720377
9.219904 3721449
9.221753 3722521
9.223603 3723593
9.225452 3724665
9.227302 3725737
9.229152 3726809
9.231001 3727881
9.232851 3728953
9.234700 3730025
9.236550 3731097
9.238400 3732169
9.240249 3733241
9.242099 3734313
9.243948 3735385
9.245798 3736457
9.247648 3737529
9.249497 3738601
9.251347 3739673
9.253196 3740745
9.255046 3741817
9.256896 3742889
9.258745 3743961
9.260595 3745033
9.262444 3746105
9.264294 3747177
9.266144 3748249
9.267993 3749321
9.269843 3750393
9.271692 3751465
9.273542 3752537
9.275392 3753609
9.277241 3754681
9.279091 3755753
9.280940 3756825
9.282790 3757897
9.284640 3758969
9.286489 3760041
9.288339 3761113
9.290188 3762185
9.292038 3763257
9.293888 3764329
9.295737 3765401
9.297587 3766473
9.299436 3767545
9.301286 3768617
9.303136 3769689
9.304985 3770761
9.306835 3771833
9.308684 3772905
9.310534 3773977
9.312384 3775049
9.314233 3775049
9.315158 3775049
9.316083 3775049
9.317008 3775049
9.317932 3775049
9.318857 3775049
9.319782 3775049
9.320707 3775049
9.321632 3775049
9.322556 3775049
9.323481 3775049
9.324406 3775049
9.325331 3775049
9.326256 3775049
9.327180 3775049
9.328105 3775049
9.329030 3775049
9.329955 3775049
9.330880 3775049
9.331804 3785769
9.335398 3786841
9.337248 3787913
9.339097 3788985
9.340947 3790057
9.342796 3791129
9.347315 3792201
9.349164 3793273
9.351014 3794345
9.352864 3795417
9.354713 3796489
9.359232 3797561
9.361081 3798633
9.362931 3798633
9.363856 3798633
9.364780 3798633
9.365705 3798633
9.366630 3798633
9.367555 3798633
9.370224 3798633
9.371148 3798633
9.372073 3798633
9.372998 3798633
9.375772 3804529
9.382140 3805601
9.383990 3806673
9.393132 3807745
9.394982 3808817
9.396832 3809889
9.405049 3810961
9.406899 3812033
9.408748 3813105
9.416966 3814177
9.418816 3815249
9.420665 3816321
9.428883 3817393
9.430732 3818465
9.432582 3819537
9.439875 3820609
9.441724 3821681
9.443574 3822753
9.450867 3823825
9.452716 3824897
9.454566 3825969
9.456416 3827041
9.462784 3828113
9.464633 3829185
9.466483 3830257
9.468332 3831329
9.474700 3832401
9.476550 3833473
9.478400 3834545
9.480249 3835617
9.485692 3836689
9.487542 3837761
9.489392 3838833
9.491241 3839905
9.496684 3840977
9.498534 3842049
9.500384 3843121
9.502233 3844193
9.507676 3845265
9.509526 3846337
9.511376 3847409
9.513225 3848481
9.515075 3849553
9.519593 3850625
9.521443 3851697
9.523292 3852769
9.525142 3853841
9.526992 3854913
9.531510 3855985
9.533360 3857057
9.535209 3858129
9.537059 3859201
9.538908 3860273
9.542502 3861345
9.544352 3862417
9.546201 3863489
9.548051 3864561
9.549900 3865633
9.553494 3866705
9.555344 3867777
9.557193 3867777
9.558118 3867777
9.559043 3867777
9.559968 3867777
9.560892 3867777
9.561817 3867777
9.562742 3867777
9.564486 3867777
9.565411 3867777
9.566336 3867777
9.567260 3867777
9.570035 3874209
9.575478 3875281
9.577328 3876353
9.581027 3877425
9.588320 3877961
9.589244 3877961
9.592019 3877961
9.592944 3877961
9.599312 3877961
9.603936 3881177
9.614928 3882249
9.625920 3883321
9.636912 3884393
9.647904 3885465
9.649753 3886537
9.659820 3887609
9.661670 3888681
9.671737 3889753
9.673587 3890825
9.682729 3891897
9.684579 3892969
9.693721 3894041
9.695571 3895113
9.704713 3896185
9.706563 3897257
9.708412 3898329
9.716630 3899401
9.718480 3900473
9.720329 3901545
9.728547 3902617
9.730396 3903689
9.732246 3904761
9.739539 3905833
9.741388 3906905
9.743238 3907977
9.750531 3909049
9.752380 3910121
9.754230 3911193
9.761523 3912265
9.763372 3913337
9.765222 3913337
9.766147 3913337
9.767072 3913337
9.772515 3913337
9.773440 3913337
9.774364 3913337
9.775289 3913337
9.778064 3917625
9.785356 3918697
9.789056 3919769
9.797273 3920841
9.800972 3921913
9.809190 3922985
9.812889 3924057
9.820182 3925129
9.823881 3926201
9.831174 3927273
9.834873 3928345
9.842166 3929417
9.845865 3929953
9.846790 3929953
9.853158 3929953
9.854083 3929953
9.856857 3929953
9.865075 3933169
9.876067 3934241
9.887059 3935313
9.898051 3936385
9.909043 3937457
9.910892 3938529
9.920960 3939601
9.922809 3940673
9.932876 3941745
9.934726 3942817
9.943868 3943889
9.945718 3944961
9.954860 3946033
9.956710 3947105
9.965852 3948177
9.967702 3949249
9.969552 3950321
9.977769 3951393
9.979619 3952465
9.981468 3953537
9.989686 3954609
9.991536 3955681
9.993385 3956753
