1.010134 1
1.021193 537
1.033110 1609
1.045027 2681
1.056019 3753
1.057868 4825
1.067936 5897
1.069785 6969
1.071635 8041
1.079852 9113
1.081702 10185
1.083552 11257
1.085401 12329
1.090844 13401
1.092694 14473
1.094544 15545
1.096393 16617
1.098243 17689
1.100092 18761
1.101942 19833
1.103792 20905
1.105641 21977
1.107491 23049
1.109340 24121
1.111190 25193
1.113040 26265
1.114889 27337
1.116739 28409
1.118588 29481
1.120438 30553
1.122288 31625
1.124137 32697
1.125987 33233
1.126912 33233
1.127836 33233
1.128761 33233
1.129686 33233
1.130611 33233
1.131536 33233
1.132460 33233
1.133385 33233
1.134310 33233
1.135235 33233
1.136160 33233
1.137084 33233
1.138009 33233
1.138934 33233
1.139859 33233
1.140784 33233
1.141708 33233
1.142633 33233
1.143558 33233
1.144483 33233
1.145408 33233
1.146332 34841
1.157324 36449
1.158249 36449
1.168316 38057
1.169241 38057
1.170166 38057
1.179308 39665
1.180233 39665
1.181158 39665
1.182083 41273
1.190300 41273
1.191225 41273
1.192150 42881
1.193075 42881
1.194000 42881
1.194924 44489
1.195849 44489
1.196774 44489
1.203142 46097
1.204067 46097
1.204992 46097
1.205916 47705
1.206841 47705
1.207766 47705
1.208691 49313
1.209616 49313
1.214134 49313
1.215059 50921
1.215984 50921
1.216908 50921
1.218758 51993
1.220608 53065
1.222457 54137
1.224307 55209
1.226976 56281
1.228825 57353
1.230675 58425
1.232524 59497
1.234374 60569
1.236224 61641
1.238073 62713
1.239923 63785
1.241772 64857
1.243622 65929
1.245472 67001
1.247321 68073
1.249171 69145
1.251020 70217
1.252870 71289
1.254720 72361
1.256569 73433
1.258419 74505
1.260268 75577
1.262118 76649
1.263968 77721
1.265817 78793
1.267667 79865
1.269516 80937
1.271366 82009
1.273216 83081
1.275065 84153
1.276915 85225
1.278764 86297
1.280614 87369
1.282464 88441
1.284313 89513
1.286163 90585
1.288012 91657
1.289862 92729
1.291712 93801
1.293561 94873
1.295411 95945
1.297260 97017
1.299110 98089
1.300960 99161
1.302809 100233
1.304659 101305
1.306508 102377
1.308358 103449
1.310208 104521
1.312057 105593
1.313907 106665
1.315756 107737
1.317606 108809
1.319456 109881
1.321305 110953
1.323155 112025
1.325004 113097
1.326854 114169
1.328704 115241
1.330553 116313
1.332403 117385
1.334252 118457
1.336102 119529
1.337952 120601
1.339801 121673
1.341651 122745
1.343500 123817
1.345350 124889
1.347200 125961
1.349049 127033
1.350899 128105
1.352748 129177
1.354598 130249
1.356448 131321
1.358297 132393
1.360147 133465
1.361996 134537
1.363846 135609
1.365696 136681
1.367545 137753
1.369395 138825
1.371244 139897
1.373094 140969
1.374944 142041
1.376793 143113
1.378643 144185
1.380492 145257
1.382342 146329
1.384192 147401
1.386041 148473
1.387891 149545
1.389740 150617
1.391590 151689
1.393440 152761
1.395289 153833
1.397139 154905
1.398988 155977
1.400838 157049
1.402688 158121
1.404537 159193
1.406387 160265
1.408236 161337
1.410086 162409
1.411936 163481
1.413785 164553
1.415635 165625
1.417484 166697
1.419334 167769
1.421184 168841
1.423033 169913
1.424883 170985
1.426732 172057
1.428582 173129
1.430432 174201
1.432281 174737
1.433206 174737
1.434131 174737
1.435056 174737
1.435980 174737
1.436905 174737
1.437830 174737
1.438755 174737
1.439680 174737
1.440604 174737
1.441529 174737
1.442454 174737
1.443379 174737
1.444304 174737
1.445228 174737
1.446153 174737
1.447078 174737
1.448003 174737
1.448928 174737
1.449852 174737
1.450777 174737
1.451702 186529
1.463619 187601
1.475536 188673
1.486528 189745
1.488377 190817
1.498444 191889
1.500294 192961
1.502144 194033
1.510361 195105
1.512211 196177
1.514060 197249
1.515910 198321
1.521353 199393
1.523203 200465
1.525052 201537
1.526902 202609
1.528752 203681
1.530601 204753
1.533270 205825
1.535120 206897
1.536969 207969
1.538819 209041
1.540668 210113
1.542518 211185
1.545187 212257
1.547036 213329
1.548886 214401
1.550736 215473
1.552585 216545
1.554435 217617
1.556284 218689
1.558134 219761
1.559984 220833
1.561833 221905
1.563683 222977
1.565532 224049
1.567382 225121
1.569232 226193
1.571081 227265
1.572931 228337
1.574780 229409
1.576630 230481
1.578480 231553
1.580329 232625
1.582179 233697
1.584028 234769
1.585878 235841
1.587728 236913
1.589577 237985
1.591427 239057
1.593276 240129
1.595126 241201
1.596976 242273
1.598825 243345
1.600675 244417
1.602524 245489
1.604374 246561
1.606224 247633
1.608073 248705
1.609923 249777
1.611772 250849
1.613622 251921
1.615472 252993
1.617321 254065
1.619171 255137
1.621020 256209
1.622870 257281
1.624720 258353
1.626569 259425
1.628419 260497
1.630268 261569
1.632118 262641
1.633968 263713
1.635817 264785
1.637667 265857
1.639516 266929
1.641366 268001
1.643216 269073
1.645065 270145
1.646915 271217
1.648764 272289
1.650614 273361
1.652464 274433
1.654313 275505
1.656163 276577
1.658012 277649
1.659862 278721
1.661712 279793
1.663561 280865
1.665411 281937
1.667260 283009
1.669110 284081
1.670960 285153
1.672809 286225
1.674659 287297
1.676508 288369
1.678358 289441
1.680208 290513
1.682057 291585
1.683907 292657
1.685756 293729
1.687606 294801
1.689456 295873
1.691305 296945
1.693155 298017
1.695004 299089
1.696854 300161
1.698704 301233
1.700553 302305
1.702403 303377
1.704252 304449
1.706102 305521
1.707952 306593
1.709801 307665
1.711651 308737
1.713500 309809
1.715350 310881
1.717200 311953
1.719049 313025
1.720899 314097
1.722748 315169
1.724598 316241
1.726448 317313
1.728297 318385
1.730147 319457
1.731996 320529
1.733846 321601
1.735696 322673
1.737545 323745
1.739395 324817
1.741244 325889
1.743094 326961
1.744944 328033
1.746793 329105
1.748643 330177
1.750492 331249
1.752342 332321
1.754192 333393
1.756041 334465
1.757891 335537
1.759740 336609
1.761590 337681
1.763440 338753
1.765289 339825
1.767139 340897
1.768988 341969
1.770838 343041
1.772688 344113
1.774537 345185
1.776387 346257
1.778236 347329
1.780086 348401
1.781936 349473
1.783785 350545
1.785635 351617
1.787484 352689
1.789334 353761
1.791184 354833
1.793033 355905
1.794883 356977
1.796732 358049
1.798582 359121
1.800432 360193
1.802281 361265
1.804131 362337
1.805980 363409
1.807830 364481
1.809680 365553
1.811529 366625
1.813379 367697
1.815228 368769
1.817078 369841
1.818928 370913
1.820777 371985
1.822627 373057
1.824476 374129
1.826326 375201
1.828176 376273
1.830025 377345
1.831875 378417
1.833724 379489
1.835574 380561
1.837424 381633
1.839273 382705
1.841123 383777
1.842972 384849
1.844822 385921
1.846672 386993
1.848521 388065
1.850371 389137
1.852220 390209
1.854070 391281
1.855920 392353
1.857769 393425
1.859619 393961
1.860544 393961
1.861468 393961
1.862393 393961
1.863318 393961
1.864243 393961
1.865168 393961
1.866092 393961
1.867017 393961
1.867942 393961
1.868867 393961
1.869792 393961
1.870716 393961
1.871641 393961
1.872566 393961
1.873491 393961
1.874416 393961
1.875340 393961
1.876265 393961
1.877190 393961
1.878115 393961
1.879040 405753
1.890956 406825
1.902873 407897
1.913865 408969
1.915715 410041
1.925782 411113
1.927632 412185
1.929481 413257
1.937699 414329
1.939548 415401
1.941398 416473
1.943248 417545
1.948691 418617
1.950540 419689
1.952390 420761
1.954240 421833
1.956089 422905
1.957939 423977
1.960608 425049
1.962457 426121
1.964307 427193
1.966156 428265
1.968006 429337
1.969856 430409
1.972524 431481
1.974374 432553
1.976224 433625
1.978073 434697
1.979923 435769
1.981772 436841
1.983622 437913
1.985472 438985
1.987321 440057
1.989171 441129
1.991020 442201
1.992870 443273
1.994720 444345
1.996569 445417
1.998419 446489
2.000268 447561
2.002118 448633
2.003968 449705
2.005817 450777
2.007667 451849
2.009516 452921
2.011366 453993
2.013216 455065
2.015065 456137
2.016915 457209
2.018764 458281
2.020614 459353
2.022464 460425
2.024313 461497
2.026163 462569
2.028012 463641
2.029862 464713
2.031712 465785
2.033561 466857
2.035411 467929
2.037260 469001
2.039110 470073
2.040960 471145
2.042809 472217
2.044659 473289
2.046508 474361
2.048358 475433
2.050208 476505
2.052057 477577
2.053907 478649
2.055756 479721
2.057606 480793
2.059456 481865
2.061305 482937
2.063155 484009
2.065004 485081
2.066854 486153
2.068704 487225
2.070553 488297
2.072403 489369
2.074252 490441
2.076102 491513
2.077952 492585
2.079801 493657
2.081651 494729
2.083500 495801
2.085350 496873
2.087200 497945
2.089049 499017
2.090899 500089
2.092748 501161
2.094598 502233
2.096448 503305
2.098297 504377
2.100147 505449
2.101996 506521
2.103846 507593
2.105696 508665
2.107545 509737
2.109395 510809
2.111244 511881
2.113094 512953
2.114944 514025
2.116793 515097
2.118643 516169
2.120492 517241
2.122342 518313
2.124192 519385
2.126041 520457
2.127891 521529
2.129740 522601
2.131590 523673
2.133440 524745
2.135289 525817
2.137139 526889
2.138988 527961
2.140838 529033
2.142688 530105
2.144537 531177
2.146387 532249
2.148236 533321
2.150086 534393
2.151936 535465
2.153785 536537
2.155635 537609
2.157484 538681
2.159334 539753
2.161184 540825
2.163033 541897
2.164883 542969
2.166732 544041
2.168582 545113
2.170432 546185
2.172281 547257
2.174131 548329
2.175980 549401
2.177830 550473
2.179680 551545
2.181529 552617
2.183379 553689
2.185228 554761
2.187078 555833
2.188928 556905
2.190777 557977
2.192627 559049
2.194476 560121
2.196326 561193
2.198176 562265
2.200025 563337
2.201875 564409
2.203724 565481
2.205574 566553
2.207424 567625
2.209273 568697
2.211123 569769
2.212972 570841
2.214822 571913
2.216672 572985
2.218521 574057
2.220371 575129
2.222220 576201
2.224070 577273
2.225920 578345
2.227769 579417
2.229619 580489
2.231468 581561
2.233318 582633
2.235168 583705
2.237017 584777
2.238867 585849
2.240716 586921
2.242566 587993
2.244416 589065
2.246265 590137
2.248115 591209
2.249964 592281
2.251814 593353
2.253664 594425
2.255513 595497
2.257363 596569
2.259212 597641
2.261062 598713
2.262912 599785
2.264761 600857
2.266611 601929
2.268460 603001
2.270310 604073
2.272160 605145
2.274009 606217
2.275859 607289
2.277708 608361
2.279558 609433
2.281408 610505
2.283257 611577
2.285107 612649
2.286956 613185
2.287881 613185
2.288806 613185
2.289731 613185
2.290656 613185
2.291580 613185
2.292505 613185
2.293430 613185
2.294355 613185
2.295280 613185
2.296204 613185
2.297129 613185
2.298054 613185
2.298979 613185
2.299904 613185
2.300828 613185
2.301753 613185
2.302678 613185
2.303603 613185
2.304528 613185
2.305452 613185
2.306377 624977
2.318294 626049
2.330211 627121
2.341203 628193
2.343052 629265
2.353120 630337
2.354969 631409
2.356819 632481
2.365036 633553
2.366886 634625
2.368736 635697
2.370585 636769
2.376028 637841
2.377878 638913
2.379728 639985
2.381577 641057
2.383427 642129
2.385276 643201
2.387945 644273
2.389795 645345
2.391644 646417
2.393494 647489
2.395344 648561
2.397193 649633
2.399862 650705
2.401712 651777
2.403561 652849
2.405411 653921
2.407260 654993
2.409110 656065
2.410960 657137
2.412809 658209
2.414659 659281
2.416508 660353
2.418358 661425
2.420208 662497
2.422057 663569
2.423907 664641
2.425756 665713
2.427606 666785
2.429456 667857
2.431305 668929
2.433155 670001
2.435004 671073
2.436854 672145
2.438704 673217
2.440553 674289
2.442403 675361
2.444252 676433
2.446102 677505
2.447952 678577
2.449801 679649
2.451651 680721
2.453500 681793
2.455350 682865
2.457200 683937
2.459049 685009
2.460899 686081
2.462748 687153
2.464598 688225
2.466448 689297
2.468297 690369
2.470147 691441
2.471996 692513
2.473846 693585
2.475696 694657
2.477545 695729
2.479395 696801
2.481244 697873
2.483094 698945
2.484944 700017
2.486793 701089
2.488643 702161
2.490492 703233
2.492342 704305
2.494192 705377
2.496041 706449
2.497891 707521
2.499740 708593
2.501590 709665
2.503440 710737
2.505289 711809
2.507139 712881
2.508988 713953
2.510838 715025
2.512688 716097
2.514537 717169
2.516387 718241
2.518236 719313
2.520086 720385
2.521936 721457
2.523785 722529
2.525635 723601
2.527484 724673
2.529334 725745
2.531184 726817
2.533033 727889
2.534883 728961
2.536732 730033
2.538582 731105
2.540432 732177
2.542281 733249
2.544131 734321
2.545980 735393
2.547830 736465
2.549680 737537
2.551529 738609
2.553379 739681
2.555228 740753
2.557078 741825
2.558928 742897
2.560777 743969
2.562627 745041
2.564476 746113
2.566326 747185
2.568176 748257
2.570025 749329
2.571875 750401
2.573724 751473
2.575574 752545
2.577424 753617
2.579273 754689
2.581123 755761
2.582972 756833
2.584822 757905
2.586672 758977
2.588521 760049
2.590371 761121
2.592220 762193
2.594070 763265
2.595920 764337
2.597769 765409
2.599619 766481
2.601468 767553
2.603318 768625
2.605168 769697
2.607017 770769
2.608867 771841
2.610716 772913
2.612566 773985
2.614416 775057
2.616265 776129
2.618115 777201
2.619964 778273
2.621814 779345
2.623664 780417
2.625513 781489
2.627363 782561
2.629212 783633
2.631062 784705
2.632912 785777
2.634761 786849
2.636611 787921
2.638460 788993
2.640310 790065
2.642160 791137
2.644009 792209
2.645859 793281
2.647708 794353
2.649558 795425
2.651408 796497
2.653257 797569
2.655107 798641
2.656956 799713
2.658806 800785
2.660656 801857
2.662505 802929
2.664355 804001
2.666204 805073
2.668054 806145
2.669904 807217
2.671753 808289
2.673603 809361
2.675452 810433
2.677302 811505
2.679152 812577
2.681001 813649
2.682851 814721
2.684700 815793
2.686550 816865
2.688400 817937
2.690249 819009
2.692099 820081
2.693948 821153
2.695798 822225
2.697648 823297
2.699497 824369
2.701347 825441
2.703196 826513
2.705046 827585
2.706896 828657
2.708745 829729
2.710595 830801
2.712444 831873
2.714294 832409
2.715219 832409
2.716144 832409
2.717068 832409
2.717993 832409
2.718918 832409
2.719843 832409
2.720768 832409
2.721692 832409
2.722617 832409
2.723542 832409
2.724467 832409
2.725392 832409
2.726316 832409
2.727241 832409
2.728166 832409
2.729091 832409
2.730016 832409
2.730940 832409
2.731865 832409
2.732790 832409
2.733715 844201
2.745632 845273
2.757548 846345
2.768540 847417
2.770390 848489
2.780457 849561
2.782307 850633
2.784156 851705
2.792374 852777
2.794224 853849
2.796073 854921
2.797923 855993
2.803366 857065
2.805216 858137
2.807065 859209
2.808915 860281
2.810764 861353
2.812614 862425
2.815283 863497
2.817132 864569
2.818982 865641
2.820832 866713
2.822681 867785
2.824531 868857
2.827200 869929
2.829049 871001
2.830899 872073
2.832748 873145
2.834598 874217
2.836448 875289
2.838297 876361
2.840147 877433
2.841996 878505
2.843846 879577
2.845696 880649
2.847545 881721
2.849395 882793
2.851244 883865
2.853094 884937
2.854944 886009
2.856793 887081
2.858643 888153
2.860492 889225
2.862342 890297
2.864192 891369
2.866041 892441
2.867891 893513
2.869740 894585
2.871590 895657
2.873440 896729
2.875289 897801
2.877139 898873
2.878988 899945
2.880838 901017
2.882688 902089
2.884537 903161
2.886387 904233
2.888236 905305
2.890086 906377
2.891936 907449
2.893785 908521
2.895635 909593
2.897484 910665
2.899334 911737
2.901184 912809
2.903033 913881
2.904883 914953
2.906732 916025
2.908582 917097
2.910432 918169
2.912281 919241
2.914131 920313
2.915980 921385
2.917830 922457
2.919680 923529
2.921529 924601
2.923379 925673
2.925228 926745
2.927078 927817
2.928928 928889
2.930777 929961
2.932627 931033
2.934476 932105
2.936326 933177
2.938176 934249
2.940025 935321
2.941875 936393
2.943724 937465
2.945574 938537
2.947424 939609
2.949273 940681
2.951123 941753
2.952972 942825
2.954822 943897
2.956672 944969
2.958521 946041
2.960371 947113
2.962220 948185
2.964070 949257
2.965920 950329
2.967769 951401
2.969619 952473
2.971468 953545
2.973318 954617
2.975168 955689
2.977017 956761
2.978867 957833
2.980716 958905
2.982566 959977
2.984416 961049
2.986265 962121
2.988115 963193
2.989964 964265
2.991814 965337
2.993664 966409
2.995513 967481
2.997363 968553
2.999212 969625
3.001062 970697
3.002912 971769
3.004761 972841
3.006611 973913
3.008460 974985
3.010310 976057
3.012160 977129
3.014009 978201
3.015859 979273
3.017708 980345
3.019558 981417
3.021408 982489
3.023257 983561
3.025107 984633
3.026956 985705
3.028806 986777
3.030656 987849
3.032505 988921
3.034355 989993
3.036204 991065
3.038054 992137
3.039904 993209
3.041753 994281
3.043603 995353
3.045452 996425
3.047302 997497
3.049152 998569
3.051001 999641
3.052851 1000713
3.054700 1001785
3.056550 1002857
3.058400 1003929
3.060249 1005001
3.062099 1006073
3.063948 1007145
3.065798 1008217
3.067648 1009289
3.069497 1010361
3.071347 1011433
3.073196 1012505
3.075046 1013577
3.076896 1014649
3.078745 1015721
3.080595 1016793
3.082444 1017865
3.084294 1018937
3.086144 1020009
3.087993 1021081
3.089843 1022153
3.091692 1023225
3.093542 1024297
3.095392 1025369
3.097241 1026441
3.099091 1027513
3.100940 1028585
3.102790 1029657
3.104640 1030729
3.106489 1031801
3.108339 1032873
3.110188 1033945
3.112038 1035017
3.113888 1036089
3.115737 1037161
3.117587 1038233
3.119436 1039305
3.121286 1040377
3.123136 1041449
3.124985 1042521
3.126835 1043593
3.128684 1044665
3.130534 1045737
3.132384 1046809
3.134233 1047881
3.136083 1048953
3.137932 1050025
3.139782 1051097
3.141632 1051633
3.142556 1051633
3.143481 1051633
3.144406 1051633
3.145331 1051633
3.146256 1051633
3.147180 1051633
3.148105 1051633
3.149030 1051633
3.149955 1051633
3.150880 1051633
3.151804 1051633
3.152729 1051633
3.153654 1051633
3.154579 1051633
3.155504 1051633
3.156428 1051633
3.157353 1051633
3.158278 1051633
3.159203 1051633
3.160128 1051633
3.161052 1063425
3.172969 1064497
3.184886 1065569
3.195878 1066641
3.197728 1067713
3.207795 1068785
3.209644 1069857
3.211494 1070929
3.219712 1072001
3.221561 1073073
3.223411 1074145
3.225260 1075217
3.230704 1076289
3.232553 1077361
3.234403 1078433
3.236252 1079505
3.238102 1080577
3.239952 1081649
3.242620 1082721
3.244470 1082721
3.245395 1082721
3.246320 1082721
3.247244 1082721
3.248169 1082721
3.249094 1082721
3.250019 1082721
3.250944 1082721
3.251868 1082721
3.253612 1082721
3.254537 1082721
3.257312 1089153
3.269228 1090225
3.281145 1091297
3.292137 1092369
3.293987 1093441
3.304054 1094513
3.305904 1095585
3.307753 1096657
3.315971 1097729
3.317820 1098801
3.319670 1099873
3.326963 1100945
3.328812 1102017
3.330662 1103089
3.337955 1104161
3.339804 1105233
3.341654 1106305
3.343504 1107377
3.349872 1108449
3.351721 1109521
3.353571 1110593
3.355420 1111665
3.361788 1112737
3.363638 1113809
3.365488 1114881
3.367337 1115953
3.372780 1117025
3.374630 1118097
3.376480 1119169
3.378329 1120241
3.383772 1121313
3.385622 1122385
3.387472 1123457
3.389321 1124529
3.394764 1125601
3.396614 1126673
3.398464 1127745
3.400313 1128817
3.402163 1129889
3.406681 1130961
3.408531 1132033
3.410380 1133105
3.412230 1134177
3.414080 1135249
3.418598 1136321
3.420448 1137393
3.422297 1138465
3.424147 1139537
3.425996 1140609
3.429590 1141681
3.431440 1142753
3.433289 1143825
3.435139 1144897
3.436988 1145969
3.440582 1147041
3.442432 1148113
3.444281 1149185
3.446131 1150257
3.447980 1151329
3.449830 1152401
3.452499 1153473
3.454348 1154545
3.456198 1155617
3.458048 1156689
3.459897 1157761
3.461747 1158833
3.464416 1159905
3.466265 1160977
3.468115 1162049
3.469964 1163121
3.471814 1164193
3.473664 1165265
3.476332 1166337
3.478182 1167409
3.480032 1168481
3.481881 1169553
3.483731 1170625
3.485580 1171697
3.487430 1172769
3.489280 1173841
3.491129 1174913
3.492979 1175985
3.494828 1177057
3.496678 1178129
3.498528 1179201
3.500377 1180273
3.502227 1181345
3.504076 1182417
3.505926 1183489
3.507776 1184561
3.509625 1185633
3.511475 1186705
3.513324 1187777
3.515174 1188849
3.517024 1189921
3.518873 1190993
3.520723 1192065
3.522572 1193137
3.524422 1194209
3.526272 1195281
3.528121 1196353
3.529971 1197425
3.531820 1198497
3.533670 1199569
3.535520 1200641
3.537369 1201713
3.539219 1202785
3.541068 1203857
3.542918 1204929
3.544768 1206001
3.546617 1207073
3.548467 1208145
3.550316 1209217
3.552166 1210289
3.554016 1211361
3.555865 1212433
3.557715 1213505
3.559564 1214577
3.561414 1215649
3.563264 1216721
3.565113 1217793
3.566963 1218865
3.568812 1219937
3.570662 1221009
3.572512 1222081
3.574361 1223153
3.576211 1224225
3.578060 1225297
3.579910 1226369
3.581760 1227441
3.583609 1228513
3.585459 1229585
3.587308 1230657
3.589158 1231729
3.591008 1232801
3.592857 1233873
3.594707 1234945
3.596556 1236017
3.598406 1237089
3.600256 1238161
3.602105 1239233
3.603955 1240305
3.605804 1241377
3.607654 1242449
3.609504 1243521
3.611353 1244593
3.613203 1245665
3.615052 1246737
3.616902 1247809
3.618752 1248881
3.620601 1249953
3.622451 1251025
3.624300 1252097
3.626150 1253169
3.628000 1254241
3.629849 1255313
3.631699 1256385
3.633548 1257457
3.635398 1258529
3.637248 1259601
3.639097 1260673
3.640947 1261745
3.642796 1262817
3.644646 1263889
3.646496 1264961
3.648345 1266033
3.650195 1267105
3.652044 1268177
3.653894 1269249
3.655744 1270321
3.657593 1271393
3.659443 1272465
3.661292 1273537
3.663142 1274609
3.664992 1275681
3.666841 1276753
3.668691 1277825
3.670540 1278897
3.672390 1279969
3.674240 1281041
3.676089 1282113
3.677939 1283185
3.679788 1284257
3.681638 1285329
3.683488 1286401
3.685337 1287473
3.687187 1288545
3.689036 1289617
3.690886 1290689
3.692736 1291761
3.694585 1292833
3.696435 1293905
3.698284 1294977
3.700134 1296049
3.701984 1297121
3.703833 1298193
3.705683 1299265
3.707532 1300337
3.709382 1301409
3.711232 1302481
3.713081 1303553
3.714931 1304625
3.716780 1305697
3.718630 1306769
3.720480 1307841
3.722329 1308913
3.724179 1309985
3.726028 1311057
3.727878 1312129
3.729728 1313201
3.731577 1314273
3.733427 1315345
3.735276 1316417
3.737126 1317489
3.738976 1318561
3.740825 1319633
3.742675 1320705
3.744524 1321777
3.746374 1322849
3.748224 1323921
3.750073 1324993
3.751923 1326065
3.753772 1327137
3.755622 1328209
3.757472 1329281
3.759321 1330353
3.761171 1331425
3.763020 1332497
3.764870 1333569
3.766720 1334641
3.768569 1335713
3.770419 1336785
3.772268 1337857
3.774118 1338929
3.775968 1340001
3.777817 1341073
3.779667 1342145
3.781516 1342681
3.782441 1342681
3.783366 1342681
3.784291 1342681
3.785216 1342681
3.786140 1342681
3.787065 1342681
3.787990 1342681
3.788915 1342681
3.789840 1342681
3.790764 1342681
3.791689 1342681
3.792614 1342681
3.793539 1342681
3.794464 1342681
3.795388 1342681
3.796313 1342681
3.797238 1342681
3.798163 1342681
3.799088 1342681
3.800012 1342681
3.800937 1354473
3.812854 1355545
3.824771 1356617
3.835763 1357689
3.837612 1358761
3.847680 1359833
3.849529 1360905
3.851379 1361977
3.859596 1363049
3.861446 1364121
3.863296 1365193
3.865145 1366265
3.870588 1367337
3.872438 1368409
3.874288 1369481
3.876137 1370553
3.877987 1371625
3.879836 1372697
3.882505 1373769
3.884355 1374841
3.886204 1375913
3.888054 1376985
3.889904 1378057
3.891753 1379129
3.894422 1380201
3.896272 1381273
3.898121 1382345
3.899971 1383417
3.901820 1384489
3.903670 1385561
3.905520 1386633
3.907369 1387705
3.909219 1388777
3.911068 1389849
3.912918 1390921
3.914768 1391993
3.916617 1393065
3.918467 1394137
3.920316 1395209
3.922166 1396281
3.924016 1397353
3.925865 1398425
3.927715 1399497
3.929564 1400569
3.931414 1401641
3.933264 1402713
3.935113 1403785
3.936963 1404857
3.938812 1405929
3.940662 1407001
3.942512 1408073
3.944361 1409145
3.946211 1410217
3.948060 1411289
3.949910 1412361
3.951760 1413433
3.953609 1414505
3.955459 1415577
3.957308 1416649
3.959158 1417721
3.961008 1418793
3.962857 1419865
3.964707 1420937
3.966556 1422009
3.968406 1423081
3.970256 1424153
3.972105 1425225
3.973955 1426297
3.975804 1427369
3.977654 1428441
3.979504 1429513
3.981353 1430585
3.983203 1431657
3.985052 1432729
3.986902 1433801
3.988752 1434873
3.990601 1435945
3.992451 1437017
3.994300 1438089
3.996150 1439161
3.998000 1440233
3.999849 1441305
4.001699 1442377
4.003548 1443449
4.005398 1444521
4.007248 1445593
4.009097 1446665
4.010947 1447737
4.012796 1448809
4.014646 1449881
4.016496 1450953
4.018345 1452025
4.020195 1453097
4.022044 1454169
4.023894 1455241
4.025744 1456313
4.027593 1457385
4.029443 1458457
4.031292 1459529
4.033142 1460601
4.034992 1461673
4.036841 1462745
4.038691 1463817
4.040540 1464889
4.042390 1465961
4.044240 1467033
4.046089 1468105
4.047939 1469177
4.049788 1470249
4.051638 1471321
4.053488 1472393
4.055337 1473465
4.057187 1474537
4.059036 1475609
4.060886 1476681
4.062736 1477753
4.064585 1478825
4.066435 1479897
4.068284 1480969
4.070134 1482041
4.071984 1483113
4.073833 1484185
4.075683 1485257
4.077532 1486329
4.079382 1487401
4.081232 1488473
4.083081 1489545
4.084931 1490617
4.086780 1491689
4.088630 1492761
4.090480 1493833
4.092329 1494905
4.094179 1495977
4.096028 1497049
4.097878 1498121
4.099728 1499193
4.101577 1500265
4.103427 1501337
4.105276 1502409
4.107126 1503481
4.108976 1504553
4.110825 1505625
4.112675 1506697
4.114524 1507769
4.116374 1508841
4.118224 1509913
4.120073 1510985
4.121923 1512057
4.123772 1513129
4.125622 1514201
4.127472 1515273
4.129321 1516345
4.131171 1517417
4.133020 1518489
4.134870 1519561
4.136720 1520633
4.138569 1521705
4.140419 1522777
4.142268 1523849
4.144118 1524921
4.145968 1525993
4.147817 1527065
4.149667 1528137
4.151516 1529209
4.153366 1530281
4.155216 1531353
4.157065 1532425
4.158915 1533497
4.160764 1534569
4.162614 1535641
4.164464 1536713
4.166313 1537785
4.168163 1538857
4.170012 1539929
4.171862 1541001
4.173712 1542073
4.175561 1543145
4.177411 1544217
4.179260 1545289
4.181110 1546361
4.182960 1547433
4.184809 1548505
4.186659 1549577
4.188508 1550649
4.190358 1551721
4.192208 1552793
4.194057 1553865
4.195907 1554937
4.197756 1556009
4.199606 1557081
4.201456 1558153
4.203305 1559225
4.205155 1560297
4.207004 1561369
4.208854 1561905
4.209779 1561905
4.210704 1561905
4.211628 1561905
4.212553 1561905
4.213478 1561905
4.214403 1561905
4.215328 1561905
4.216252 1561905
4.217177 1561905
4.218102 1561905
4.219027 1561905
4.219952 1561905
4.220876 1561905
4.221801 1561905
4.222726 1561905
4.223651 1561905
4.224576 1561905
4.225500 1561905
4.226425 1561905
4.227350 1561905
4.228275 1573697
4.240192 1574769
4.252108 1575841
4.263100 1576913
4.264950 1577985
4.275017 1579057
4.276867 1580129
4.278716 1581201
4.286934 1582273
4.288784 1583345
4.290633 1584417
4.292483 1585489
4.297926 1586561
4.299776 1587633
4.301625 1588705
4.303475 1589777
4.305324 1590849
4.307174 1591921
4.309843 1592993
4.311692 1594065
4.313542 1595137
4.315392 1596209
4.317241 1597281
4.319091 1598353
4.321760 1599425
4.323609 1600497
4.325459 1601569
4.327308 1602641
4.329158 1603713
4.331008 1604785
4.332857 1605857
4.334707 1606929
4.336556 1608001
4.338406 1609073
4.340256 1610145
4.342105 1611217
4.343955 1612289
4.345804 1613361
4.347654 1614433
4.349504 1615505
4.351353 1616577
4.353203 1617649
4.355052 1618721
4.356902 1619793
4.358752 1620865
4.360601 1621937
4.362451 1623009
4.364300 1624081
4.366150 1625153
4.368000 1626225
4.369849 1627297
4.371699 1628369
4.373548 1629441
4.375398 1630513
4.377248 1631585
4.379097 1632657
4.380947 1633729
4.382796 1634801
4.384646 1635873
4.386496 1636945
4.388345 1638017
4.390195 1639089
4.392044 1640161
4.393894 1641233
4.395744 1642305
4.397593 1643377
4.399443 1644449
4.401292 1645521
4.403142 1646593
4.404992 1647665
4.406841 1648737
4.408691 1649809
4.410540 1650881
4.412390 1651953
4.414240 1653025
4.416089 1654097
4.417939 1655169
4.419788 1656241
4.421638 1657313
4.423488 1658385
4.425337 1659457
4.427187 1660529
4.429036 1661601
4.430886 1662673
4.432736 1663745
4.434585 1664817
4.436435 1665889
4.438284 1666961
4.440134 1668033
4.441984 1669105
4.443833 1670177
4.445683 1671249
4.447532 1672321
4.449382 1673393
4.451232 1674465
4.453081 1675537
4.454931 1676609
4.456780 1677681
4.458630 1678753
4.460480 1679825
4.462329 1680897
4.464179 1681969
4.466028 1683041
4.467878 1684113
4.469728 1685185
4.471577 1686257
4.473427 1687329
4.475276 1688401
4.477126 1689473
4.478976 1690545
4.480825 1691617
4.482675 1692689
4.484524 1693761
4.486374 1694833
4.488224 1695905
4.490073 1696977
4.491923 1698049
4.493772 1699121
4.495622 1700193
4.497472 1701265
4.499321 1702337
4.501171 1703409
4.503020 1704481
4.504870 1705553
4.506720 1706625
4.508569 1707697
4.510419 1708769
4.512268 1709841
4.514118 1710913
4.515968 1711985
4.517817 1713057
4.519667 1714129
4.521516 1715201
4.523366 1716273
4.525216 1717345
4.527065 1718417
4.528915 1719489
4.530764 1720561
4.532614 1721633
4.534464 1722705
4.536313 1723777
4.538163 1724849
4.540012 1725921
4.541862 1726993
4.543712 1728065
4.545561 1729137
4.547411 1730209
4.549260 1731281
4.551110 1732353
4.552960 1733425
4.554809 1734497
4.556659 1735569
4.558508 1736641
4.560358 1737713
4.562208 1738785
4.564057 1739857
4.565907 1740929
4.567756 1742001
4.569606 1743073
4.571456 1744145
4.573305 1745217
4.575155 1746289
4.577004 1747361
4.578854 1748433
4.580704 1749505
4.582553 1750577
4.584403 1751649
4.586252 1752721
4.588102 1753793
4.589952 1754865
4.591801 1755937
4.593651 1757009
4.595500 1758081
4.597350 1759153
4.599200 1760225
4.601049 1761297
4.602899 1762369
4.604748 1763441
4.606598 1764513
4.608448 1765585
4.610297 1766657
4.612147 1767729
4.613996 1768801
4.615846 1769873
4.617696 1770945
4.619545 1772017
4.621395 1773089
4.623244 1774161
4.625094 1775233
4.626944 1776305
4.628793 1777377
4.630643 1778449
4.632492 1779521
4.634342 1780593
4.636192 1781129
4.637116 1781129
4.638041 1781129
4.638966 1781129
4.639891 1781129
4.640816 1781129
4.641740 1781129
4.642665 1781129
4.643590 1781129
4.644515 1781129
4.645440 1781129
4.646364 1781129
4.647289 1781129
4.648214 1781129
4.649139 1781129
4.650064 1781129
4.650988 1781129
4.651913 1781129
4.652838 1781129
4.653763 1781129
4.654688 1781129
4.655612 1792921
4.667529 1793993
4.679446 1795065
4.690438 1796137
4.692288 1797209
4.702355 1798281
4.704204 1799353
4.706054 1800425
4.714272 1801497
4.716121 1802569
4.717971 1803641
4.719820 1804713
4.725264 1805785
4.727113 1806857
4.728963 1807929
4.730812 1809001
4.732662 1810073
4.734512 1811145
4.737180 1812217
4.739030 1813289
4.740880 1814361
4.742729 1815433
4.744579 1816505
4.746428 1817577
4.749097 1818649
4.750947 1819721
4.752796 1820793
4.754646 1821865
4.756496 1822937
4.758345 1824009
4.760195 1825081
4.762044 1826153
4.763894 1827225
4.765744 1828297
4.767593 1829369
4.769443 1830441
4.771292 1831513
4.773142 1832585
4.774992 1833657
4.776841 1834729
4.778691 1835801
4.780540 1836873
4.782390 1837945
4.784240 1839017
4.786089 1840089
4.787939 1841161
4.789788 1842233
4.791638 1843305
4.793488 1844377
4.795337 1845449
4.797187 1846521
4.799036 1847593
4.800886 1848665
4.802736 1849737
4.804585 1850809
4.806435 1851881
4.808284 1852953
4.810134 1854025
4.811984 1855097
4.813833 1856169
4.815683 1857241
4.817532 1858313
4.819382 1859385
4.821232 1860457
4.823081 1861529
4.824931 1862601
4.826780 1863673
4.828630 1864745
4.830480 1865817
4.832329 1866889
4.834179 1867961
4.836028 1869033
4.837878 1870105
4.839728 1871177
4.841577 1872249
4.843427 1873321
4.845276 1874393
4.847126 1875465
4.848976 1876537
4.850825 1877609
4.852675 1878681
4.854524 1879753
4.856374 1880825
4.858224 1881897
4.860073 1882969
4.861923 1884041
4.863772 1885113
4.865622 1886185
4.867472 1887257
4.869321 1888329
4.871171 1889401
4.873020 1890473
4.874870 1891545
4.876720 1892617
4.878569 1893689
4.880419 1894761
4.882268 1895833
4.884118 1896905
4.885968 1897977
4.887817 1899049
4.889667 1900121
4.891516 1901193
4.893366 1902265
4.895216 1903337
4.897065 1904409
4.898915 1905481
4.900764 1906553
4.902614 1907625
4.904464 1908697
4.906313 1909769
4.908163 1910841
4.910012 1911913
4.911862 1912985
4.913712 1914057
4.915561 1915129
4.917411 1916201
4.919260 1917273
4.921110 1918345
4.922960 1919417
4.924809 1920489
4.926659 1921561
4.928508 1922633
4.930358 1923705
4.932208 1924777
4.934057 1925849
4.935907 1926921
4.937756 1927993
4.939606 1929065
4.941456 1930137
4.943305 1931209
4.945155 1932281
4.947004 1933353
4.948854 1934425
4.950704 1935497
4.952553 1936569
4.954403 1937641
4.956252 1938713
4.958102 1939785
4.959952 1940857
4.961801 1941929
4.963651 1943001
4.965500 1944073
4.967350 1945145
4.969200 1946217
4.971049 1947289
4.972899 1948361
4.974748 1949433
4.976598 1950505
4.978448 1951577
4.980297 1952649
4.982147 1953721
4.983996 1954793
4.985846 1955865
4.987696 1956937
4.989545 1958009
4.991395 1959081
4.993244 1960153
4.995094 1961225
4.996944 1962297
4.998793 1963369
5.000643 1964441
5.002492 1965513
5.004342 1966585
5.006192 1967657
5.008041 1968729
5.009891 1969801
5.011740 1970873
5.013590 1971945
5.015440 1973017
5.017289 1974089
5.019139 1975161
5.020988 1976233
5.022838 1977305
5.024688 1978377
5.026537 1979449
5.028387 1980521
5.030236 1981593
5.032086 1982665
5.033936 1983737
5.035785 1984809
5.037635 1985881
5.039484 1986953
5.041334 1988025
5.043184 1989097
5.045033 1990169
5.046883 1991241
5.048732 1992313
5.050582 1993385
5.052432 1994457
5.054281 1995529
5.056131 1996601
5.057980 1997673
5.059830 1998745
5.061680 1999817
5.063529 2000353
5.064454 2000353
5.065379 2000353
5.066304 2000353
5.067228 2000353
5.068153 2000353
5.069078 2000353
5.070003 2000353
5.070928 2000353
5.071852 2000353
5.072777 2000353
5.073702 2000353
5.074627 2000353
5.075552 2000353
5.076476 2000353
5.077401 2000353
5.078326 2000353
5.079251 2000353
5.080176 2000353
5.081100 2000353
5.082025 2000353
5.082950 2012145
5.094867 2013217
5.106784 2014289
5.117776 2015361
5.119625 2016433
5.129692 2017505
5.131542 2018577
5.133392 2019649
5.141609 2020721
5.143459 2021793
5.145308 2022865
5.147158 2023937
5.152601 2025009
5.154451 2026081
5.156300 2027153
5.158150 2028225
5.160000 2029297
5.161849 2030369
5.164518 2031441
5.166368 2032513
5.168217 2033585
5.170067 2034657
5.171916 2035729
5.173766 2036801
5.176435 2037873
5.178284 2038945
5.180134 2040017
5.181984 2041089
5.183833 2042161
5.185683 2043233
5.187532 2044305
5.189382 2045377
5.191232 2046449
5.193081 2047521
5.194931 2048593
5.196780 2049665
5.198630 2050737
5.200480 2051809
5.202329 2052881
5.204179 2053953
5.206028 2055025
5.207878 2056097
5.209728 2057169
5.211577 2058241
5.213427 2059313
5.215276 2060385
5.217126 2061457
5.218976 2062529
5.220825 2063601
5.222675 2064673
5.224524 2065745
5.226374 2066817
5.228224 2067889
5.230073 2068961
5.231923 2070033
5.233772 2071105
5.235622 2072177
5.237472 2073249
5.239321 2074321
5.241171 2075393
5.243020 2076465
5.244870 2077537
5.246720 2078609
5.248569 2079681
5.250419 2080753
5.252268 2081825
5.254118 2082897
5.255968 2083969
5.257817 2085041
5.259667 2086113
5.261516 2087185
5.263366 2088257
5.265216 2089329
5.267065 2090401
5.268915 2091473
5.270764 2092545
5.272614 2093617
5.274464 2094689
5.276313 2095761
5.278163 2096833
5.280012 2097905
5.281862 2098977
5.283712 2100049
5.285561 2101121
5.287411 2102193
5.289260 2103265
5.291110 2104337
5.292960 2105409
5.294809 2106481
5.296659 2107553
5.298508 2108625
5.300358 2109697
5.302208 2110769
5.304057 2111841
5.305907 2112913
5.307756 2113985
5.309606 2115057
5.311456 2116129
5.313305 2117201
5.315155 2118273
5.317004 2119345
5.318854 2120417
5.320704 2121489
5.322553 2122561
5.324403 2123633
5.326252 2124705
5.328102 2125777
5.329952 2126849
5.331801 2127921
5.333651 2128993
5.335500 2130065
5.337350 2131137
5.339200 2132209
5.341049 2133281
5.342899 2134353
5.344748 2135425
5.346598 2136497
5.348448 2137569
5.350297 2138641
5.352147 2139713
5.353996 2140785
5.355846 2141857
5.357696 2142929
5.359545 2144001
5.361395 2145073
5.363244 2146145
5.365094 2147217
5.366944 2148289
5.368793 2149361
5.370643 2150433
5.372492 2151505
5.374342 2152577
5.376192 2153649
5.378041 2154721
5.379891 2155793
5.381740 2156865
5.383590 2157937
5.385440 2159009
5.387289 2160081
5.389139 2161153
5.390988 2162225
5.392838 2163297
5.394688 2164369
5.396537 2165441
5.398387 2166513
5.400236 2167585
5.402086 2168657
5.403936 2169729
5.405785 2170801
5.407635 2171873
5.409484 2172945
5.411334 2174017
5.413184 2175089
5.415033 2176161
5.416883 2177233
5.418732 2178305
5.420582 2179377
5.422432 2180449
5.424281 2181521
5.426131 2182593
5.427980 2183665
5.429830 2184737
5.431680 2185809
5.433529 2186881
5.435379 2187953
5.437228 2189025
5.439078 2190097
5.440928 2191169
5.442777 2192241
5.444627 2193313
5.446476 2194385
5.448326 2195457
5.450176 2196529
5.452025 2197601
5.453875 2198673
5.455724 2199745
5.457574 2200817
5.459424 2201889
5.461273 2202961
5.463123 2204033
5.464972 2205105
5.466822 2206177
5.468672 2207249
5.470521 2208321
5.472371 2209393
5.474220 2210465
5.476070 2211537
5.477920 2212609
5.479769 2213681
5.481619 2214753
5.483468 2215825
5.485318 2216897
5.487168 2217969
5.489017 2219041
5.490867 2219577
5.491792 2219577
5.492716 2219577
5.493641 2219577
5.494566 2219577
5.495491 2219577
5.496416 2219577
5.497340 2219577
5.498265 2219577
5.499190 2219577
5.500115 2219577
5.501040 2219577
5.501964 2219577
5.502889 2219577
5.503814 2219577
5.504739 2219577
5.505664 2219577
5.506588 2219577
5.507513 2219577
5.508438 2219577
5.509363 2219577
5.510288 2231369
5.522204 2232441
5.534121 2233513
5.545113 2234585
5.546963 2235657
5.557030 2236729
5.558880 2237801
5.560729 2238873
5.568947 2239945
5.570796 2241017
5.572646 2242089
5.574496 2243161
5.579939 2244233
5.581788 2245305
5.583638 2246377
5.585488 2247449
5.587337 2248521
5.589187 2249593
5.591856 2250665
5.593705 2251737
5.595555 2252809
5.597404 2253881
5.599254 2254953
5.601104 2256025
5.603772 2257097
5.605622 2258169
5.607472 2259241
5.609321 2260313
5.611171 2261385
5.613020 2262457
5.614870 2263529
5.616720 2264601
5.618569 2265673
5.620419 2266745
5.622268 2267817
5.624118 2268889
5.625968 2269961
5.627817 2271033
5.629667 2272105
5.631516 2273177
5.633366 2274249
5.635216 2275321
5.637065 2276393
5.638915 2277465
5.640764 2278537
5.642614 2279609
5.644464 2280681
5.646313 2281753
5.648163 2282825
5.650012 2283897
5.651862 2284969
5.653712 2286041
5.655561 2287113
5.657411 2288185
5.659260 2289257
5.661110 2290329
5.662960 2291401
5.664809 2292473
5.666659 2293545
5.668508 2294617
5.670358 2295689
5.672208 2296761
5.674057 2297833
5.675907 2298905
5.677756 2299977
5.679606 2301049
5.681456 2302121
5.683305 2303193
5.685155 2304265
5.687004 2305337
5.688854 2306409
5.690704 2307481
5.692553 2308553
5.694403 2309625
5.696252 2310697
5.698102 2311769
5.699952 2312841
5.701801 2313913
5.703651 2314985
5.705500 2316057
5.707350 2317129
5.709200 2318201
5.711049 2319273
5.712899 2320345
5.714748 2321417
5.716598 2322489
5.718448 2323561
5.720297 2324633
5.722147 2325705
5.723996 2326777
5.725846 2327849
5.727696 2328921
5.729545 2329993
5.731395 2331065
5.733244 2332137
5.735094 2333209
5.736944 2334281
5.738793 2335353
5.740643 2336425
5.742492 2337497
5.744342 2338569
5.746192 2339641
5.748041 2340713
5.749891 2341785
5.751740 2342857
5.753590 2343929
5.755440 2345001
5.757289 2346073
5.759139 2347145
5.760988 2348217
5.762838 2349289
5.764688 2350361
5.766537 2351433
5.768387 2352505
5.770236 2353577
5.772086 2354649
5.773936 2355721
5.775785 2356793
5.777635 2357865
5.779484 2358937
5.781334 2360009
5.783184 2361081
5.785033 2362153
5.786883 2363225
5.788732 2364297
5.790582 2365369
5.792432 2366441
5.794281 2367513
5.796131 2368585
5.797980 2369657
5.799830 2370729
5.801680 2371801
5.803529 2372873
5.805379 2373945
5.807228 2375017
5.809078 2376089
5.810928 2377161
5.812777 2378233
5.814627 2379305
5.816476 2380377
5.818326 2381449
5.820176 2382521
5.822025 2383593
5.823875 2384665
5.825724 2385737
5.827574 2386809
5.829424 2387881
5.831273 2388953
5.833123 2390025
5.834972 2391097
5.836822 2392169
5.838672 2393241
5.840521 2394313
5.842371 2395385
5.844220 2396457
5.846070 2397529
5.847920 2398601
5.849769 2399673
5.851619 2400745
5.853468 2401817
5.855318 2402889
5.857168 2403961
5.859017 2405033
5.860867 2406105
5.862716 2407177
5.864566 2408249
5.866416 2409321
5.868265 2410393
5.870115 2411465
5.871964 2412537
5.873814 2413609
5.875664 2414681
5.877513 2415753
5.879363 2416825
5.881212 2417897
5.883062 2418969
5.884912 2420041
5.886761 2421113
5.888611 2422185
5.890460 2423257
5.892310 2424329
5.894160 2425401
5.896009 2426473
5.897859 2427545
5.899708 2428617
5.901558 2429689
5.903408 2430761
5.905257 2431833
5.907107 2432905
5.908956 2433977
5.910806 2435049
5.912656 2436121
5.914505 2437193
5.916355 2438265
5.918204 2438801
5.919129 2438801
5.920054 2438801
5.920979 2438801
5.921904 2438801
5.922828 2438801
5.923753 2438801
5.924678 2438801
5.925603 2438801
5.926528 2438801
5.927452 2438801
5.928377 2438801
5.929302 2438801
5.930227 2438801
5.931152 2438801
5.932076 2438801
5.933001 2438801
5.933926 2438801
5.934851 2438801
5.935776 2438801
5.936700 2438801
5.937625 2450593
5.949542 2451665
5.961459 2452737
5.972451 2453809
5.974300 2454881
5.984368 2455953
5.986217 2457025
5.988067 2458097
5.996284 2459169
5.998134 2460241
5.999984 2461313
6.001833 2462385
6.007276 2463457
6.009126 2464529
6.010976 2465601
6.012825 2466673
6.014675 2467745
6.016524 2468817
6.019193 2469889
6.021043 2470961
6.022892 2472033
6.024742 2473105
6.026592 2474177
6.028441 2475249
6.031110 2476321
6.032960 2477393
6.034809 2478465
6.036659 2479537
6.038508 2480609
6.040358 2481681
6.042208 2482753
6.044057 2483825
6.045907 2484897
6.047756 2485969
6.049606 2487041
6.051456 2488113
6.053305 2489185
6.055155 2490257
6.057004 2491329
6.058854 2492401
6.060704 2493473
6.062553 2494545
6.064403 2495617
6.066252 2496689
6.068102 2497761
6.069952 2498833
6.071801 2499905
6.073651 2500977
6.075500 2502049
6.077350 2503121
6.079200 2504193
6.081049 2505265
6.082899 2506337
6.084748 2507409
6.086598 2508481
6.088448 2509553
6.090297 2510625
6.092147 2511697
6.093996 2512769
6.095846 2513841
6.097696 2514913
6.099545 2515985
6.101395 2517057
6.103244 2518129
6.105094 2519201
6.106944 2520273
6.108793 2521345
6.110643 2522417
6.112492 2523489
6.114342 2524561
6.116192 2525633
6.118041 2526705
6.119891 2527777
6.121740 2528849
6.123590 2529921
6.125440 2530993
6.127289 2532065
6.129139 2533137
6.130988 2534209
6.132838 2535281
6.134688 2536353
6.136537 2537425
6.138387 2538497
6.140236 2539569
6.142086 2540641
6.143936 2541713
6.145785 2542785
6.147635 2543857
6.149484 2544929
6.151334 2546001
6.153184 2547073
6.155033 2548145
6.156883 2549217
6.158732 2550289
6.160582 2551361
6.162432 2552433
6.164281 2553505
6.166131 2554577
6.167980 2555649
6.169830 2556721
6.171680 2557793
6.173529 2558865
6.175379 2559937
6.177228 2561009
6.179078 2562081
6.180928 2563153
6.182777 2564225
6.184627 2565297
6.186476 2566369
6.188326 2567441
6.190176 2568513
6.192025 2569585
6.193875 2570657
6.195724 2571729
6.197574 2572801
6.199424 2573873
6.201273 2574945
6.203123 2576017
6.204972 2577089
6.206822 2578161
6.208672 2579233
6.210521 2580305
6.212371 2581377
6.214220 2582449
6.216070 2583521
6.217920 2584593
6.219769 2585665
6.221619 2586737
6.223468 2587809
6.225318 2588881
6.227168 2589953
6.229017 2591025
6.230867 2592097
6.232716 2593169
6.234566 2594241
6.236416 2595313
6.238265 2596385
6.240115 2597457
6.241964 2598529
6.243814 2599601
6.245664 2600673
6.247513 2601745
6.249363 2602817
6.251212 2603889
6.253062 2604961
6.254912 2606033
6.256761 2607105
6.258611 2608177
6.260460 2609249
6.262310 2610321
6.264160 2611393
6.266009 2612465
6.267859 2613537
6.269708 2614609
6.271558 2615681
6.273408 2616753
6.275257 2617825
6.277107 2618897
6.278956 2619969
6.280806 2621041
6.282656 2622113
6.284505 2623185
6.286355 2624257
6.288204 2625329
6.290054 2626401
6.291904 2627473
6.293753 2628545
6.295603 2629617
6.297452 2630689
6.299302 2631761
6.301152 2632833
6.303001 2633905
6.304851 2634977
6.306700 2636049
6.308550 2637121
6.310400 2638193
6.312249 2639265
6.314099 2640337
6.315948 2641409
6.317798 2642481
6.319648 2643553
6.321497 2644625
6.323347 2645697
6.325196 2646769
6.327046 2647841
6.328896 2648913
6.330745 2649985
6.332595 2651057
6.334444 2652129
6.336294 2653201
6.338144 2654273
6.339993 2655345
6.341843 2656417
6.343692 2657489
6.345542 2658025
6.346467 2658025
6.347392 2658025
6.348316 2658025
6.349241 2658025
6.350166 2658025
6.351091 2658025
6.352016 2658025
6.352940 2658025
6.353865 2658025
6.354790 2658025
6.355715 2658025
6.356640 2658025
6.357564 2658025
6.358489 2658025
6.359414 2658025
6.360339 2658025
6.361264 2658025
6.362188 2658025
6.363113 2658025
6.364038 2658025
6.364963 2669817
6.376880 2670889
6.388796 2671961
6.399788 2673033
6.401638 2674105
6.411705 2675177
6.413555 2676249
6.415404 2677321
6.423622 2678393
6.425472 2679465
6.427321 2680537
6.429171 2681609
6.434614 2682681
6.436464 2683753
6.438313 2684825
6.440163 2685897
6.442012 2686969
6.443862 2688041
6.446531 2689113
6.448380 2690185
6.450230 2691257
6.452080 2692329
6.453929 2693401
6.455779 2694473
6.458448 2695545
6.460297 2696617
6.462147 2697689
6.463996 2698761
6.465846 2699833
6.467696 2700905
6.469545 2701977
6.471395 2703049
6.473244 2704121
6.475094 2705193
6.476944 2706265
6.478793 2707337
6.480643 2708409
6.482492 2709481
6.484342 2710553
6.486192 2711625
6.488041 2712697
6.489891 2713769
6.491740 2714841
6.493590 2715913
6.495440 2716985
6.497289 2718057
6.499139 2719129
6.500988 2720201
6.502838 2721273
6.504688 2722345
6.506537 2723417
6.508387 2724489
6.510236 2725561
6.512086 2726633
6.513936 2727705
6.515785 2728777
6.517635 2729849
6.519484 2730921
6.521334 2731993
6.523184 2733065
6.525033 2734137
6.526883 2735209
6.528732 2736281
6.530582 2737353
6.532432 2738425
6.534281 2739497
6.536131 2740569
6.537980 2741641
6.539830 2742713
6.541680 2743785
6.543529 2744857
6.545379 2745929
6.547228 2747001
6.549078 2748073
6.550928 2749145
6.552777 2750217
6.554627 2751289
6.556476 2752361
6.558326 2753433
6.560176 2754505
6.562025 2755577
6.563875 2756649
6.565724 2757721
6.567574 2758793
6.569424 2759865
6.571273 2760937
6.573123 2762009
6.574972 2763081
6.576822 2764153
6.578672 2765225
6.580521 2766297
6.582371 2767369
6.584220 2768441
6.586070 2769513
6.587920 2770585
6.589769 2771657
6.591619 2772729
6.593468 2773801
6.595318 2774873
6.597168 2775945
6.599017 2777017
6.600867 2778089
6.602716 2779161
6.604566 2780233
6.606416 2781305
6.608265 2782377
6.610115 2783449
6.611964 2784521
6.613814 2785593
6.615664 2786665
6.617513 2787737
6.619363 2788809
6.621212 2789881
6.623062 2790953
6.624912 2792025
6.626761 2793097
6.628611 2794169
6.630460 2795241
6.632310 2796313
6.634160 2797385
6.636009 2798457
6.637859 2799529
6.639708 2800601
6.641558 2801673
6.643408 2802745
6.645257 2803817
6.647107 2804889
6.648956 2805961
6.650806 2807033
6.652656 2808105
6.654505 2809177
6.656355 2810249
6.658204 2811321
6.660054 2812393
6.661904 2813465
6.663753 2814537
6.665603 2815609
6.667452 2816681
6.669302 2817753
6.671152 2818825
6.673001 2819897
6.674851 2820969
6.676700 2822041
6.678550 2823113
6.680400 2824185
6.682249 2825257
6.684099 2826329
6.685948 2827401
6.687798 2828473
6.689648 2829545
6.691497 2830617
6.693347 2831689
6.695196 2832761
6.697046 2833833
6.698896 2834905
6.700745 2835977
6.702595 2837049
6.704444 2838121
6.706294 2839193
6.708144 2840265
6.709993 2841337
6.711843 2842409
6.713692 2843481
6.715542 2844553
6.717392 2845625
6.719241 2846697
6.721091 2847769
6.722940 2848841
6.724790 2849913
6.726640 2850985
6.728489 2852057
6.730339 2853129
6.732188 2854201
6.734038 2855273
6.735888 2856345
6.737737 2857417
6.739587 2858489
6.741436 2859561
6.743286 2860633
6.745136 2861705
6.746985 2862777
6.748835 2863849
6.750684 2864921
6.752534 2865993
6.754384 2867065
6.756233 2868137
6.758083 2869209
6.759932 2870281
6.761782 2871353
6.763632 2872425
6.765481 2873497
6.767331 2874569
6.769180 2875641
6.771030 2876713
6.772880 2877249
6.773804 2877249
6.774729 2877249
6.775654 2877249
6.776579 2877249
6.777504 2877249
6.778428 2877249
6.779353 2877249
6.780278 2877249
6.781203 2877249
6.782128 2877249
6.783052 2877249
6.783977 2877249
6.784902 2877249
6.785827 2877249
6.786752 2877249
6.787676 2877249
6.788601 2877249
6.789526 2877249
6.790451 2877249
6.791376 2877249
6.792300 2889041
6.804217 2890113
6.816134 2891185
6.827126 2892257
6.828976 2893329
6.839043 2894401
6.840892 2895473
6.842742 2896545
6.850960 2897617
6.852809 2898689
6.854659 2899761
6.856508 2900833
6.861952 2901905
6.863801 2902977
6.865651 2904049
6.867500 2905121
6.869350 2906193
6.871200 2907265
6.873868 2908337
6.875718 2909409
6.877568 2910481
6.879417 2911553
6.881267 2912625
6.883116 2913697
6.885785 2914769
6.887635 2915841
6.889484 2916913
6.891334 2917985
6.893184 2919057
6.895033 2920129
6.896883 2921201
6.898732 2922273
6.900582 2923345
6.902432 2924417
6.904281 2925489
6.906131 2926561
6.907980 2927633
6.909830 2928705
6.911680 2929777
6.913529 2930849
6.915379 2931921
6.917228 2932993
6.919078 2934065
6.920928 2935137
6.922777 2936209
6.924627 2937281
6.926476 2938353
6.928326 2939425
6.930176 2940497
6.932025 2941569
6.933875 2942641
6.935724 2943713
6.937574 2944785
6.939424 2945857
6.941273 2946929
6.943123 2948001
6.944972 2949073
6.946822 2950145
6.948672 2951217
6.950521 2952289
6.952371 2953361
6.954220 2954433
6.956070 2955505
6.957920 2956577
6.959769 2957649
6.961619 2958721
6.963468 2959793
6.965318 2960865
6.967168 2961937
6.969017 2963009
6.970867 2964081
6.972716 2965153
6.974566 2966225
6.976416 2967297
6.978265 2968369
6.980115 2969441
6.981964 2970513
6.983814 2971585
6.985664 2972657
6.987513 2973729
6.989363 2974801
6.991212 2975873
6.993062 2976945
6.994912 2978017
6.996761 2979089
6.998611 2980161
7.000460 2981233
7.002310 2982305
7.004160 2983377
7.006009 2984449
7.007859 2985521
7.009708 2986593
7.011558 2987665
7.013408 2988737
7.015257 2989809
7.017107 2990881
7.018956 2991953
7.020806 2993025
7.022656 2994097
7.024505 2995169
7.026355 2996241
7.028204 2997313
7.030054 2998385
7.031904 2999457
7.033753 3000529
7.035603 3001601
7.037452 3002673
7.039302 3003745
7.041152 3004817
7.043001 3005889
7.044851 3006961
7.046700 3008033
7.048550 3009105
7.050400 3010177
7.052249 3011249
7.054099 3012321
7.055948 3013393
7.057798 3014465
7.059648 3015537
7.061497 3016609
7.063347 3017681
7.065196 3018753
7.067046 3019825
7.068896 3020897
7.070745 3021969
7.072595 3023041
7.074444 3024113
7.076294 3025185
7.078144 3026257
7.079993 3027329
7.081843 3028401
7.083692 3029473
7.085542 3030545
7.087392 3031617
7.089241 3032689
7.091091 3033761
7.092940 3034833
7.094790 3035905
7.096640 3036977
7.098489 3038049
7.100339 3039121
7.102188 3040193
7.104038 3041265
7.105888 3042337
7.107737 3043409
7.109587 3044481
7.111436 3045553
7.113286 3046625
7.115136 3047697
7.116985 3048769
7.118835 3049841
7.120684 3050913
7.122534 3051985
7.124384 3053057
7.126233 3054129
7.128083 3055201
7.129932 3056273
7.131782 3057345
7.133632 3058417
7.135481 3059489
7.137331 3060561
7.139180 3061633
7.141030 3062705
7.142880 3063777
7.144729 3064849
7.146579 3065921
7.148428 3066993
7.150278 3068065
7.152128 3069137
7.153977 3070209
7.155827 3071281
7.157676 3072353
7.159526 3073425
7.161376 3074497
7.163225 3075569
7.165075 3076641
7.166924 3077713
7.168774 3078785
7.170624 3079857
7.172473 3080929
7.174323 3082001
7.176172 3083073
7.178022 3084145
7.179872 3085217
7.181721 3086289
7.183571 3087361
7.185420 3088433
7.187270 3089505
7.189120 3090577
7.190969 3091649
7.192819 3092721
7.194668 3093793
7.196518 3094865
7.198368 3095937
7.200217 3096473
7.201142 3096473
7.202067 3096473
7.202992 3096473
7.203916 3096473
7.204841 3096473
7.205766 3096473
7.206691 3096473
7.207616 3096473
7.208540 3096473
7.209465 3096473
7.210390 3096473
7.211315 3096473
7.212240 3096473
7.213164 3096473
7.214089 3096473
7.215014 3096473
7.215939 3096473
7.216864 3096473
7.217788 3096473
7.218713 3096473
7.219638 3108265
7.231555 3109337
7.243472 3110409
7.254464 3111481
7.256313 3112553
7.266380 3113625
7.268230 3114697
7.270080 3115769
7.278297 3116841
7.280147 3117913
7.281996 3118985
7.283846 3120057
7.289289 3121129
7.291139 3122201
7.292988 3123273
7.294838 3124345
7.296688 3125417
7.298537 3126489
7.301206 3127561
7.303056 3128633
7.304905 3129705
7.306755 3130777
7.308604 3131849
7.310454 3132921
7.313123 3133993
7.314972 3135065
7.316822 3136137
7.318672 3137209
7.320521 3138281
7.322371 3139353
7.324220 3140425
7.326070 3141497
7.327920 3142569
7.329769 3143641
7.331619 3144713
7.333468 3145785
7.335318 3146857
7.337168 3147929
7.339017 3149001
7.340867 3150073
7.342716 3151145
7.344566 3152217
7.346416 3153289
7.348265 3154361
7.350115 3155433
7.351964 3156505
7.353814 3157577
7.355664 3158649
7.357513 3159721
7.359363 3160793
7.361212 3161865
7.363062 3162937
7.364912 3164009
7.366761 3165081
7.368611 3166153
7.370460 3167225
7.372310 3168297
7.374160 3169369
7.376009 3170441
7.377859 3171513
7.379708 3172585
7.381558 3173657
7.383408 3174729
7.385257 3175801
7.387107 3176873
7.388956 3177945
7.390806 3179017
7.392656 3180089
7.394505 3181161
7.396355 3182233
7.398204 3183305
7.400054 3184377
7.401904 3185449
7.403753 3186521
7.405603 3187593
7.407452 3188665
7.409302 3189737
7.411152 3190809
7.413001 3191881
7.414851 3192953
7.416700 3194025
7.418550 3195097
7.420400 3196169
7.422249 3197241
7.424099 3198313
7.425948 3199385
7.427798 3200457
7.429648 3201529
7.431497 3202601
7.433347 3203673
7.435196 3204745
7.437046 3205817
7.438896 3206889
7.440745 3207961
7.442595 3209033
7.444444 3210105
7.446294 3211177
7.448144 3212249
7.449993 3213321
7.451843 3214393
7.453692 3215465
7.455542 3216537
7.457392 3217609
7.459241 3218681
7.461091 3219753
7.462940 3220825
7.464790 3221897
7.466640 3222969
7.468489 3224041
7.470339 3225113
7.472188 3226185
7.474038 3227257
7.475888 3228329
7.477737 3229401
7.479587 3230473
7.481436 3231545
7.483286 3232617
7.485136 3233689
7.486985 3234761
7.488835 3235833
7.490684 3236905
7.492534 3237977
7.494384 3239049
7.496233 3240121
7.498083 3241193
7.499932 3242265
7.501782 3243337
7.503632 3244409
7.505481 3245481
7.507331 3246553
7.509180 3247625
7.511030 3248697
7.512880 3249769
7.514729 3250841
7.516579 3251913
7.518428 3252985
7.520278 3254057
7.522128 3255129
7.523977 3256201
7.525827 3257273
7.527676 3258345
7.529526 3259417
7.531376 3260489
7.533225 3261561
7.535075 3262633
7.536924 3263705
7.538774 3264777
7.540624 3265849
7.542473 3266921
7.544323 3267993
7.546172 3269065
7.548022 3270137
7.549872 3271209
7.551721 3272281
7.553571 3273353
7.555420 3274425
7.557270 3275497
7.559120 3276569
7.560969 3277641
7.562819 3278713
7.564668 3279785
7.566518 3280857
7.568368 3281929
7.570217 3283001
7.572067 3284073
7.573916 3285145
7.575766 3286217
7.577616 3287289
7.579465 3288361
7.581315 3289433
7.583164 3290505
7.585014 3291577
7.586864 3292649
7.588713 3293721
7.590563 3294793
7.592412 3295865
7.594262 3296937
7.596112 3298009
7.597961 3299081
7.599811 3300153
7.601660 3301225
7.603510 3302297
7.605360 3303369
7.607209 3304441
7.609059 3305513
7.610908 3306585
7.612758 3307657
7.614608 3308729
7.616457 3309801
7.618307 3310873
7.620156 3311945
7.622006 3313017
7.623856 3314089
7.625705 3315161
7.627555 3315697
7.628480 3315697
7.629404 3315697
7.630329 3315697
7.631254 3315697
7.632179 3315697
7.633104 3315697
7.634028 3315697
7.634953 3315697
7.635878 3315697
7.636803 3315697
7.637728 3315697
7.638652 3315697
7.639577 3315697
7.640502 3315697
7.641427 3315697
7.642352 3315697
7.643276 3315697
7.644201 3315697
7.645126 3315697
7.646051 3315697
7.646976 3327489
7.658892 3328561
7.670809 3329633
7.681801 3330705
7.683651 3331777
7.693718 3332849
7.695568 3333921
7.697417 3334993
7.705635 3336065
7.707484 3337137
7.709334 3338209
7.711184 3339281
7.716627 3340353
7.718476 3341425
7.720326 3342497
7.722176 3343569
7.724025 3344641
7.725875 3345713
7.728544 3346785
7.730393 3347857
7.732243 3348929
7.734092 3350001
7.735942 3351073
7.737792 3352145
7.740460 3353217
7.742310 3354289
7.744160 3355361
7.746009 3356433
7.747859 3357505
7.749708 3358577
7.751558 3359649
7.753408 3360721
7.755257 3361793
7.757107 3362865
7.758956 3363937
7.760806 3365009
7.762656 3366081
7.764505 3367153
7.766355 3368225
7.768204 3369297
7.770054 3370369
7.771904 3371441
7.773753 3372513
7.775603 3373585
7.777452 3374657
7.779302 3375729
7.781152 3376801
7.783001 3377873
7.784851 3378945
7.786700 3380017
7.788550 3381089
7.790400 3382161
7.792249 3383233
7.794099 3384305
7.795948 3385377
7.797798 3386449
7.799648 3387521
7.801497 3388593
7.803347 3389665
7.805196 3390737
7.807046 3391809
7.808896 3392881
7.810745 3393953
7.812595 3395025
7.814444 3396097
7.816294 3397169
7.818144 3398241
7.819993 3399313
7.821843 3400385
7.823692 3401457
7.825542 3402529
7.827392 3403601
7.829241 3404673
7.831091 3405745
7.832940 3406817
7.834790 3407889
7.836640 3408961
7.838489 3410033
7.840339 3411105
7.842188 3412177
7.844038 3413249
7.845888 3414321
7.847737 3415393
7.849587 3416465
7.851436 3417537
7.853286 3418609
7.855136 3419681
7.856985 3420753
7.858835 3421825
7.860684 3422897
7.862534 3423969
7.864384 3425041
7.866233 3426113
7.868083 3427185
7.869932 3428257
7.871782 3429329
7.873632 3430401
7.875481 3431473
7.877331 3432545
7.879180 3433617
7.881030 3434689
7.882880 3435761
7.884729 3436833
7.886579 3437905
7.888428 3438977
7.890278 3440049
7.892128 3441121
7.893977 3442193
7.895827 3443265
7.897676 3444337
7.899526 3445409
7.901376 3446481
7.903225 3447553
7.905075 3448625
7.906924 3449697
7.908774 3450769
7.910624 3451841
7.912473 3452913
7.914323 3453985
7.916172 3455057
7.918022 3456129
7.919872 3457201
7.921721 3458273
7.923571 3459345
7.925420 3460417
7.927270 3461489
7.929120 3462561
7.930969 3463633
7.932819 3464705
7.934668 3465777
7.936518 3466849
7.938368 3467921
7.940217 3468993
7.942067 3470065
7.943916 3471137
7.945766 3472209
7.947616 3473281
7.949465 3474353
7.951315 3475425
7.953164 3476497
7.955014 3477569
7.956864 3478641
7.958713 3479713
7.960563 3480785
7.962412 3481857
7.964262 3482929
7.966112 3484001
7.967961 3485073
7.969811 3486145
7.971660 3487217
7.973510 3488289
7.975360 3489361
7.977209 3490433
7.979059 3491505
7.980908 3492577
7.982758 3493649
7.984608 3494721
7.986457 3495793
7.988307 3496865
7.990156 3497937
7.992006 3499009
7.993856 3500081
7.995705 3501153
7.997555 3502225
7.999404 3503297
8.001254 3504369
8.003104 3505441
8.004953 3506513
8.006803 3507585
8.008652 3508657
8.010502 3509729
8.012352 3510801
8.014201 3511873
8.016051 3512945
8.017900 3514017
8.019750 3515089
8.021600 3516161
8.023449 3517233
8.025299 3518305
8.027148 3519377
8.028998 3520449
8.030848 3521521
8.032697 3522593
8.034547 3523665
8.036396 3524737
8.038246 3525809
8.040096 3526881
8.041945 3527953
8.043795 3529025
8.045644 3530097
8.047494 3531169
8.049344 3532241
8.051193 3533313
8.053043 3534385
8.054892 3534921
8.055817 3534921
8.056742 3534921
8.057667 3534921
8.058592 3534921
8.059516 3534921
8.060441 3534921
8.061366 3534921
8.062291 3534921
8.063216 3534921
8.064140 3534921
8.065065 3534921
8.065990 3534921
8.066915 3534921
8.067840 3534921
8.068764 3534921
8.069689 3534921
8.070614 3534921
8.071539 3534921
8.072464 3534921
8.073388 3534921
8.074313 3546713
8.086230 3547785
8.098147 3548857
8.109139 3549929
8.110988 3551001
8.121056 3552073
8.122905 3553145
8.124755 3554217
8.132972 3555289
8.134822 3556361
8.136672 3557433
8.138521 3558505
8.143964 3559577
8.145814 3560649
8.147664 3561721
8.149513 3562793
8.151363 3563865
8.153212 3564937
8.155881 3566009
8.157731 3567081
8.159580 3568153
8.161430 3569225
8.163280 3570297
8.165129 3571369
8.167798 3572441
8.169648 3573513
8.171497 3574585
8.173347 3575657
8.175196 3576729
8.177046 3577801
8.178896 3578873
8.180745 3579945
8.182595 3581017
8.184444 3582089
8.186294 3583161
8.188144 3584233
8.189993 3585305
8.191843 3586377
8.193692 3587449
8.195542 3588521
8.197392 3589593
8.199241 3590665
8.201091 3591737
8.202940 3592809
8.204790 3593881
8.206640 3594953
8.208489 3596025
8.210339 3597097
8.212188 3598169
8.214038 3598169
8.214963 3598169
8.215888 3598169
8.216812 3598169
8.217737 3598169
8.218662 3598169
8.219587 3598169
8.220512 3598169
8.221436 3598169
8.222361 3598169
8.223286 3598169
8.224211 3598169
8.225136 3598169
8.226880 3605673
8.238796 3606745
8.250713 3607817
8.261705 3608889
8.263555 3609961
8.273622 3611033
8.275472 3612105
8.277321 3613177
8.285539 3614249
8.287388 3615321
8.289238 3616393
8.291088 3617465
8.297456 3618537
8.299305 3619609
8.301155 3620681
8.303004 3621753
8.309372 3622825
8.311222 3623897
8.313072 3624969
8.314921 3626041
8.320364 3627113
8.322214 3628185
8.324064 3629257
8.325913 3630329
8.331356 3631401
8.333206 3632473
8.335056 3633545
8.336905 3634617
8.342348 3635689
8.344198 3636761
8.346048 3637833
8.347897 3638905
8.349747 3639977
8.354265 3641049
8.356115 3642121
8.357964 3643193
8.359814 3644265
8.361664 3645337
8.366182 3646409
8.368032 3647481
8.369881 3648553
8.371731 3649625
8.373580 3650697
8.377174 3651769
8.379024 3652841
8.380873 3653913
8.382723 3654985
8.384572 3656057
8.388166 3657129
8.390016 3658201
8.391865 3659273
8.393715 3660345
8.395564 3661417
8.397414 3662489
8.400083 3663561
8.401932 3664633
8.403782 3665705
8.405632 3666777
8.407481 3667849
8.409331 3668921
8.412000 3669993
8.413849 3671065
8.415699 3672137
8.417548 3673209
8.419398 3674281
8.421248 3675353
8.423097 3676425
8.424947 3677497
8.426796 3678569
8.428646 3679641
8.430496 3680713
8.432345 3681785
8.434195 3682857
8.436044 3683929
8.437894 3685001
8.439744 3686073
8.441593 3687145
8.443443 3688217
8.445292 3689289
8.447142 3690361
8.448992 3691433
8.450841 3692505
8.452691 3693577
8.454540 3694649
8.456390 3695721
8.458240 3696793
8.460089 3697865
8.461939 3698937
8.463788 3700009
8.465638 3701081
8.467488 3702153
8.469337 3703225
8.471187 3704297
8.473036 3705369
8.474886 3706441
8.476736 3707513
8.478585 3708585
8.480435 3709657
8.482284 3710729
8.484134 3711801
8.485984 3712873
8.487833 3713945
8.489683 3715017
8.491532 3716089
8.493382 3717161
8.495232 3718233
8.497081 3719305
8.498931 3720377
8.500780 3721449
8.502630 3722521
8.504480 3723593
8.506329 3724665
8.508179 3725737
8.510028 3726809
8.511878 3727881
8.513728 3728953
8.515577 3730025
8.517427 3731097
8.519276 3732169
8.521126 3733241
8.522976 3734313
8.524825 3735385
8.526675 3736457
8.528524 3737529
8.530374 3738601
8.532224 3739673
8.534073 3740745
8.535923 3741817
8.537772 3742889
8.539622 3743961
8.541472 3745033
8.543321 3746105
8.545171 3747177
8.547020 3748249
8.548870 3749321
8.550720 3750393
8.552569 3751465
8.554419 3752537
8.556268 3753609
8.558118 3754681
8.559968 3755753
8.561817 3756825
8.563667 3757897
8.565516 3758969
8.567366 3760041
8.569216 3761113
8.571065 3762185
8.572915 3763257
8.574764 3764329
8.576614 3765401
8.578464 3766473
8.580313 3767545
8.582163 3768617
8.584012 3769689
8.585862 3770761
8.587712 3771833
8.589561 3772905
8.591411 3773977
8.593260 3775049
8.595110 3776121
8.596960 3777193
8.598809 3778265
8.600659 3779337
8.602508 3780409
8.604358 3781481
8.606208 3782553
8.608057 3783625
8.609907 3784697
8.611756 3785769
8.613606 3786841
8.615456 3787913
8.617305 3788985
8.619155 3790057
8.621004 3791129
8.622854 3792201
8.624704 3793273
8.626553 3794345
8.628403 3795417
8.630252 3796489
8.632102 3797561
8.633952 3798633
8.635801 3799705
8.637651 3800777
8.639500 3801849
8.641350 3802921
8.643200 3803993
8.645049 3805065
8.646899 3806137
8.648748 3807209
8.650598 3808281
8.652448 3809353
8.654297 3810425
8.656147 3811497
8.657996 3812569
8.659846 3813641
8.661696 3814713
8.663545 3815785
8.665395 3816857
8.667244 3817929
8.669094 3819001
8.670944 3820073
8.672793 3821145
8.674643 3822217
8.676492 3823289
8.678342 3824361
8.680192 3825433
8.682041 3826505
8.683891 3827577
8.685740 3828649
8.687590 3829721
8.689440 3830793
8.691289 3831865
8.693139 3832937
8.694988 3834009
8.696838 3835081
8.698688 3836153
8.700537 3837225
8.702387 3838297
8.704236 3839369
8.706086 3840441
8.707936 3841513
8.709785 3842585
8.711635 3843657
8.713484 3844729
8.715334 3845801
8.717184 3846873
8.719033 3847945
8.720883 3849017
8.722732 3850089
8.724582 3851161
8.726432 3851697
8.727356 3851697
8.728281 3851697
8.729206 3851697
8.730131 3851697
8.731056 3851697
8.731980 3851697
8.732905 3851697
8.733830 3851697
8.734755 3851697
8.735680 3851697
8.736604 3851697
8.737529 3851697
8.738454 3851697
8.739379 3851697
8.740304 3851697
8.741228 3851697
8.742153 3851697
8.743078 3851697
8.744003 3851697
8.744928 3851697
8.745852 3863489
8.757769 3864561
8.769686 3865633
8.780678 3866705
8.782528 3867777
8.792595 3868849
8.794444 3869921
8.796294 3870993
8.804512 3872065
8.806361 3873137
8.808211 3874209
8.810060 3875281
8.815504 3876353
8.817353 3877425
8.819203 3878497
8.821052 3879569
8.822902 3880641
8.824752 3881713
8.827420 3882785
8.829270 3883857
8.831120 3884929
8.832969 3886001
8.834819 3887073
8.836668 3888145
8.839337 3889217
8.841187 3890289
8.843036 3891361
8.844886 3892433
8.846736 3893505
8.848585 3894577
8.850435 3895649
8.852284 3896721
8.854134 3897793
8.855984 3898865
8.857833 3899937
8.859683 3901009
8.861532 3902081
8.863382 3903153
8.865232 3904225
8.867081 3905297
8.868931 3906369
8.870780 3907441
8.872630 3908513
8.874480 3909585
8.876329 3910657
8.878179 3911729
8.880028 3912801
8.881878 3913873
8.883728 3914945
8.885577 3916017
8.887427 3917089
8.889276 3918161
8.891126 3919233
8.892976 3920305
8.894825 3921377
8.896675 3922449
8.898524 3923521
8.901299 3924057
8.902224 3924057
8.903148 3924057
8.904073 3924057
8.904998 3924057
8.905923 3924057
8.906848 3924057
8.907772 3924057
8.908697 3924057
8.909622 3924057
8.910547 3924057
8.911472 3924057
8.912396 3924057
8.913321 3924057
8.915065 3932097
8.926982 3933169
8.938899 3934241
8.949891 3935313
8.951740 3936385
8.961808 3937457
8.963657 3938529
8.965507 3939601
8.973724 3940673
8.975574 3941745
8.977424 3942817
8.979273 3943889
8.985641 3944961
8.987491 3946033
8.989340 3947105
8.991190 3948177
8.997558 3949249
8.999408 3950321
9.001257 3951393
9.003107 3952465
9.008550 3953537
9.010400 3954609
9.012249 3955681
9.014099 3956753
9.019542 3957825
9.021392 3958897
9.023241 3959969
9.025091 3961041
9.030534 3962113
9.032384 3963185
9.034233 3964257
9.036083 3965329
9.037932 3966401
9.042451 3967473
9.044300 3968545
9.046150 3969617
9.048000 3970689
9.049849 3971761
9.054368 3972833
9.056217 3973905
9.058067 3974977
9.059916 3976049
9.061766 3977121
9.065360 3978193
9.067209 3979265
9.069059 3980337
9.070908 3981409
9.072758 3982481
9.076352 3983553
9.078201 3984625
9.080051 3985697
9.081900 3986769
9.083750 3987841
9.085600 3988913
9.088268 3989985
9.090118 3991057
9.091968 3992129
9.093817 3993201
9.095667 3994273
9.097516 3995345
9.100185 3996417
9.102035 3997489
9.103884 3998561
9.105734 3999633
9.107584 4000705
9.109433 4001777
9.111283 4002849
9.113132 4003921
9.114982 4004993
9.116832 4006065
9.118681 4007137
9.120531 4008209
9.122380 4009281
9.124230 4010353
9.126080 4011425
9.127929 4012497
9.129779 4013569
9.131628 4014641
9.133478 4015713
9.135328 4016785
9.137177 4017857
9.139027 4018929
9.140876 4020001
9.142726 4021073
9.144576 4022145
9.146425 4023217
9.148275 4024289
9.150124 4025361
9.151974 4026433
9.153824 4027505
9.155673 4028577
9.157523 4029649
9.159372 4030721
9.161222 4031793
9.163072 4032865
9.164921 4033937
9.166771 4035009
9.168620 4036081
9.170470 4037153
9.172320 4038225
9.174169 4039297
9.176019 4040369
9.177868 4041441
9.179718 4042513
9.181568 4043585
9.183417 4044657
9.185267 4045729
9.187116 4046801
9.188966 4047873
9.190816 4048945
9.192665 4050017
9.194515 4051089
9.196364 4052161
9.198214 4053233
9.200064 4054305
9.201913 4055377
9.203763 4056449
9.205612 4057521
9.207462 4058593
9.209312 4059665
9.211161 4060737
9.213011 4061809
9.214860 4062881
9.216710 4063953
9.218560 4065025
9.220409 4066097
9.222259 4067169
9.224108 4068241
9.225958 4069313
9.227808 4070385
9.229657 4071457
9.231507 4072529
9.233356 4073601
9.235206 4074673
9.237056 4075745
9.238905 4076817
9.240755 4077889
9.242604 4078961
9.244454 4080033
9.246304 4081105
9.248153 4082177
9.250003 4083249
9.251852 4084321
9.253702 4085393
9.255552 4086465
9.257401 4087537
9.259251 4088609
9.261100 4089681
9.262950 4090753
9.264800 4091825
9.266649 4092897
9.268499 4093969
9.270348 4095041
9.272198 4096113
9.274048 4097185
9.275897 4098257
9.277747 4099329
9.279596 4100401
9.281446 4101473
9.283296 4102545
9.285145 4103617
9.286995 4104689
9.288844 4105761
9.290694 4106833
9.292544 4107905
9.294393 4108977
9.296243 4110049
9.298092 4111121
9.299942 4112193
9.301792 4113265
9.303641 4114337
9.305491 4115409
9.307340 4116481
9.309190 4117553
9.311040 4118625
9.312889 4119697
9.314739 4120769
9.316588 4121841
9.318438 4122913
9.320288 4123985
9.322137 4125057
9.323987 4126129
9.325836 4127201
9.327686 4128273
9.329536 4129345
9.331385 4130417
9.333235 4131489
9.335084 4132561
9.336934 4133633
9.338784 4134705
9.340633 4135777
9.342483 4136849
9.344332 4137921
9.346182 4138993
9.348032 4140065
9.349881 4141137
9.351731 4142209
9.353580 4143281
9.355430 4144353
9.357280 4145425
9.359129 4146497
9.360979 4147569
9.362828 4148641
9.364678 4149713
9.366528 4150785
9.368377 4151857
9.370227 4152929
9.372076 4154001
9.373926 4155073
9.375776 4156145
9.377625 4157217
9.379475 4158289
9.381324 4159361
9.383174 4160433
9.385024 4161505
9.386873 4162577
9.388723 4163649
9.390572 4164721
9.392422 4165793
9.394272 4166865
9.396121 4167937
9.397971 4169009
9.399820 4170081
9.401670 4171153
9.403520 4172225
9.405369 4173297
9.407219 4174369
9.409068 4175441
9.410918 4176513
9.412768 4177585
9.414617 4178121
9.415542 4178121
9.416467 4178121
9.417392 4178121
9.418316 4178121
9.419241 4178121
9.420166 4178121
9.421091 4178121
9.422016 4178121
9.422940 4178121
9.423865 4178121
9.424790 4178121
9.425715 4178121
9.426640 4178121
9.427564 4178121
9.428489 4178121
9.429414 4178121
9.430339 4178121
9.431264 4178121
9.432188 4178121
9.433113 4178121
9.434038 4189913
9.445955 4190985
9.457872 4192057
9.468864 4193129
9.470713 4194201
9.480780 4195273
9.482630 4196345
9.484480 4197417
9.492697 4198489
9.494547 4199561
9.496396 4200633
9.498246 4201705
9.503689 4202777
9.505539 4203849
9.507388 4204921
9.509238 4205993
9.511088 4207065
9.512937 4208137
9.515606 4209209
9.517456 4210281
9.519305 4211353
9.521155 4212425
9.523004 4213497
9.524854 4214569
9.527523 4215641
9.529372 4216713
9.531222 4217785
9.533072 4218857
9.534921 4219929
9.536771 4221001
9.538620 4222073
9.540470 4223145
9.542320 4224217
9.544169 4225289
9.546019 4226361
9.547868 4227433
9.549718 4228505
9.551568 4229577
9.553417 4230649
9.555267 4231721
9.557116 4232793
9.558966 4233865
9.560816 4234937
9.562665 4236009
9.564515 4237081
9.566364 4238153
9.568214 4239225
9.570064 4240297
9.571913 4241369
9.573763 4242441
9.575612 4243513
9.577462 4244585
9.579312 4245657
9.581161 4246729
9.583011 4247801
9.584860 4248873
9.586710 4249945
9.588560 4251017
9.590409 4252089
9.592259 4253161
9.594108 4254233
9.595958 4255305
9.597808 4256377
9.599657 4257449
9.601507 4258521
9.603356 4259593
9.605206 4260665
9.607056 4261737
9.608905 4262809
9.610755 4263881
9.612604 4264953
9.614454 4266025
9.616304 4267097
9.618153 4268169
9.620003 4269241
9.621852 4270313
9.623702 4271385
9.625552 4272457
9.627401 4273529
9.629251 4274601
9.631100 4275673
9.632950 4276745
9.634800 4277817
9.636649 4278889
9.638499 4279961
9.640348 4281033
9.642198 4282105
9.644048 4283177
9.645897 4284249
9.647747 4285321
9.649596 4286393
9.651446 4287465
9.653296 4288537
9.655145 4289609
9.656995 4290681
9.658844 4291753
9.660694 4292825
9.662544 4293897
9.664393 4294969
9.666243 4296041
9.668092 4297113
9.669942 4298185
9.671792 4299257
9.673641 4300329
9.675491 4301401
9.677340 4302473
9.679190 4303545
9.681040 4304617
9.682889 4305689
9.684739 4306761
9.686588 4307833
9.688438 4308905
9.690288 4309977
9.692137 4311049
9.693987 4312121
9.695836 4313193
9.697686 4314265
9.699536 4315337
9.701385 4316409
9.703235 4317481
9.705084 4318553
9.706934 4319625
9.708784 4320697
9.710633 4321769
9.712483 4322841
9.714332 4323913
9.716182 4324985
9.718032 4326057
9.719881 4327129
9.721731 4328201
9.723580 4329273
9.725430 4330345
9.727280 4331417
9.729129 4332489
9.730979 4333561
9.732828 4334633
9.734678 4335705
9.736528 4336777
9.738377 4337849
9.740227 4338921
9.742076 4339993
9.743926 4341065
9.745776 4342137
9.747625 4343209
9.749475 4344281
9.751324 4345353
9.753174 4346425
9.755024 4347497
9.756873 4348569
9.758723 4349641
9.760572 4350713
9.762422 4351785
9.764272 4352857
9.766121 4353929
9.767971 4355001
9.769820 4356073
9.771670 4357145
9.773520 4358217
9.775369 4359289
9.777219 4360361
9.779068 4361433
9.780918 4362505
9.782768 4363577
9.784617 4364649
9.786467 4365721
9.788316 4366793
9.790166 4367865
9.792016 4368937
9.793865 4370009
9.795715 4371081
9.797564 4372153
9.799414 4373225
9.801264 4374297
9.803113 4375369
9.804963 4376441
9.806812 4377513
9.808662 4378585
9.810512 4379657
9.812361 4380729
9.814211 4381801
9.816060 4382873
9.817910 4383945
9.819760 4385017
9.821609 4386089
9.823459 4387161
9.825308 4388233
9.827158 4389305
9.829008 4390377
9.830857 4391449
9.832707 4392521
9.834556 4393593
9.836406 4394665
9.838256 4395737
9.840105 4396809
9.841955 4397345
9.842880 4397345
9.843804 4397345
9.844729 4397345
9.845654 4397345
9.846579 4397345
9.847504 4397345
9.848428 4397345
9.849353 4397345
9.850278 4397345
9.851203 4397345
9.852128 4397345
9.853052 4397345
9.853977 4397345
9.854902 4397345
9.855827 4397345
9.856752 4397345
9.857676 4397345
9.858601 4397345
9.859526 4397345
9.860451 4397345
9.861376 4409137
9.873292 4410209
9.885209 4411281
9.896201 4412353
9.898051 4413425
9.908118 4414497
9.909968 4415569
9.911817 4416641
9.920035 4417713
9.921884 4418785
9.923734 4419857
9.925584 4420929
9.931027 4422001
9.932876 4423073
9.934726 4424145
9.936576 4425217
9.938425 4426289
9.940275 4427361
9.942944 4428433
9.944793 4429505
9.946643 4430577
9.948492 4431649
9.950342 4432721
9.952192 4433793
9.954860 4434865
9.956710 4435937
9.958560 4437009
9.960409 4438081
9.962259 4439153
9.964108 4440225
9.965958 4441297
9.967808 4442369
9.969657 4443441
9.971507 4444513
9.973356 4445585
9.975206 4446657
9.977056 4447729
9.978905 4448801
9.980755 4449873
9.982604 4450945
9.984454 4452017
9.986304 4453089
9.988153 4454161
9.990003 4455233
9.991852 4456305
9.993702 4457377
9.995552 4458449
9.997401 4459521
9.999251 4460593
