1.010134 1
1.021193 537
1.033110 1609
1.045027 2681
1.056019 3753
1.057868 4825
1.067936 5897
1.069785 6969
1.071635 8041
1.079852 9113
1.081702 10185
1.083552 11257
1.085401 12329
1.090844 13401
1.092694 14473
1.094544 15545
1.096393 16617
1.098243 17689
1.100092 18761
1.101942 19833
1.103792 20905
1.105641 21977
1.107491 23049
1.109340 24121
1.111190 25193
1.113040 26265
1.114889 27337
1.116739 28409
1.118588 29481
1.120438 30553
1.122288 31625
1.124137 32697
1.125987 33769
1.127836 34841
1.129686 35913
1.131536 36985
1.133385 38057
1.135235 39129
1.137084 40201
1.138934 41273
1.140784 42345
1.142633 43417
1.144483 44489
1.146332 45561
1.148182 46633
1.150032 47705
1.151881 48777
1.153731 49849
1.155580 50921
1.157430 51993
1.159280 53065
1.161129 54137
1.162979 55209
1.164828 56281
1.166678 57353
1.168528 58425
1.170377 59497
1.172227 60569
1.174076 61641
1.175926 62713
1.177776 63785
1.179625 64857
1.181475 65929
1.183324 67001
1.185174 68073
1.187024 69145
1.188873 70217
1.190723 71289
1.192572 72361
1.194422 73433
1.196272 74505
1.198121 75577
1.199971 76649
1.201820 77721
1.203670 78793
1.205520 79865
1.207369 80937
1.209219 82009
1.211068 83081
1.212918 84153
1.214768 85225
1.216617 86297
1.218467 87369
1.220316 88441
1.222166 89513
1.224016 90585
1.225865 91657
1.227715 92729
1.229564 93801
1.231414 94873
1.233264 95945
1.235113 97017
1.236963 98089
1.238812 99161
1.240662 100233
1.242512 101305
1.244361 102377
1.246211 103449
1.248060 104521
1.249910 105593
1.251760 106665
1.253609 107737
1.255459 108809
1.257308 109881
1.259158 110953
1.261008 112025
1.262857 113097
1.264707 114169
1.266556 115241
1.268406 116313
1.270256 117385
1.272105 118457
1.273955 119529
1.275804 120601
1.277654 121673
1.279504 122745
1.281353 123817
1.283203 124889
1.285052 125961
1.286902 127033
1.288752 128105
1.290601 129177
1.292451 130249
1.294300 131321
1.296150 132393
1.298000 133465
1.299849 134537
1.301699 135609
1.303548 136681
1.305398 137753
1.307248 138825
1.309097 139897
1.310947 140969
1.312796 142041
1.314646 143113
1.316496 144185
1.318345 145257
1.320195 146329
1.322044 147401
1.323894 148473
1.325744 149545
1.327593 150617
1.329443 151689
1.331292 152761
1.333142 153833
1.334992 154905
1.336841 155977
1.338691 157049
1.340540 158121
1.342390 159193
1.344240 160265
1.346089 161337
1.347939 162409
1.349788 163481
1.351638 164553
1.353488 165625
1.355337 166697
1.357187 167769
1.359036 168841
1.360886 169913
1.362736 170985
1.364585 172057
1.366435 173129
1.368284 174201
1.370134 175273
1.371984 176345
1.373833 177417
1.375683 177953
1.376608 177953
1.377532 177953
1.378457 177953
1.379382 177953
1.380307 177953
1.381232 177953
1.382156 177953
1.383081 177953
1.384006 177953
1.384931 177953
1.385856 177953
1.386780 177953
1.387705 177953
1.388630 177953
1.389555 177953
1.390480 177953
1.391404 177953
1.392329 177953
1.393254 177953
1.394179 177953
1.395104 177953
1.396028 177953
1.396953 177953
1.397878 177953
1.398803 177953
1.399728 177953
1.400652 177953
1.401577 177953
1.402502 177953
1.403427 177953
1.404352 177953
1.405276 177953
1.406201 177953
1.407126 177953
1.408051 177953
1.408976 177953
1.409900 177953
1.410825 177953
1.411750 177953
1.412675 177953
1.413600 177953
1.414524 177953
1.415449 177953
1.416374 177953
1.417299 177953
1.418224 177953
1.419148 177953
1.420073 177953
1.420998 177953
1.421923 177953
1.422848 177953
1.423772 177953
1.424697 177953
1.425622 177953
1.426547 177953
1.427472 177953
1.428396 177953
1.429321 177953
1.430246 177953
1.431171 177953
1.432096 177953
1.433020 177953
1.433945 177953
1.434870 177953
1.435795 177953
1.436720 177953
1.437644 177953
1.438569 177953
1.439494 177953
1.440419 177953
1.441344 177953
1.442268 177953
1.443193 177953
1.444118 177953
1.445043 177953
1.445968 177953
1.446892 177953
1.447817 177953
1.448742 177953
1.449667 177953
1.450592 177953
1.451516 177953
1.452441 177953
1.453366 177953
1.454291 177953
1.455216 177953
1.456140 177953
1.457065 177953
1.457990 177953
1.458915 177953
1.459840 177953
1.460764 177953
1.461689 177953
1.462614 177953
1.463539 177953
1.464464 177953
1.465388 177953
1.466313 177953
1.467238 177953
1.468163 177953
1.469088 177953
1.470012 177953
1.470937 177953
1.471862 177953
1.472787 177953
1.473712 177953
1.474636 177953
1.475561 177953
1.476486 177953
1.477411 177953
1.478336 179561
1.489328 181169
1.490252 181169
1.491177 181169
1.492102 181169
1.500320 182777
1.501244 182777
1.502169 182777
1.503094 182777
1.511312 184385
1.512236 184385
1.513161 184385
1.514086 184385
1.522304 185993
1.523228 185993
1.524153 185993
1.525078 185993
1.533296 187601
1.534220 187601
1.535145 187601
1.536070 187601
1.544288 189209
1.545212 189209
1.546137 189209
1.547062 189209
1.555280 190817
1.556204 190817
1.557129 190817
1.558054 190817
1.566272 192425
1.567196 192425
1.568121 192425
1.569046 192425
1.577264 194033
1.578188 194033
1.579113 194033
1.580038 194033
1.588256 257817
1.590105 258889
1.599248 259961
1.601097 261033
1.602947 262105
1.604796 263177
1.606646 264249
1.608496 265321
1.610345 266393
1.612195 267465
1.614044 268537
1.615894 269609
1.617744 270681
1.619593 271753
1.621443 272825
1.623292 273897
1.625142 274969
1.626992 276041
1.628841 277113
1.630691 278185
1.632540 279257
1.634390 280329
1.636240 281401
1.638089 282473
1.639939 283545
1.641788 284617
1.643638 285689
1.645488 286761
1.647337 287833
1.649187 288905
1.651036 289977
1.652886 291049
1.654736 292121
1.656585 293193
1.658435 294265
1.660284 295337
1.662134 296409
1.663984 297481
1.665833 298553
1.667683 299625
1.669532 300697
1.671382 301769
1.673232 302841
1.675081 303913
1.676931 304985
1.678780 306057
1.680630 307129
1.682480 308201
1.684329 309273
1.686179 310345
1.688028 311417
1.689878 312489
1.691728 313561
1.693577 314633
1.695427 315705
1.697276 316777
1.699126 317849
1.700976 318921
1.702825 319993
1.704675 321065
1.706524 322137
1.708374 323209
1.710224 324281
1.712073 325353
1.713923 326425
1.715772 327497
1.717622 328569
1.719472 329641
1.721321 330713
1.723171 331785
1.725020 332857
1.726870 333929
1.728720 335001
1.730569 336073
1.732419 337145
1.734268 338217
1.736118 339289
1.737968 340361
1.739817 341433
1.741667 342505
1.743516 343577
1.745366 344649
1.747216 345721
1.749065 346793
1.750915 347865
1.752764 348937
1.754614 350009
1.756464 351081
1.758313 352153
1.760163 353225
1.762012 354297
1.763862 355369
1.765712 356441
1.767561 357513
1.769411 358585
1.771260 359657
1.773110 360729
1.774960 361801
1.776809 362873
1.778659 363945
1.780508 365017
1.782358 366089
1.784208 367161
1.786057 368233
1.787907 369305
1.789756 370377
1.791606 371449
1.793456 372521
1.795305 373593
1.797155 374665
1.799004 375737
1.800854 376809
1.802704 377881
1.804553 378953
1.806403 380025
1.808252 381097
1.810102 382169
1.811952 383241
1.813801 384313
1.815651 385385
1.817500 386457
1.819350 387529
1.821200 388601
1.823049 389673
1.824899 390745
1.826748 391817
1.828598 392889
1.830448 393961
1.832297 395033
1.834147 396105
1.835996 397177
1.837846 398249
1.839696 399321
1.841545 400393
1.843395 401465
1.845244 402537
1.847094 403609
1.848944 404681
1.850793 405753
1.852643 406825
1.854492 407897
1.856342 408969
1.858192 410041
1.860041 411113
1.861891 412185
1.863740 413257
1.865590 414329
1.867440 415401
1.869289 416473
1.871139 417545
1.872988 418617
1.874838 419689
1.876688 420761
1.878537 421833
1.880387 422905
1.882236 423977
1.884086 425049
1.885936 426121
1.887785 427193
1.889635 428265
1.891484 429337
1.893334 430409
1.895184 431481
1.897033 432553
1.898883 433625
1.900732 434697
1.902582 435769
1.904432 436841
1.906281 437913
1.908131 438985
1.909980 440057
1.911830 441129
1.913680 442201
1.915529 443273
1.917379 444345
1.919228 445417
1.921078 446489
1.922928 447561
1.924777 448633
1.926627 449705
1.928476 450777
1.930326 451849
1.932176 452921
1.934025 453993
1.935875 455065
1.937724 456137
1.939574 457209
1.941424 458281
1.943273 459353
1.945123 460425
1.946972 461497
1.948822 462569
1.950672 463641
1.952521 464713
1.954371 465785
1.956220 466857
1.958070 467929
1.959920 469001
1.961769 470073
1.963619 471145
1.965468 472217
1.967318 473289
1.969168 474361
1.971017 475433
1.972867 476505
1.974716 477577
1.976566 478649
1.978416 479721
1.980265 480793
1.982115 481865
1.983964 482937
1.985814 484009
1.987664 485081
1.989513 486153
1.991363 487225
1.993212 488297
1.995062 489369
1.996912 490441
1.998761 491513
2.000611 492585
2.002460 493657
2.004310 494729
2.006160 495801
2.008009 496873
2.009859 497945
2.011708 499017
2.013558 500089
2.015408 501161
2.017257 502233
2.019107 503305
2.020956 504377
2.022806 505449
2.024656 506521
2.026505 507593
2.028355 508665
2.030204 509737
2.032054 510809
2.033904 511881
2.035753 512953
2.037603 514025
2.039452 515097
2.041302 516169
2.043152 517241
2.045001 518313
2.046851 519385
2.048700 520457
2.050550 521529
2.052400 522601
2.054249 523673
2.056099 524745
2.057948 525817
2.059798 526889
2.061648 527961
2.063497 529033
2.065347 530105
2.067196 531177
2.069046 532249
2.070896 533321
2.072745 534393
2.074595 535465
2.076444 536537
2.078294 537609
2.080144 538681
2.081993 539753
2.083843 540825
2.085692 541897
2.087542 542969
2.089392 544041
2.091241 545113
2.093091 546185
2.094940 547257
2.096790 548329
2.098640 549401
2.100489 550473
2.102339 551545
2.104188 552617
2.106038 553689
2.107888 554761
2.109737 555833
2.111587 556905
2.113436 557977
2.115286 559049
2.117136 560121
2.118985 561193
2.120835 562265
2.122684 563337
2.124534 564409
2.126384 565481
2.128233 566553
2.130083 567625
2.131932 568697
2.133782 569769
2.135632 570841
2.137481 571913
2.139331 572985
2.141180 574057
2.143030 575129
2.144880 576201
2.146729 577273
2.148579 578345
2.150428 579417
2.152278 580489
2.154128 581561
2.155977 582633
2.157827 583705
2.159676 584777
2.161526 585849
2.163376 586921
2.165225 587993
2.167075 589065
2.168924 590137
2.170774 591209
2.172624 592281
2.174473 593353
2.176323 594425
2.178172 595497
2.180022 596569
2.181872 597641
2.183721 598713
2.185571 599785
2.187420 600857
2.189270 601929
2.191120 603001
2.192969 604073
2.194819 605145
2.196668 606217
2.198518 607289
2.200368 608361
2.202217 609433
2.204067 610505
2.205916 611577
2.207766 612649
2.209616 613721
2.211465 614793
2.213315 615865
2.215164 616937
2.217014 618009
2.218864 619081
2.220713 620153
2.222563 621225
2.224412 622297
2.226262 623369
2.228112 624441
2.229961 625513
2.231811 626585
2.233660 627657
2.235510 628729
2.237360 629801
2.239209 630873
2.241059 631945
2.242908 633017
2.244758 634089
2.246608 635161
2.248457 636233
2.250307 637305
2.252156 638377
2.254006 639449
2.255856 640521
2.257705 641593
2.259555 642665
2.261404 643737
2.263254 644809
2.265104 645881
2.266953 646953
2.268803 648025
2.270652 649097
2.272502 650169
2.274352 651241
2.276201 652313
2.278051 653385
2.279900 654457
2.281750 655529
2.283600 656601
2.285449 657673
2.287299 658745
2.289148 659817
2.290998 660889
2.292848 661961
2.294697 663033
2.296547 664105
2.298396 665177
2.300246 666249
2.302096 667321
2.303945 668393
2.305795 669465
2.307644 670537
2.309494 671609
2.311344 672681
2.313193 673753
2.315043 674825
2.316892 675897
2.318742 676969
2.320592 678041
2.322441 679113
2.324291 680185
2.326140 681257
2.327990 682329
2.329840 683401
2.331689 684473
2.333539 685545
2.335388 686617
2.337238 687689
2.339088 688761
2.340937 689833
2.342787 690905
2.344636 691977
2.346486 693049
2.348336 694121
2.350185 695193
2.352035 696265
2.353884 697337
2.355734 698409
2.357584 699481
2.359433 700553
2.361283 701625
2.363132 702697
2.364982 703769
2.366832 704841
2.368681 705913
2.370531 706985
2.372380 708057
2.374230 709129
2.376080 710201
2.377929 711273
2.379779 712345
2.381628 713417
2.383478 714489
2.385328 715561
2.387177 716633
2.389027 717705
2.390876 718777
2.392726 719849
2.394576 720921
2.396425 721993
2.398275 723065
2.400124 724137
2.401974 725209
2.403824 726281
2.405673 727353
2.407523 728425
2.409372 729497
2.411222 730569
2.413072 731641
2.414921 732713
2.416771 733785
2.418620 734857
2.420470 735929
2.422320 737001
2.424169 738073
2.426019 739145
2.427868 740217
2.429718 741289
2.431568 742361
2.433417 743433
2.435267 744505
2.437116 745577
2.438966 746649
2.440816 747721
2.442665 748793
2.444515 749865
2.446364 750937
2.448214 752009
2.450064 753081
2.451913 754153
2.453763 755225
2.455612 756297
2.457462 757369
2.459312 758441
2.461161 759513
2.463011 760585
2.464860 761657
2.466710 762729
2.468560 763801
2.470409 764873
2.472259 765945
2.474108 767017
2.475958 768089
2.477808 769161
2.479657 770233
2.481507 771305
2.483356 772377
2.485206 773449
2.487056 774521
2.488905 775593
2.490755 776665
2.492604 777737
2.494454 778809
2.496304 779881
2.498153 780953
2.500003 782025
2.501852 783097
2.503702 784169
2.505552 785241
2.507401 786313
2.509251 787385
2.511100 788457
2.512950 789529
2.514800 790601
2.516649 791673
2.518499 792745
2.520348 793817
2.522198 794889
2.524048 795961
2.525897 797033
2.527747 798105
2.529596 799177
2.531446 800249
2.533296 801321
2.535145 802393
2.536995 803465
2.538844 804537
2.540694 805609
2.542544 806681
2.544393 807753
2.546243 808825
2.548092 809897
2.549942 810969
2.551792 812041
2.553641 813113
2.555491 814185
2.557340 815257
2.559190 816329
2.561040 817401
2.562889 818473
2.564739 819545
2.566588 820617
2.568438 821689
2.570288 822761
2.572137 823833
2.573987 824905
2.575836 825977
2.577686 827049
2.579536 828121
2.581385 829193
2.583235 830265
2.585084 831337
2.586934 832409
2.588784 833481
2.590633 834553
2.592483 835625
2.594332 836697
2.596182 837769
2.598032 838841
2.599881 839913
2.601731 840985
2.603580 842057
2.605430 843129
2.607280 844201
2.609129 845273
2.610979 846345
2.612828 847417
2.614678 848489
2.616528 849561
2.618377 850633
2.620227 851705
2.622076 852777
2.623926 853849
2.625776 854921
2.627625 855993
2.629475 857065
2.631324 858137
2.633174 859209
2.635024 860281
2.636873 861353
2.638723 862425
2.640572 863497
2.642422 864569
2.644272 865641
2.646121 866713
2.647971 867785
2.649820 868857
2.651670 869929
2.653520 871001
2.655369 872073
2.657219 873145
2.659068 874217
2.660918 875289
2.662768 876361
2.664617 877433
2.666467 878505
2.668316 879577
2.670166 880649
2.672016 881721
2.673865 882793
2.675715 883865
2.677564 884937
2.679414 886009
2.681264 887081
2.683113 888153
2.684963 889225
2.686812 890297
2.688662 891369
2.690512 892441
2.692361 893513
2.694211 894585
2.696060 895657
2.697910 896729
2.699760 897801
2.701609 898873
2.703459 899945
2.705308 901017
2.707158 902089
2.709008 903161
2.710857 904233
2.712707 905305
2.714556 906377
2.716406 907449
2.718256 908521
2.720105 909593
2.721955 910665
2.723804 911737
2.725654 912809
2.727504 913881
2.729353 914953
2.731203 916025
2.733052 917097
2.734902 918169
2.736752 919241
2.738601 920313
2.740451 921385
2.742300 922457
2.744150 923529
2.746000 924601
2.747849 925673
2.749699 926745
2.751548 927817
2.753398 928889
2.755248 929961
2.757097 931033
2.758947 932105
2.760796 933177
2.762646 934249
2.764496 935321
2.766345 936393
2.768195 937465
2.770044 938537
2.771894 939609
2.773744 940681
2.775593 941753
2.777443 942825
2.779292 943897
2.781142 944969
2.782992 946041
2.784841 947113
2.786691 948185
2.788540 949257
2.790390 950329
2.792240 951401
2.794089 952473
2.795939 953545
2.797788 954617
2.799638 955689
2.801488 956761
2.803337 957833
2.805187 958905
2.807036 959977
2.808886 961049
2.810736 962121
2.812585 963193
2.814435 964265
2.816284 965337
2.818134 966409
2.819984 967481
2.821833 968553
2.823683 969625
2.825532 970697
2.827382 971769
2.829232 972841
2.831081 973913
2.832931 974985
2.834780 976057
2.836630 977129
2.838480 978201
2.840329 979273
2.842179 980345
2.844028 981417
2.845878 982489
2.847728 983561
2.849577 984633
2.851427 985705
2.853276 986777
2.855126 987849
2.856976 988921
2.858825 989993
2.860675 991065
2.862524 992137
2.864374 993209
2.866224 994281
2.868073 995353
2.869923 996425
2.871772 997497
2.873622 998569
2.875472 999641
2.877321 1000713
2.879171 1001785
2.881020 1002857
2.882870 1003929
2.884720 1005001
2.886569 1006073
2.888419 1007145
2.890268 1008217
2.892118 1009289
2.893968 1010361
2.895817 1011433
2.897667 1012505
2.899516 1013577
2.901366 1014649
2.903216 1015721
2.905065 1016793
2.906915 1017865
2.908764 1018937
2.910614 1020009
2.912464 1021081
2.914313 1022153
2.916163 1023225
2.918012 1024297
2.919862 1025369
2.921712 1026441
2.923561 1027513
2.925411 1028585
2.927260 1029657
2.929110 1030729
2.930960 1031801
2.932809 1032873
2.934659 1033945
2.936508 1035017
2.938358 1036089
2.940208 1037161
2.942057 1038233
2.943907 1039305
2.945756 1040377
2.947606 1041449
2.949456 1042521
2.951305 1043593
2.953155 1044665
2.955004 1045737
2.956854 1046809
2.958704 1047881
2.960553 1048953
2.962403 1050025
2.964252 1051097
2.966102 1052169
2.967952 1053241
2.969801 1054313
2.971651 1055385
2.973500 1056457
2.975350 1057529
2.977200 1058601
2.979049 1059673
2.980899 1060745
2.982748 1061817
2.984598 1062889
2.986448 1063961
2.988297 1065033
2.990147 1066105
2.991996 1067177
2.993846 1068249
2.995696 1069321
2.997545 1070393
2.999395 1071465
3.001244 1072537
3.003094 1073609
3.004944 1074681
3.006793 1075753
3.008643 1076825
3.010492 1077897
3.012342 1078969
3.014192 1080041
3.016041 1081113
3.017891 1082185
3.019740 1083257
3.021590 1084329
3.023440 1085401
3.025289 1086473
3.027139 1087545
3.028988 1088617
3.030838 1089689
3.032688 1090761
3.034537 1091833
3.036387 1092905
3.038236 1092905
3.039161 1092905
3.040086 1092905
3.041011 1092905
3.041936 1092905
3.042860 1092905
3.043785 1092905
3.044710 1092905
3.045635 1092905
3.046560 1092905
3.047484 1092905
3.048409 1092905
3.049334 1092905
3.050259 1092905
3.051184 1092905
3.052108 1092905
3.053033 1092905
3.053958 1092905
3.054883 1092905
3.055808 1092905
3.056732 1092905
3.057657 1092905
3.058582 1092905
3.059507 1092905
3.060432 1092905
3.061356 1092905
3.062281 1092905
3.063206 1092905
3.064131 1092905
3.065056 1092905
3.065980 1092905
3.066905 1092905
3.067830 1092905
3.068755 1092905
3.069680 1092905
3.070604 1092905
3.071529 1092905
3.072454 1092905
3.073379 1092905
3.074304 1092905
3.075228 1092905
3.076153 1092905
3.077078 1092905
3.078003 1092905
3.078928 1092905
3.079852 1092905
3.080777 1092905
3.081702 1092905
3.082627 1092905
3.083552 1092905
3.084476 1092905
3.085401 1092905
3.086326 1092905
3.087251 1092905
3.088176 1092905
3.089100 1092905
3.090025 1092905
3.090950 1092905
3.091875 1092905
3.092800 1092905
3.093724 1092905
3.094649 1092905
3.095574 1092905
3.096499 1092905
3.097424 1092905
3.098348 1092905
3.099273 1092905
3.100198 1092905
3.101123 1092905
3.102048 1092905
3.102972 1130961
3.104822 1132033
3.106672 1133105
3.108521 1134177
3.110371 1135249
3.112220 1136321
3.114070 1137393
3.115920 1138465
3.117769 1139537
3.119619 1140609
3.121468 1141681
3.123318 1142753
3.125168 1143825
3.127017 1144897
3.128867 1145969
3.130716 1147041
3.132566 1148113
3.134416 1149185
3.136265 1150257
3.138115 1151329
3.139964 1152401
3.141814 1153473
3.143664 1154545
3.145513 1155617
3.147363 1156689
3.149212 1157761
3.151062 1158833
3.152912 1159905
3.154761 1160977
3.156611 1162049
3.158460 1163121
3.160310 1164193
3.162160 1165265
3.164009 1166337
3.165859 1167409
3.167708 1168481
3.169558 1169553
3.171408 1170625
3.173257 1171697
3.175107 1172769
3.176956 1173841
3.178806 1174913
3.180656 1175985
3.182505 1177057
3.184355 1178129
3.186204 1179201
3.188054 1180273
3.189904 1181345
3.191753 1182417
3.193603 1183489
3.195452 1184561
3.197302 1185633
3.199152 1186705
3.201001 1187777
3.202851 1188849
3.204700 1189921
3.206550 1190993
3.208400 1192065
3.210249 1193137
3.212099 1194209
3.213948 1195281
3.215798 1196353
3.217648 1197425
3.219497 1198497
3.221347 1199569
3.223196 1200641
3.225046 1201713
3.226896 1202785
3.228745 1203857
3.230595 1204929
3.232444 1206001
3.234294 1207073
3.236144 1208145
3.237993 1209217
3.239843 1210289
3.241692 1211361
3.243542 1212433
3.245392 1213505
3.247241 1214577
3.249091 1215649
3.250940 1216721
3.252790 1217793
3.254640 1218865
3.256489 1219937
3.258339 1221009
3.260188 1222081
3.262038 1223153
3.263888 1224225
3.265737 1225297
3.267587 1226369
3.269436 1227441
3.271286 1228513
3.273136 1229585
3.274985 1230657
3.276835 1231729
3.278684 1232801
3.280534 1233873
3.282384 1234945
3.284233 1236017
3.286083 1237089
3.287932 1238161
3.289782 1239233
3.291632 1240305
3.293481 1241377
3.295331 1242449
3.297180 1243521
3.299030 1244593
3.300880 1245665
3.302729 1246737
3.304579 1247809
3.306428 1248881
3.308278 1249953
3.310128 1251025
3.311977 1252097
3.313827 1253169
3.315676 1254241
3.317526 1255313
3.319376 1256385
3.321225 1257457
3.323075 1258529
3.324924 1259601
3.326774 1260673
3.328624 1261745
3.330473 1262817
3.332323 1263889
3.334172 1264961
3.336022 1266033
3.337872 1267105
3.339721 1268177
3.341571 1269249
3.343420 1270321
3.345270 1271393
3.347120 1272465
3.348969 1273537
3.350819 1274609
3.352668 1275681
3.354518 1276753
3.356368 1277825
3.358217 1278897
3.360067 1279969
3.361916 1281041
3.363766 1282113
3.365616 1283185
3.367465 1284257
3.369315 1285329
3.371164 1286401
3.373014 1287473
3.374864 1288545
3.376713 1289617
3.378563 1290689
3.380412 1291761
3.382262 1292833
3.384112 1293905
3.385961 1294977
3.387811 1296049
3.389660 1297121
3.391510 1298193
3.393360 1299265
3.395209 1300337
3.397059 1301409
3.398908 1302481
3.400758 1303553
3.402608 1304625
3.404457 1305697
3.406307 1306769
3.408156 1307841
3.410006 1308913
3.411856 1309985
3.413705 1311057
3.415555 1312129
3.417404 1313201
3.419254 1314273
3.421104 1315345
3.422953 1316417
3.424803 1317489
3.426652 1318561
3.428502 1319633
3.430352 1320705
3.432201 1321777
3.434051 1322849
3.435900 1323921
3.437750 1324993
3.439600 1326065
3.441449 1327137
3.443299 1328209
3.445148 1329281
3.446998 1330353
3.448848 1331425
3.450697 1332497
3.452547 1333569
3.454396 1334641
3.456246 1335713
3.458096 1336785
3.459945 1337857
3.461795 1338929
3.463644 1340001
3.465494 1341073
3.467344 1342145
3.469193 1343217
3.471043 1344289
3.472892 1345361
3.474742 1346433
3.476592 1347505
3.478441 1348577
3.480291 1349649
3.482140 1350721
3.483990 1351793
3.485840 1352865
3.487689 1353937
3.489539 1355009
3.491388 1356081
3.493238 1357153
3.495088 1358225
3.496937 1359297
3.498787 1360369
3.500636 1361441
3.502486 1362513
3.504336 1363585
3.506185 1364657
3.508035 1365729
3.509884 1366801
3.511734 1367873
3.513584 1368945
3.515433 1370017
3.517283 1371089
3.519132 1372161
3.520982 1373233
3.522832 1374305
3.524681 1375377
3.526531 1376449
3.528380 1377521
3.530230 1378593
3.532080 1379665
3.533929 1380737
3.535779 1381809
3.537628 1382881
3.539478 1383953
3.541328 1385025
3.543177 1386097
3.545027 1387169
3.546876 1388241
3.548726 1389313
3.550576 1390385
3.552425 1391457
3.554275 1392529
3.556124 1393601
3.557974 1394673
3.559824 1395745
3.561673 1396817
3.563523 1397889
3.565372 1398961
3.567222 1400033
3.569072 1401105
3.570921 1402177
3.572771 1403249
3.574620 1404321
3.576470 1405393
3.578320 1406465
3.580169 1407537
3.582019 1408609
3.583868 1409681
3.585718 1410753
3.587568 1411825
3.589417 1412897
3.591267 1413969
3.593116 1415041
3.594966 1416113
3.596816 1417185
3.598665 1418257
3.600515 1419329
3.602364 1420401
3.604214 1421473
3.606064 1422545
3.607913 1423617
3.609763 1424689
3.611612 1425761
3.613462 1426833
3.615312 1427905
3.617161 1428977
3.619011 1430049
3.620860 1431121
3.622710 1432193
3.624560 1433265
3.626409 1434337
3.628259 1435409
3.630108 1436481
3.631958 1437553
3.633808 1438625
3.635657 1439697
3.637507 1440769
3.639356 1441841
3.641206 1442913
3.643056 1443985
3.644905 1445057
3.646755 1446129
3.648604 1447201
3.650454 1448273
3.652304 1449345
3.654153 1450417
3.656003 1451489
3.657852 1452561
3.659702 1453633
3.661552 1454705
3.663401 1455777
3.665251 1456849
3.667100 1457921
3.668950 1458993
3.670800 1460065
3.672649 1461137
3.674499 1462209
3.676348 1463281
3.678198 1464353
3.680048 1465425
3.681897 1466497
3.683747 1467569
3.685596 1468641
3.687446 1469713
3.689296 1470785
3.691145 1471857
3.692995 1472929
3.694844 1474001
3.696694 1475073
3.698544 1476145
3.700393 1477217
3.702243 1478289
3.704092 1479361
3.705942 1480433
3.707792 1481505
3.709641 1482577
3.711491 1483649
3.713340 1484721
3.715190 1485793
3.717040 1486865
3.718889 1487937
3.720739 1489009
3.722588 1490081
3.724438 1491153
3.726288 1492225
3.728137 1493297
3.729987 1494369
3.731836 1495441
3.733686 1496513
3.735536 1497585
3.737385 1498657
3.739235 1499729
3.741084 1500801
3.742934 1501873
3.744784 1502945
3.746633 1504017
3.748483 1505089
3.750332 1506161
3.752182 1507233
3.754032 1508305
3.755881 1509377
3.757731 1510449
3.759580 1511521
3.761430 1512593
3.763280 1513665
3.765129 1514737
3.766979 1515809
3.768828 1516881
3.770678 1517953
3.772528 1519025
3.774377 1520097
3.776227 1521169
3.778076 1522241
3.779926 1523313
3.781776 1524385
3.783625 1525457
3.785475 1526529
3.787324 1527601
3.789174 1528673
3.791024 1529745
3.792873 1530817
3.794723 1531889
3.796572 1532961
3.798422 1534033
3.800272 1535105
3.802121 1536177
3.803971 1537249
3.805820 1538321
3.807670 1539393
3.809520 1540465
3.811369 1541537
3.813219 1542609
3.815068 1543681
3.816918 1544753
3.818768 1545825
3.820617 1546897
3.822467 1547969
3.824316 1549041
3.826166 1550113
3.828016 1551185
3.829865 1552257
3.831715 1553329
3.833564 1554401
3.835414 1555473
3.837264 1556545
3.839113 1557617
3.840963 1558689
3.842812 1559761
3.844662 1560833
3.846512 1561905
3.848361 1562977
3.850211 1564049
3.852060 1565121
3.853910 1566193
3.855760 1567265
3.857609 1568337
3.859459 1569409
3.861308 1570481
3.863158 1571553
3.865008 1572625
3.866857 1573697
3.868707 1574769
3.870556 1575841
3.872406 1576913
3.874256 1577985
3.876105 1579057
3.877955 1580129
3.879804 1581201
3.881654 1582273
3.883504 1583345
3.885353 1584417
3.887203 1585489
3.889052 1586561
3.890902 1587633
3.892752 1588705
3.894601 1589777
3.896451 1590849
3.898300 1591921
3.900150 1592993
3.902000 1594065
3.903849 1595137
3.905699 1596209
3.907548 1597281
3.909398 1598353
3.911248 1599425
3.913097 1600497
3.914947 1601569
3.916796 1602641
3.918646 1603713
3.920496 1604785
3.922345 1605857
3.924195 1606929
3.926044 1608001
3.927894 1609073
3.929744 1610145
3.931593 1611217
3.933443 1612289
3.935292 1613361
3.937142 1614433
3.938992 1615505
3.940841 1616577
3.942691 1617649
3.944540 1618721
3.946390 1619793
3.948240 1620865
3.950089 1621937
3.951939 1623009
3.953788 1624081
3.955638 1625153
3.957488 1626225
3.959337 1627297
3.961187 1628369
3.963036 1629441
3.964886 1630513
3.966736 1631585
3.968585 1632657
3.970435 1633729
3.972284 1634801
3.974134 1635873
3.975984 1636945
3.977833 1638017
3.979683 1639089
3.981532 1640161
3.983382 1641233
3.985232 1642305
3.987081 1643377
3.988931 1644449
3.990780 1645521
3.992630 1646593
3.994480 1647665
3.996329 1648737
3.998179 1649809
4.000028 1650881
4.001878 1651953
4.003728 1653025
4.005577 1654097
4.007427 1655169
4.009276 1656241
4.011126 1657313
4.012976 1658385
4.014825 1659457
4.016675 1660529
4.018524 1661601
4.020374 1662673
4.022224 1663745
4.024073 1664817
4.025923 1665889
4.027772 1666961
4.029622 1668033
4.031472 1669105
4.033321 1670177
4.035171 1671249
4.037020 1672321
4.038870 1673393
4.040720 1674465
4.042569 1675537
4.044419 1676609
4.046268 1677681
4.048118 1678753
4.049968 1679825
4.051817 1680897
4.053667 1681969
4.055516 1683041
4.057366 1684113
4.059216 1685185
4.061065 1686257
4.062915 1687329
4.064764 1688401
4.066614 1689473
4.068464 1690545
4.070313 1691617
4.072163 1692689
4.074012 1693761
4.075862 1694833
4.077712 1695905
4.079561 1696977
4.081411 1698049
4.083260 1699121
4.085110 1700193
4.086960 1701265
4.088809 1702337
4.090659 1703409
4.092508 1704481
4.094358 1705553
4.096208 1706625
4.098057 1707697
4.099907 1708769
4.101756 1709841
4.103606 1710913
4.105456 1711985
4.107305 1713057
4.109155 1714129
4.111004 1715201
4.112854 1716273
4.114704 1717345
4.116553 1718417
4.118403 1719489
4.120252 1720561
4.122102 1721633
4.123952 1722705
4.125801 1723777
4.127651 1724849
4.129500 1725921
4.131350 1726993
4.133200 1728065
4.135049 1729137
4.136899 1730209
4.138748 1731281
4.140598 1732353
4.142448 1733425
4.144297 1734497
4.146147 1735569
4.147996 1736641
4.149846 1737713
4.151696 1738785
4.153545 1739857
4.155395 1740929
4.157244 1742001
4.159094 1743073
4.160944 1744145
4.162793 1745217
4.164643 1746289
4.166492 1747361
4.168342 1748433
4.170192 1749505
4.172041 1750577
4.173891 1751649
4.175740 1752721
4.177590 1753793
4.179440 1754865
4.181289 1755937
4.183139 1757009
4.184988 1758081
4.186838 1759153
4.188688 1760225
4.190537 1761297
4.192387 1762369
4.194236 1763441
4.196086 1764513
4.197936 1765585
4.199785 1766657
4.201635 1767729
4.203484 1768801
4.205334 1769873
4.207184 1770945
4.209033 1772017
4.210883 1773089
4.212732 1774161
4.214582 1775233
4.216432 1776305
4.218281 1777377
4.220131 1778449
4.221980 1779521
4.223830 1780593
4.225680 1781665
4.227529 1782737
4.229379 1783809
4.231228 1784881
4.233078 1785953
4.234928 1787025
4.236777 1788097
4.238627 1789169
4.240476 1790241
4.242326 1791313
4.244176 1792385
4.246025 1793457
4.247875 1794529
4.249724 1795601
4.251574 1796673
4.253424 1797745
4.255273 1798817
4.257123 1799889
4.258972 1800961
4.260822 1802033
4.262672 1803105
4.264521 1804177
4.266371 1805249
4.268220 1806321
4.270070 1807393
4.271920 1808465
4.273769 1809537
4.275619 1810609
4.277468 1811681
4.279318 1812753
4.281168 1813825
4.283017 1814897
4.284867 1815969
4.286716 1817041
4.288566 1818113
4.290416 1819185
4.292265 1820257
4.294115 1821329
4.295964 1822401
4.297814 1823473
4.299664 1824545
4.301513 1825617
4.303363 1826689
4.305212 1827761
4.307062 1828833
4.308912 1829905
4.310761 1830977
4.312611 1832049
4.314460 1833121
4.316310 1834193
4.318160 1835265
4.320009 1836337
4.321859 1837409
4.323708 1838481
4.325558 1839553
4.327408 1840625
4.329257 1841697
4.331107 1842769
4.332956 1843841
4.334806 1844913
4.336656 1845985
4.338505 1847057
4.340355 1848129
4.342204 1849201
4.344054 1850273
4.345904 1851345
4.347753 1852417
4.349603 1853489
4.351452 1854561
4.353302 1855633
4.355152 1856705
4.357001 1857777
4.358851 1858849
4.360700 1859921
4.362550 1860993
4.364400 1862065
4.366249 1863137
4.368099 1864209
4.369948 1865281
4.371798 1866353
4.373648 1867425
4.375497 1868497
4.377347 1869569
4.379196 1870641
4.381046 1871713
4.382896 1872785
4.384745 1873857
4.386595 1874929
4.388444 1876001
4.390294 1877073
4.392144 1878145
4.393993 1879217
4.395843 1880289
4.397692 1881361
4.399542 1882433
4.401392 1883505
4.403241 1884577
4.405091 1885649
4.406940 1886721
4.408790 1887793
4.410640 1888865
4.412489 1889937
4.414339 1891009
4.416188 1892081
4.418038 1893153
4.419888 1894225
4.421737 1895297
4.423587 1896369
4.425436 1897441
4.427286 1898513
4.429136 1899585
4.430985 1900657
4.432835 1901729
4.434684 1902801
4.436534 1903873
4.438384 1904945
4.440233 1906017
4.442083 1907089
4.443932 1908161
4.445782 1909233
4.447632 1910305
4.449481 1911377
4.451331 1912449
4.453180 1913521
4.455030 1914593
4.456880 1915665
4.458729 1916737
4.460579 1917809
4.462428 1918881
4.464278 1919953
4.466128 1921025
4.467977 1922097
4.469827 1923169
4.471676 1924241
4.473526 1925313
4.475376 1926385
4.477225 1927457
4.479075 1928529
4.480924 1929601
4.482774 1930673
4.484624 1931745
4.486473 1932817
4.488323 1933889
4.490172 1934961
4.492022 1936033
4.493872 1937105
4.495721 1938177
4.497571 1939249
4.499420 1940321
4.501270 1941393
4.503120 1942465
4.504969 1943537
4.506819 1944609
4.508668 1945681
4.510518 1946753
4.512368 1947825
4.514217 1948897
4.516067 1949969
4.517916 1951041
4.519766 1952113
4.521616 1953185
4.523465 1954257
4.525315 1955329
4.527164 1956401
4.529014 1957473
4.530864 1958545
4.532713 1959617
4.534563 1960689
4.536412 1961761
4.538262 1962833
4.540112 1963905
4.541961 1964977
4.543811 1966049
4.545660 1967121
4.547510 1968193
4.549360 1969265
4.551209 1970337
4.553059 1971409
4.554908 1972481
4.556758 1973553
4.558608 1974625
4.560457 1975697
4.562307 1976769
4.564156 1977841
4.566006 1978913
4.567856 1979985
4.569705 1981057
4.571555 1982129
4.573404 1983201
4.575254 1984273
4.577104 1985345
4.578953 1986417
4.580803 1987489
4.582652 1988561
4.584502 1989633
4.586352 1990705
4.588201 1991777
4.590051 1992849
4.591900 1993921
4.593750 1994993
4.595600 1996065
4.597449 1997137
4.599299 1998209
4.601148 1999281
4.602998 2000353
4.604848 2001425
4.606697 2002497
4.608547 2003569
4.610396 2004641
4.612246 2005713
4.614096 2006785
4.615945 2007857
4.617795 2008929
4.619644 2010001
4.621494 2011073
4.623344 2012145
4.625193 2013217
4.627043 2014289
4.628892 2015361
4.630742 2016433
4.632592 2017505
4.634441 2018577
4.636291 2019649
4.638140 2020721
4.639990 2021793
4.641840 2022865
4.643689 2023937
4.645539 2025009
4.647388 2026081
4.649238 2027153
4.651088 2028225
4.652937 2029297
4.654787 2030369
4.656636 2031441
4.658486 2032513
4.660336 2033585
4.662185 2034657
4.664035 2035729
4.665884 2036801
4.667734 2037873
4.669584 2038945
4.671433 2040017
4.673283 2041089
4.675132 2042161
4.676982 2043233
4.678832 2044305
4.680681 2045377
4.682531 2046449
4.684380 2047521
4.686230 2048593
4.688080 2049665
4.689929 2050737
4.691779 2051809
4.693628 2052881
4.695478 2053953
4.697328 2055025
4.699177 2056097
4.701027 2057169
4.702876 2058241
4.704726 2059313
4.706576 2060385
4.708425 2061457
4.710275 2062529
4.712124 2063601
4.713974 2064673
4.715824 2065745
4.717673 2066817
4.719523 2067889
4.721372 2068961
4.723222 2070033
4.725072 2071105
4.726921 2072177
4.728771 2073249
4.730620 2074321
4.732470 2075393
4.734320 2076465
4.736169 2077537
4.738019 2078609
4.739868 2079681
4.741718 2080753
4.743568 2081825
4.745417 2082897
4.747267 2083969
4.749116 2085041
4.750966 2086113
4.752816 2087185
4.754665 2088257
4.756515 2089329
4.758364 2090401
4.760214 2091473
4.762064 2092545
4.763913 2093617
4.765763 2094689
4.767612 2095761
4.769462 2096833
4.771312 2097905
4.773161 2098977
4.775011 2100049
4.776860 2101121
4.778710 2102193
4.780560 2103265
4.782409 2104337
4.784259 2105409
4.786108 2106481
4.787958 2107553
4.789808 2108625
4.791657 2109697
4.793507 2110769
4.795356 2111841
4.797206 2112913
4.799056 2113985
4.800905 2115057
4.802755 2116129
4.804604 2117201
4.806454 2118273
4.808304 2119345
4.810153 2120417
4.812003 2121489
4.813852 2122561
4.815702 2123633
4.817552 2124705
4.819401 2125777
4.821251 2126849
4.823100 2127921
4.824950 2128993
4.826800 2130065
4.828649 2131137
4.830499 2132209
4.832348 2133281
4.834198 2134353
4.836048 2135425
4.837897 2136497
4.839747 2137569
4.841596 2138641
4.843446 2139713
4.845296 2140785
4.847145 2141857
4.848995 2142929
4.850844 2144001
4.852694 2145073
4.854544 2146145
4.856393 2147217
4.858243 2148289
4.860092 2149361
4.861942 2150433
4.863792 2151505
4.865641 2152577
4.867491 2153649
4.869340 2154721
4.871190 2155793
4.873040 2156865
4.874889 2157937
4.876739 2159009
4.878588 2160081
4.880438 2161153
4.882288 2162225
4.884137 2163297
4.885987 2164369
4.887836 2165441
4.889686 2166513
4.891536 2167585
4.893385 2168657
4.895235 2169729
4.897084 2170801
4.898934 2171873
4.900784 2172945
4.902633 2174017
4.904483 2175089
4.906332 2176161
4.908182 2177233
4.910032 2178305
4.911881 2179377
4.913731 2180449
4.915580 2181521
4.917430 2182593
4.919280 2183665
4.921129 2184737
4.922979 2185809
4.924828 2186881
4.926678 2187953
4.928528 2189025
4.930377 2190097
4.932227 2191169
4.934076 2192241
4.935926 2193313
4.937776 2194385
4.939625 2195457
4.941475 2196529
4.943324 2197601
4.945174 2198673
4.947024 2199745
4.948873 2200817
4.950723 2201889
4.952572 2202961
4.954422 2204033
4.956272 2205105
4.958121 2206177
4.959971 2207249
4.961820 2208321
4.963670 2209393
4.965520 2210465
4.967369 2211537
4.969219 2212609
4.971068 2213681
4.972918 2214753
4.974768 2215825
4.976617 2216897
4.978467 2217969
4.980316 2219041
4.982166 2220113
4.984016 2221185
4.985865 2222257
4.987715 2223329
4.989564 2224401
4.991414 2225473
4.993264 2226545
4.995113 2227617
4.996963 2228689
4.998812 2229761
5.000662 2230833
5.002512 2231905
5.004361 2232977
5.006211 2234049
5.008060 2235121
5.009910 2236193
5.011760 2237265
5.013609 2238337
5.015459 2239409
5.017308 2240481
5.019158 2241553
5.021008 2242625
5.022857 2243697
5.024707 2244769
5.026556 2245841
5.028406 2246913
5.030256 2247985
5.032105 2249057
5.033955 2250129
5.035804 2251201
5.037654 2252273
5.039504 2253345
5.041353 2254417
5.043203 2255489
5.045052 2256561
5.046902 2257633
5.048752 2258705
5.050601 2259777
5.052451 2260849
5.054300 2261921
5.056150 2262993
5.058000 2264065
5.059849 2265137
5.061699 2266209
5.063548 2267281
5.065398 2268353
5.067248 2269425
5.069097 2270497
5.070947 2271569
5.072796 2272641
5.074646 2273713
5.076496 2274785
5.078345 2275857
5.080195 2276929
5.082044 2278001
5.083894 2279073
5.085744 2280145
5.087593 2281217
5.089443 2282289
5.091292 2283361
5.093142 2284433
5.094992 2285505
5.096841 2286577
5.098691 2287649
5.100540 2288721
5.102390 2289793
5.104240 2290865
5.106089 2291937
5.107939 2293009
5.109788 2294081
5.111638 2295153
5.113488 2296225
5.115337 2297297
5.117187 2298369
5.119036 2299441
5.120886 2300513
5.122736 2301585
5.124585 2302657
5.126435 2303729
5.128284 2304801
5.130134 2305873
5.131984 2306945
5.133833 2308017
5.135683 2309089
5.137532 2310161
5.139382 2311233
5.141232 2312305
5.143081 2313377
5.144931 2314449
5.146780 2315521
5.148630 2316593
5.150480 2317665
5.152329 2318737
5.154179 2319809
5.156028 2320881
5.157878 2321953
5.159728 2323025
5.161577 2324097
5.163427 2325169
5.165276 2326241
5.167126 2327313
5.168976 2328385
5.170825 2329457
5.172675 2330529
5.174524 2331601
5.176374 2332673
5.178224 2333745
5.180073 2334817
5.181923 2335889
5.183772 2336961
5.185622 2338033
5.187472 2339105
5.189321 2340177
5.191171 2341249
5.193020 2342321
5.194870 2343393
5.196720 2344465
5.198569 2345537
5.200419 2346609
5.202268 2347681
5.204118 2348753
5.205968 2349825
5.207817 2350897
5.209667 2351969
5.211516 2353041
5.213366 2354113
5.215216 2355185
5.217065 2356257
5.218915 2357329
5.220764 2358401
5.222614 2359473
5.224464 2360545
5.226313 2361617
5.228163 2362689
5.230012 2363761
5.231862 2364833
5.233712 2365905
5.235561 2366977
5.237411 2368049
5.239260 2369121
5.241110 2370193
5.242960 2371265
5.244809 2372337
5.246659 2373409
5.248508 2374481
5.250358 2375553
5.252208 2376625
5.254057 2377697
5.255907 2378769
5.257756 2379841
5.259606 2380913
5.261456 2381985
5.263305 2383057
5.265155 2384129
5.267004 2385201
5.268854 2386273
5.270704 2387345
5.272553 2388417
5.274403 2389489
5.276252 2390561
5.278102 2391633
5.279952 2392705
5.281801 2393777
5.283651 2394849
5.285500 2395921
5.287350 2396993
5.289200 2398065
5.291049 2399137
5.292899 2400209
5.294748 2401281
5.296598 2402353
5.298448 2403425
5.300297 2404497
5.302147 2405569
5.303996 2406641
5.305846 2407713
5.307696 2408785
5.309545 2409857
5.311395 2410929
5.313244 2412001
5.315094 2413073
5.316944 2414145
5.318793 2415217
5.320643 2416289
5.322492 2417361
5.324342 2418433
5.326192 2419505
5.328041 2420577
5.329891 2421649
5.331740 2422721
5.333590 2423793
5.335440 2424865
5.337289 2425937
5.339139 2427009
5.340988 2428081
5.342838 2429153
5.344688 2430225
5.346537 2431297
5.348387 2432369
5.350236 2433441
5.352086 2434513
5.353936 2435585
5.355785 2436657
5.357635 2437729
5.359484 2438801
5.361334 2439873
5.363184 2440945
5.365033 2442017
5.366883 2443089
5.368732 2444161
5.370582 2445233
5.372432 2446305
5.374281 2447377
5.376131 2448449
5.377980 2449521
5.379830 2450593
5.381680 2451665
5.383529 2452737
5.385379 2453809
5.387228 2454881
5.389078 2455953
5.390928 2457025
5.392777 2458097
5.394627 2459169
5.396476 2460241
5.398326 2461313
5.400176 2462385
5.402025 2463457
5.403875 2464529
5.405724 2465601
5.407574 2466673
5.409424 2467745
5.411273 2468817
5.413123 2469889
5.414972 2470961
5.416822 2472033
5.418672 2473105
5.420521 2474177
5.422371 2475249
5.424220 2476321
5.426070 2477393
5.427920 2478465
5.429769 2479537
5.431619 2480609
5.433468 2481681
5.435318 2482753
5.437168 2483825
5.439017 2484897
5.440867 2485969
5.442716 2487041
5.444566 2488113
5.446416 2489185
5.448265 2490257
5.450115 2491329
5.451964 2492401
5.453814 2493473
5.455664 2494545
5.457513 2495617
5.459363 2496689
5.461212 2497761
5.463062 2498833
5.464912 2499905
5.466761 2500977
5.468611 2502049
5.470460 2503121
5.472310 2504193
5.474160 2505265
5.476009 2506337
5.477859 2507409
5.479708 2508481
5.481558 2509553
5.483408 2510625
5.485257 2511697
5.487107 2512769
5.488956 2513841
5.490806 2514913
5.492656 2515985
5.494505 2517057
5.496355 2518129
5.498204 2519201
5.500054 2520273
5.501904 2521345
5.503753 2522417
5.505603 2523489
5.507452 2524561
5.509302 2525633
5.511152 2526705
5.513001 2527777
5.514851 2528849
5.516700 2529921
5.518550 2530993
5.520400 2532065
5.522249 2533137
5.524099 2534209
5.525948 2535281
5.527798 2536353
5.529648 2537425
5.531497 2538497
5.533347 2539569
5.535196 2540641
5.537046 2541713
5.538896 2542785
5.540745 2543857
5.542595 2544929
5.544444 2546001
5.546294 2547073
5.548144 2548145
5.549993 2549217
5.551843 2550289
5.553692 2551361
5.555542 2552433
5.557392 2553505
5.559241 2554577
5.561091 2555649
5.562940 2556721
5.564790 2557793
5.566640 2558865
5.568489 2559937
5.570339 2561009
5.572188 2562081
5.574038 2563153
5.575888 2564225
5.577737 2565297
5.579587 2566369
5.581436 2567441
5.583286 2568513
5.585136 2569585
5.586985 2570657
5.588835 2571729
5.590684 2572801
5.592534 2573873
5.594384 2574945
5.596233 2576017
5.598083 2577089
5.599932 2578161
5.601782 2579233
5.603632 2580305
5.605481 2581377
5.607331 2582449
5.609180 2583521
5.611030 2584593
5.612880 2585665
5.614729 2586737
5.616579 2587809
5.618428 2588881
5.620278 2589953
5.622128 2591025
5.623977 2592097
5.625827 2593169
5.627676 2594241
5.629526 2595313
5.631376 2596385
5.633225 2597457
5.635075 2598529
5.636924 2599601
5.638774 2600673
5.640624 2601745
5.642473 2602817
5.644323 2603889
5.646172 2604961
5.648022 2606033
5.649872 2607105
5.651721 2608177
5.653571 2609249
5.655420 2610321
5.657270 2611393
5.659120 2612465
5.660969 2613537
5.662819 2614609
5.664668 2615681
5.666518 2616753
5.668368 2617825
5.670217 2618897
5.672067 2619969
5.673916 2621041
5.675766 2622113
5.677616 2623185
5.679465 2624257
5.681315 2625329
5.683164 2626401
5.685014 2627473
5.686864 2628545
5.688713 2629617
5.690563 2630689
5.692412 2631761
5.694262 2632833
5.696112 2633905
5.697961 2634977
5.699811 2636049
5.701660 2637121
5.703510 2638193
5.705360 2639265
5.707209 2640337
5.709059 2641409
5.710908 2642481
5.712758 2643553
5.714608 2644625
5.716457 2645697
5.718307 2646769
5.720156 2647841
5.722006 2648913
5.723856 2649985
5.725705 2651057
5.727555 2652129
5.729404 2653201
5.731254 2654273
5.733104 2655345
5.734953 2656417
5.736803 2657489
5.738652 2658561
5.740502 2659633
5.742352 2660705
5.744201 2661777
5.746051 2662849
5.747900 2663921
5.749750 2664993
5.751600 2666065
5.753449 2667137
5.755299 2668209
5.757148 2669281
5.758998 2670353
5.760848 2671425
5.762697 2672497
5.764547 2673569
5.766396 2674641
5.768246 2675713
5.770096 2676785
5.771945 2677857
5.773795 2678929
5.775644 2680001
5.777494 2681073
5.779344 2682145
5.781193 2683217
5.783043 2684289
5.784892 2685361
5.786742 2686433
5.788592 2687505
5.790441 2688577
5.792291 2689649
5.794140 2690721
5.795990 2691793
5.797840 2692865
5.799689 2693937
5.801539 2695009
5.803388 2696081
5.805238 2697153
5.807088 2698225
5.808937 2699297
5.810787 2700369
5.812636 2701441
5.814486 2702513
5.816336 2703585
5.818185 2704657
5.820035 2705729
5.821884 2706801
5.823734 2707873
5.825584 2708945
5.827433 2710017
5.829283 2711089
5.831132 2712161
5.832982 2713233
5.834832 2714305
5.836681 2715377
5.838531 2716449
5.840380 2717521
5.842230 2718593
5.844080 2719665
5.845929 2720737
5.847779 2721809
5.849628 2722881
5.851478 2723953
5.853328 2725025
5.855177 2726097
5.857027 2727169
5.858876 2728241
5.860726 2729313
5.862576 2730385
5.864425 2731457
5.866275 2732529
5.868124 2733601
5.869974 2734673
5.871824 2735745
5.873673 2736817
5.875523 2737889
5.877372 2738961
5.879222 2740033
5.881072 2741105
5.882921 2742177
5.884771 2743249
5.886620 2744321
5.888470 2745393
5.890320 2746465
5.892169 2747537
5.894019 2748609
5.895868 2749681
5.897718 2750753
5.899568 2751825
5.901417 2752897
5.903267 2753969
5.905116 2755041
5.906966 2756113
5.908816 2757185
5.910665 2758257
5.912515 2759329
5.914364 2760401
5.916214 2761473
5.918064 2762545
5.919913 2763617
5.921763 2764689
5.923612 2765761
5.925462 2766833
5.927312 2767905
5.929161 2768977
5.931011 2770049
5.932860 2771121
5.934710 2772193
5.936560 2773265
5.938409 2774337
5.940259 2775409
5.942108 2776481
5.943958 2777553
5.945808 2778625
5.947657 2779697
5.949507 2780769
5.951356 2781841
5.953206 2782913
5.955056 2783985
5.956905 2785057
5.958755 2786129
5.960604 2787201
5.962454 2788273
5.964304 2789345
5.966153 2790417
5.968003 2791489
5.969852 2792561
5.971702 2793633
5.973552 2794705
5.975401 2795777
5.977251 2796849
5.979100 2797921
5.980950 2798993
5.982800 2800065
5.984649 2801137
5.986499 2802209
5.988348 2803281
5.990198 2804353
5.992048 2805425
5.993897 2806497
5.995747 2807569
5.997596 2808641
5.999446 2809713
6.001296 2810785
6.003145 2811857
6.004995 2812929
6.006844 2814001
6.008694 2815073
6.010544 2816145
6.012393 2817217
6.014243 2818289
6.016092 2819361
6.017942 2820433
6.019792 2821505
6.021641 2822577
6.023491 2823649
6.025340 2824721
6.027190 2825793
6.029040 2826865
6.030889 2827937
6.032739 2829009
6.034588 2830081
6.036438 2831153
6.038288 2832225
6.040137 2833297
6.041987 2834369
6.043836 2835441
6.045686 2836513
6.047536 2837585
6.049385 2838657
6.051235 2839729
6.053084 2840801
6.054934 2841873
6.056784 2842945
6.058633 2844017
6.060483 2845089
6.062332 2846161
6.064182 2847233
6.066032 2848305
6.067881 2849377
6.069731 2850449
6.071580 2851521
6.073430 2852593
6.075280 2853665
6.077129 2854737
6.078979 2855809
6.080828 2856881
6.082678 2857953
6.084528 2859025
6.086377 2860097
6.088227 2861169
6.090076 2862241
6.091926 2863313
6.093776 2864385
6.095625 2865457
6.097475 2866529
6.099324 2867601
6.101174 2868673
6.103024 2869745
6.104873 2870817
6.106723 2871889
6.108572 2872961
6.110422 2874033
6.112272 2875105
6.114121 2876177
6.115971 2877249
6.117820 2878321
6.119670 2879393
6.121520 2880465
6.123369 2881537
6.125219 2882609
6.127068 2883681
6.128918 2884753
6.130768 2885825
6.132617 2886897
6.134467 2887969
6.136316 2889041
6.138166 2890113
6.140016 2891185
6.141865 2892257
6.143715 2893329
6.145564 2894401
6.147414 2895473
6.149264 2896545
6.151113 2897617
6.152963 2898689
6.154812 2899761
6.156662 2900833
6.158512 2901905
6.160361 2902977
6.162211 2904049
6.164060 2905121
6.165910 2906193
6.167760 2907265
6.169609 2908337
6.171459 2909409
6.173308 2910481
6.175158 2911553
6.177008 2912625
6.178857 2913697
6.180707 2914769
6.182556 2915841
6.184406 2916913
6.186256 2917985
6.188105 2919057
6.189955 2920129
6.191804 2921201
6.193654 2922273
6.195504 2923345
6.197353 2924417
6.199203 2925489
6.201052 2926561
6.202902 2927633
6.204752 2928705
6.206601 2929777
6.208451 2930849
6.210300 2931921
6.212150 2932993
6.214000 2934065
6.215849 2935137
6.217699 2936209
6.219548 2937281
6.221398 2938353
6.223248 2939425
6.225097 2940497
6.226947 2941569
6.228796 2942641
6.230646 2943713
6.232496 2944785
6.234345 2945857
6.236195 2946929
6.238044 2948001
6.239894 2949073
6.241744 2950145
6.243593 2951217
6.245443 2952289
6.247292 2953361
6.249142 2954433
6.250992 2955505
6.252841 2956577
6.254691 2957649
6.256540 2958721
6.258390 2959793
6.260240 2960865
6.262089 2961937
6.263939 2963009
6.265788 2964081
6.267638 2965153
6.269488 2966225
6.271337 2967297
6.273187 2968369
6.275036 2969441
6.276886 2970513
6.278736 2971585
6.280585 2972657
6.282435 2973729
6.284284 2974801
6.286134 2975873
6.287984 2976945
6.289833 2978017
6.291683 2979089
6.293532 2980161
6.295382 2981233
6.297232 2982305
6.299081 2983377
6.300931 2984449
6.302780 2985521
6.304630 2986593
6.306480 2987665
6.308329 2988737
6.310179 2989809
6.312028 2990881
6.313878 2991953
6.315728 2993025
6.317577 2994097
6.319427 2995169
6.321276 2996241
6.323126 2997313
6.324976 2998385
6.326825 2999457
6.328675 3000529
6.330524 3001601
6.332374 3002673
6.334224 3003745
6.336073 3004817
6.337923 3005889
6.339772 3006961
6.341622 3008033
6.343472 3009105
6.345321 3010177
6.347171 3011249
6.349020 3012321
6.350870 3013393
6.352720 3014465
6.354569 3015537
6.356419 3016609
6.358268 3017681
6.360118 3018753
6.361968 3019825
6.363817 3020897
6.365667 3021969
6.367516 3023041
6.369366 3024113
6.371216 3025185
6.373065 3026257
6.374915 3027329
6.376764 3028401
6.378614 3029473
6.380464 3030545
6.382313 3031617
6.384163 3032689
6.386012 3033761
6.387862 3034833
6.389712 3035905
6.391561 3036977
6.393411 3038049
6.395260 3039121
6.397110 3040193
6.398960 3041265
6.400809 3042337
6.402659 3043409
6.404508 3044481
6.406358 3045553
6.408208 3046625
6.410057 3047697
6.411907 3048769
6.413756 3049841
6.415606 3050913
6.417456 3051985
6.419305 3053057
6.421155 3054129
6.423004 3055201
6.424854 3056273
6.426704 3057345
6.428553 3058417
6.430403 3059489
6.432252 3060561
6.434102 3061633
6.435952 3062705
6.437801 3063777
6.439651 3064849
6.441500 3065921
6.443350 3066993
6.445200 3068065
6.447049 3069137
6.448899 3070209
6.450748 3071281
6.452598 3072353
6.454448 3073425
6.456297 3074497
6.458147 3075569
6.459996 3076641
6.461846 3077713
6.463696 3078785
6.465545 3079857
6.467395 3080929
6.469244 3082001
6.471094 3083073
6.472944 3084145
6.474793 3085217
6.476643 3086289
6.478492 3087361
6.480342 3088433
6.482192 3089505
6.484041 3090577
6.485891 3091649
6.487740 3092721
6.489590 3093793
6.491440 3094865
6.493289 3095937
6.495139 3097009
6.496988 3098081
6.498838 3099153
6.500688 3100225
6.502537 3101297
6.504387 3102369
6.506236 3103441
6.508086 3104513
6.509936 3105585
6.511785 3106657
6.513635 3107729
6.515484 3108801
6.517334 3109873
6.519184 3110945
6.521033 3112017
6.522883 3113089
6.524732 3114161
6.526582 3115233
6.528432 3116305
6.530281 3117377
6.532131 3118449
6.533980 3119521
6.535830 3120593
6.537680 3121665
6.539529 3122737
6.541379 3123809
6.543228 3124881
6.545078 3125953
6.546928 3127025
6.548777 3128097
6.550627 3129169
6.552476 3130241
6.554326 3131313
6.556176 3132385
6.558025 3133457
6.559875 3134529
6.561724 3135601
6.563574 3136673
6.565424 3137745
6.567273 3138817
6.569123 3139889
6.570972 3140961
6.572822 3142033
6.574672 3143105
6.576521 3144177
6.578371 3145249
6.580220 3146321
6.582070 3147393
6.583920 3148465
6.585769 3149537
6.587619 3150609
6.589468 3151681
6.591318 3152753
6.593168 3153825
6.595017 3154897
6.596867 3155969
6.598716 3157041
6.600566 3158113
6.602416 3159185
6.604265 3160257
6.606115 3161329
6.607964 3162401
6.609814 3163473
6.611664 3164545
6.613513 3165617
6.615363 3166689
6.617212 3167761
6.619062 3168833
6.620912 3169905
6.622761 3170977
6.624611 3172049
6.626460 3173121
6.628310 3174193
6.630160 3175265
6.632009 3176337
6.633859 3177409
6.635708 3178481
6.637558 3179553
6.639408 3180625
6.641257 3181697
6.643107 3182769
6.644956 3183841
6.646806 3184913
6.648656 3185985
6.650505 3187057
6.652355 3188129
6.654204 3189201
6.656054 3190273
6.657904 3191345
6.659753 3192417
6.661603 3193489
6.663452 3194561
6.665302 3195633
6.667152 3196705
6.669001 3197777
6.670851 3198849
6.672700 3199921
6.674550 3200993
6.676400 3202065
6.678249 3203137
6.680099 3204209
6.681948 3205281
6.683798 3206353
6.685648 3207425
6.687497 3208497
6.689347 3209569
6.691196 3210641
6.693046 3211713
6.694896 3212785
6.696745 3213857
6.698595 3214929
6.700444 3216001
6.702294 3217073
6.704144 3218145
6.705993 3219217
6.707843 3220289
6.709692 3221361
6.711542 3222433
6.713392 3223505
6.715241 3224577
6.717091 3225649
6.718940 3226721
6.720790 3227793
6.722640 3228865
6.724489 3229937
6.726339 3231009
6.728188 3232081
6.730038 3233153
6.731888 3234225
6.733737 3235297
6.735587 3236369
6.737436 3237441
6.739286 3238513
6.741136 3239585
6.742985 3240657
6.744835 3241729
6.746684 3242801
6.748534 3243873
6.750384 3244945
6.752233 3246017
6.754083 3247089
6.755932 3248161
6.757782 3249233
6.759632 3250305
6.761481 3251377
6.763331 3252449
6.765180 3253521
6.767030 3254593
6.768880 3255665
6.770729 3256737
6.772579 3257809
6.774428 3258881
6.776278 3259953
6.778128 3261025
6.779977 3262097
6.781827 3263169
6.783676 3264241
6.785526 3265313
6.787376 3266385
6.789225 3267457
6.791075 3268529
6.792924 3269601
6.794774 3270673
6.796624 3271745
6.798473 3272817
6.800323 3273889
6.802172 3274961
6.804022 3276033
6.805872 3277105
6.807721 3278177
6.809571 3279249
6.811420 3280321
6.813270 3281393
6.815120 3282465
6.816969 3283537
6.818819 3284609
6.820668 3285681
6.822518 3286753
6.824368 3287825
6.826217 3288897
6.828067 3289969
6.829916 3291041
6.831766 3292113
6.833616 3293185
6.835465 3294257
6.837315 3295329
6.839164 3296401
6.841014 3297473
6.842864 3298545
6.844713 3299617
6.846563 3300689
6.848412 3301761
6.850262 3302833
6.852112 3303905
6.853961 3304977
6.855811 3306049
6.857660 3307121
6.859510 3308193
6.861360 3309265
6.863209 3310337
6.865059 3311409
6.866908 3312481
6.868758 3313553
6.870608 3314625
6.872457 3315697
6.874307 3316769
6.876156 3317841
6.878006 3318913
6.879856 3319985
6.881705 3321057
6.883555 3322129
6.885404 3323201
6.887254 3324273
6.889104 3325345
6.890953 3326417
6.892803 3327489
6.894652 3328561
6.896502 3329633
6.898352 3330705
6.900201 3331777
6.902051 3332849
6.903900 3333921
6.905750 3334993
6.907600 3336065
6.909449 3337137
6.911299 3338209
6.913148 3339281
6.914998 3340353
6.916848 3341425
6.918697 3342497
6.920547 3343569
6.922396 3344641
6.924246 3345713
6.926096 3346785
6.927945 3347857
6.929795 3348929
6.931644 3350001
6.933494 3351073
6.935344 3352145
6.937193 3353217
6.939043 3354289
6.940892 3355361
6.942742 3356433
6.944592 3357505
6.946441 3358577
6.948291 3359649
6.950140 3360721
6.951990 3361793
6.953840 3362865
6.955689 3363937
6.957539 3365009
6.959388 3366081
6.961238 3367153
6.963088 3368225
6.964937 3369297
6.966787 3370369
6.968636 3371441
6.970486 3372513
6.972336 3373585
6.974185 3374657
6.976035 3375729
6.977884 3376801
6.979734 3377873
6.981584 3378945
6.983433 3380017
6.985283 3381089
6.987132 3382161
6.988982 3383233
6.990832 3384305
6.992681 3385377
6.994531 3386449
6.996380 3387521
6.998230 3388593
7.000080 3389665
7.001929 3390737
7.003779 3391809
7.005628 3392881
7.007478 3393953
7.009328 3395025
7.011177 3396097
7.013027 3397169
7.014876 3398241
7.016726 3399313
7.018576 3400385
7.020425 3401457
7.022275 3402529
7.024124 3403601
7.025974 3404673
7.027824 3405745
7.029673 3406817
7.031523 3407889
7.033372 3408961
7.035222 3410033
7.037072 3411105
7.038921 3412177
7.040771 3413249
7.042620 3414321
7.044470 3415393
7.046320 3416465
7.048169 3417537
7.050019 3418609
7.051868 3419681
7.053718 3420753
7.055568 3421825
7.057417 3422897
7.059267 3423969
7.061116 3425041
7.062966 3426113
7.064816 3427185
7.066665 3428257
7.068515 3429329
7.070364 3430401
7.072214 3431473
7.074064 3432545
7.075913 3433617
7.077763 3434689
7.079612 3435761
7.081462 3436833
7.083312 3437905
7.085161 3438977
7.087011 3440049
7.088860 3441121
7.090710 3442193
7.092560 3443265
7.094409 3444337
7.096259 3445409
7.098108 3446481
7.099958 3447553
7.101808 3448625
7.103657 3449697
7.105507 3450769
7.107356 3451841
7.109206 3452913
7.111056 3453985
7.112905 3455057
7.114755 3456129
7.116604 3457201
7.118454 3458273
7.120304 3459345
7.122153 3460417
7.124003 3461489
7.125852 3462561
7.127702 3463633
7.129552 3464705
7.131401 3465777
7.133251 3466849
7.135100 3467921
7.136950 3468993
7.138800 3470065
7.140649 3471137
7.142499 3472209
7.144348 3473281
7.146198 3474353
7.148048 3475425
7.149897 3476497
7.151747 3477569
7.153596 3478641
7.155446 3479713
7.157296 3480785
7.159145 3481857
7.160995 3482929
7.162844 3484001
7.164694 3485073
7.166544 3486145
7.168393 3487217
7.170243 3488289
7.172092 3489361
7.173942 3490433
7.175792 3491505
7.177641 3492577
7.179491 3493649
7.181340 3494721
7.183190 3495793
7.185040 3496865
7.186889 3497937
7.188739 3499009
7.190588 3500081
7.192438 3501153
7.194288 3502225
7.196137 3503297
7.197987 3504369
7.199836 3505441
7.201686 3506513
7.203536 3507585
7.205385 3508657
7.207235 3509729
7.209084 3510801
7.210934 3511873
7.212784 3512945
7.214633 3514017
7.216483 3515089
7.218332 3516161
7.220182 3517233
7.222032 3518305
7.223881 3519377
7.225731 3520449
7.227580 3521521
7.229430 3522593
7.231280 3523665
7.233129 3524737
7.234979 3525809
7.236828 3526881
7.238678 3527953
7.240528 3529025
7.242377 3530097
7.244227 3531169
7.246076 3532241
7.247926 3533313
7.249776 3534385
7.251625 3535457
7.253475 3536529
7.255324 3537601
7.257174 3538673
7.259024 3539745
7.260873 3540817
7.262723 3541889
7.264572 3542961
7.266422 3544033
7.268272 3545105
7.270121 3546177
7.271971 3547249
7.273820 3548321
7.275670 3549393
7.277520 3550465
7.279369 3551537
7.281219 3552609
7.283068 3553681
7.284918 3554753
7.286768 3555825
7.288617 3556897
7.290467 3557969
7.292316 3559041
7.294166 3560113
7.296016 3561185
7.297865 3562257
7.299715 3563329
7.301564 3564401
7.303414 3565473
7.305264 3566545
7.307113 3567617
7.308963 3568689
7.310812 3569761
7.312662 3570833
7.314512 3571905
7.316361 3572977
7.318211 3574049
7.320060 3575121
7.321910 3576193
7.323760 3577265
7.325609 3578337
7.327459 3579409
7.329308 3580481
7.331158 3581553
7.333008 3582625
7.334857 3583697
7.336707 3584769
7.338556 3585841
7.340406 3586913
7.342256 3587985
7.344105 3589057
7.345955 3590129
7.347804 3591201
7.349654 3592273
7.351504 3593345
7.353353 3594417
7.355203 3595489
7.357052 3596561
7.358902 3597633
7.360752 3598705
7.362601 3599777
7.364451 3600849
7.366300 3601921
7.368150 3602993
7.370000 3604065
7.371849 3605137
7.373699 3606209
7.375548 3607281
7.377398 3608353
7.379248 3608353
7.380172 3608353
7.381097 3608353
7.382022 3608353
7.382947 3608353
7.383872 3608353
7.384796 3608353
7.385721 3608353
7.386646 3608353
7.387571 3608353
7.388496 3608353
7.389420 3608353
7.390345 3608353
7.391270 3608353
7.392195 3608353
7.393120 3608353
7.394044 3608353
7.394969 3608353
7.395894 3608353
7.396819 3608353
7.397744 3608353
7.398668 3608353
7.399593 3608353
7.400518 3608353
7.401443 3608353
7.402368 3608353
7.403292 3608353
7.404217 3608353
7.405142 3608353
7.406067 3608353
7.406992 3608353
7.407916 3608353
7.408841 3608353
7.409766 3608353
7.410691 3608353
7.411616 3608353
7.412540 3608353
7.413465 3608353
7.414390 3608353
7.415315 3608353
7.416240 3608353
7.417164 3608353
7.418089 3608353
7.419014 3608353
7.419939 3608353
7.420864 3608353
7.421788 3608353
7.422713 3608353
7.423638 3608353
7.424563 3608353
7.425488 3608353
7.426412 3608353
7.427337 3608353
7.428262 3608353
7.429187 3608353
7.430112 3608353
7.431036 3608353
7.431961 3608353
7.432886 3608353
7.433811 3608353
7.434736 3608353
7.435660 3608353
7.436585 3608353
7.437510 3608353
7.438435 3608353
7.439360 3608353
7.440284 3608353
7.441209 3608353
7.442134 3608353
7.443059 3608353
7.443984 3608353
7.444908 3608353
7.445833 3608353
7.446758 3608353
7.447683 3648553
7.449532 3649625
7.451382 3650697
7.453232 3651769
7.455081 3652841
7.456931 3653913
7.458780 3654985
7.460630 3656057
7.462480 3657129
7.464329 3658201
7.466179 3659273
7.468028 3660345
7.469878 3661417
7.471728 3662489
7.473577 3663561
7.475427 3664633
7.477276 3665705
7.479126 3666777
7.480976 3667849
7.482825 3668921
7.484675 3669993
7.486524 3671065
7.488374 3672137
7.490224 3673209
7.492073 3674281
7.493923 3675353
7.495772 3676425
7.497622 3677497
7.499472 3678569
7.501321 3679641
7.503171 3680713
7.505020 3681785
7.506870 3682857
7.508720 3683929
7.510569 3685001
7.512419 3686073
7.514268 3687145
7.516118 3688217
7.517968 3689289
7.519817 3690361
7.521667 3691433
7.523516 3692505
7.525366 3693577
7.527216 3694649
7.529065 3695721
7.530915 3696793
7.532764 3697865
7.534614 3698937
7.536464 3700009
7.538313 3701081
7.540163 3702153
7.542012 3703225
7.543862 3704297
7.545712 3705369
7.547561 3706441
7.549411 3707513
7.551260 3708585
7.553110 3709657
7.554960 3710729
7.556809 3711801
7.558659 3712873
7.560508 3713945
7.562358 3715017
7.564208 3716089
7.566057 3717161
7.567907 3718233
7.569756 3719305
7.571606 3720377
7.573456 3721449
7.575305 3722521
7.577155 3723593
7.579004 3724665
7.580854 3725737
7.582704 3726809
7.584553 3727881
7.586403 3728953
7.588252 3730025
7.590102 3731097
7.591952 3732169
7.593801 3733241
7.595651 3734313
7.597500 3735385
7.599350 3736457
7.601200 3737529
7.603049 3738601
7.604899 3739673
7.606748 3740745
7.608598 3741817
7.610448 3742889
7.612297 3743961
7.614147 3745033
7.615996 3746105
7.617846 3747177
7.619696 3748249
7.621545 3749321
7.623395 3750393
7.625244 3751465
7.627094 3752537
7.628944 3753609
7.630793 3754681
7.632643 3755753
7.634492 3756825
7.636342 3757897
7.638192 3758969
7.640041 3760041
7.641891 3761113
7.643740 3762185
7.645590 3763257
7.647440 3764329
7.649289 3765401
7.651139 3766473
7.652988 3767545
7.654838 3768617
7.656688 3769689
7.658537 3770761
7.660387 3771833
7.662236 3772905
7.664086 3773977
7.665936 3775049
7.667785 3776121
7.669635 3777193
7.671484 3778265
7.673334 3779337
7.675184 3780409
7.677033 3781481
7.678883 3782553
7.680732 3783625
7.682582 3784697
7.684432 3785769
7.686281 3786841
7.688131 3787913
7.689980 3788985
7.691830 3790057
7.693680 3791129
7.695529 3792201
7.697379 3793273
7.699228 3794345
7.701078 3795417
7.702928 3796489
7.704777 3797561
7.706627 3798633
7.708476 3799705
7.710326 3800777
7.712176 3801849
7.714025 3802921
7.715875 3803993
7.717724 3805065
7.719574 3806137
7.721424 3807209
7.723273 3808281
7.725123 3809353
7.726972 3810425
7.728822 3811497
7.730672 3812569
7.732521 3813641
7.734371 3814713
7.736220 3815785
7.738070 3816857
7.739920 3817929
7.741769 3819001
7.743619 3820073
7.745468 3821145
7.747318 3822217
7.749168 3823289
7.751017 3824361
7.752867 3825433
7.754716 3826505
7.756566 3827577
7.758416 3828649
7.760265 3829721
7.762115 3830793
7.763964 3831865
7.765814 3832937
7.767664 3834009
7.769513 3835081
7.771363 3836153
7.773212 3837225
7.775062 3838297
7.776912 3839369
7.778761 3840441
7.780611 3841513
7.782460 3842585
7.784310 3843657
7.786160 3844729
7.788009 3845801
7.789859 3846873
7.791708 3847945
7.793558 3849017
7.795408 3850089
7.797257 3851161
7.799107 3852233
7.800956 3853305
7.802806 3854377
7.804656 3855449
7.806505 3856521
7.808355 3857593
7.810204 3858665
7.812054 3859737
7.813904 3860809
7.815753 3861881
7.817603 3862953
7.819452 3864025
7.821302 3865097
7.823152 3866169
7.825001 3867241
7.826851 3868313
7.828700 3869385
7.830550 3870457
7.832400 3871529
7.834249 3872601
7.836099 3873673
7.837948 3874745
7.839798 3875817
7.841648 3876889
7.843497 3877961
7.845347 3879033
7.847196 3880105
7.849046 3881177
7.850896 3882249
7.852745 3883321
7.854595 3884393
7.856444 3885465
7.858294 3886537
7.860144 3887609
7.861993 3888681
7.863843 3889753
7.865692 3890825
7.867542 3891897
7.869392 3892969
7.871241 3894041
7.873091 3895113
7.874940 3896185
7.876790 3897257
7.878640 3898329
7.880489 3899401
7.882339 3900473
7.884188 3901545
7.886038 3902617
7.887888 3903689
7.889737 3904761
7.891587 3905833
7.893436 3906905
7.895286 3907977
7.897136 3909049
7.898985 3910121
7.900835 3911193
7.902684 3912265
7.904534 3913337
7.906384 3914409
7.908233 3915481
7.910083 3916553
7.911932 3917625
7.913782 3918697
7.915632 3919769
7.917481 3920841
7.919331 3921913
7.921180 3922985
7.923030 3924057
7.924880 3925129
7.926729 3926201
7.928579 3927273
7.930428 3928345
7.932278 3929417
7.934128 3930489
7.935977 3931561
7.937827 3932633
7.939676 3933705
7.942451 3934241
7.943376 3934241
7.944300 3934241
7.945225 3934241
7.946150 3934241
7.947075 3934241
7.948000 3934241
7.948924 3934241
7.949849 3934241
7.950774 3934241
7.951699 3934241
7.952624 3934241
7.953548 3934241
7.954473 3934241
7.955398 3934241
7.956323 3934241
7.957248 3934241
7.958172 3934241
7.959097 3934241
7.960022 3934241
7.960947 3934241
7.961872 3934241
7.962796 3934241
7.963721 3934241
7.964646 3934241
7.965571 3934241
7.966496 3934241
7.967420 3934241
7.968345 3934241
7.969270 3934241
7.970195 3934241
7.971120 3934241
7.972044 3934241
7.972969 3934241
7.973894 3934241
7.974819 3934241
7.975744 3934241
7.976668 3934241
7.977593 3934241
7.978518 3934241
7.979443 3934241
7.980368 3934241
7.981292 3957289
7.983142 3958361
7.984992 3959433
7.986841 3960505
7.988691 3961577
7.990540 3962649
7.992390 3963721
7.994240 3964793
7.996089 3965865
7.997939 3966937
7.999788 3968009
8.001638 3969081
8.003488 3970153
8.005337 3971225
8.007187 3972297
8.009036 3973369
8.010886 3974441
8.012736 3975513
8.014585 3976585
8.016435 3977657
8.018284 3978729
8.020134 3979801
8.021984 3980873
8.023833 3981945
8.025683 3983017
8.027532 3984089
8.029382 3985161
8.031232 3986233
8.033081 3987305
8.034931 3988377
8.036780 3989449
8.038630 3990521
8.040480 3991593
8.042329 3992665
8.044179 3993737
8.046028 3994809
8.047878 3995881
8.049728 3996953
8.051577 3998025
8.053427 3999097
8.055276 4000169
8.057126 4001241
8.058976 4002313
8.060825 4003385
8.062675 4004457
8.064524 4005529
8.066374 4006601
8.068224 4007673
8.070073 4008745
8.071923 4009817
8.073772 4010889
8.075622 4011961
8.077472 4013033
8.079321 4014105
8.081171 4015177
8.083020 4016249
8.084870 4017321
8.086720 4018393
8.088569 4019465
8.090419 4020537
8.092268 4021609
8.094118 4022681
8.095968 4023753
8.097817 4024825
8.099667 4025897
8.101516 4026969
8.103366 4028041
8.105216 4029113
8.107065 4030185
8.108915 4031257
8.110764 4032329
8.112614 4033401
8.114464 4034473
8.116313 4035545
8.118163 4036617
8.120012 4037689
8.121862 4038761
8.123712 4039833
8.125561 4040905
8.127411 4041977
8.129260 4043049
8.131110 4044121
8.132960 4045193
8.134809 4046265
8.136659 4047337
8.138508 4048409
8.140358 4049481
8.142208 4050553
8.144057 4051625
8.145907 4052697
8.147756 4053769
8.149606 4054841
8.151456 4055913
8.153305 4056985
8.155155 4058057
8.157004 4059129
8.158854 4060201
8.160704 4061273
8.162553 4062345
8.164403 4063417
8.166252 4064489
8.168102 4065561
8.169952 4066633
8.171801 4067705
8.173651 4068777
8.175500 4069849
8.177350 4070921
8.179200 4071993
8.181049 4073065
8.182899 4074137
8.184748 4075209
8.186598 4076281
8.188448 4077353
8.190297 4078425
8.192147 4079497
8.193996 4080569
8.195846 4081641
8.197696 4082713
8.199545 4083785
8.201395 4084857
8.203244 4085929
8.205094 4087001
8.206944 4088073
8.208793 4089145
8.210643 4090217
8.212492 4091289
8.214342 4092361
8.216192 4093433
8.218041 4094505
8.219891 4095577
8.221740 4096649
8.223590 4097721
8.225440 4098793
8.227289 4099865
8.229139 4100937
8.230988 4102009
8.232838 4103081
8.234688 4104153
8.236537 4105225
8.238387 4106297
8.240236 4107369
8.242086 4108441
8.243936 4109513
8.245785 4110585
8.247635 4111657
8.249484 4112729
8.251334 4113801
8.253184 4114873
8.255033 4115945
8.256883 4117017
8.258732 4118089
8.260582 4119161
8.262432 4120233
8.264281 4121305
8.266131 4122377
8.267980 4123449
8.269830 4124521
8.271680 4125593
8.273529 4126665
8.275379 4127737
8.277228 4128809
8.279078 4129881
8.280928 4130953
8.282777 4132025
8.284627 4133097
8.286476 4134169
8.288326 4135241
8.290176 4136313
8.292025 4137385
8.293875 4138457
8.295724 4139529
8.297574 4140601
8.299424 4141673
8.301273 4142745
8.303123 4143817
8.304972 4144889
8.306822 4145961
8.308672 4147033
8.310521 4148105
8.312371 4149177
8.314220 4150249
8.316070 4151321
8.317920 4152393
8.319769 4153465
8.321619 4154537
8.323468 4155609
8.325318 4156681
8.327168 4157753
8.329017 4158825
8.330867 4159897
8.332716 4160969
8.334566 4162041
8.336416 4163113
8.338265 4164185
8.340115 4165257
8.341964 4166329
8.343814 4167401
8.345664 4168473
8.347513 4169545
8.349363 4170617
8.351212 4171689
8.353062 4172761
8.354912 4173833
8.356761 4174905
8.358611 4175977
8.360460 4177049
8.362310 4178121
8.364160 4179193
8.366009 4180265
8.367859 4181337
8.369708 4182409
8.371558 4183481
8.373408 4184553
8.375257 4185625
8.377107 4186697
8.378956 4187769
8.380806 4188841
8.382656 4189913
8.384505 4190985
8.386355 4192057
8.388204 4193129
8.390054 4194201
8.391904 4195273
8.393753 4196345
8.395603 4197417
8.397452 4198489
8.399302 4199561
8.401152 4200633
8.403001 4201705
8.404851 4202777
8.406700 4203849
8.408550 4204921
8.410400 4205993
8.412249 4207065
8.414099 4208137
8.415948 4209209
8.417798 4210281
8.419648 4211353
8.421497 4212425
8.423347 4213497
8.425196 4214569
8.427046 4215641
8.428896 4216713
8.430745 4217785
8.432595 4218857
8.434444 4219929
8.436294 4221001
8.438144 4222073
8.439993 4223145
8.441843 4224217
8.443692 4225289
8.445542 4226361
8.447392 4227433
8.449241 4228505
8.451091 4229577
8.452940 4230649
8.454790 4231721
8.456640 4232793
8.458489 4233865
8.460339 4234937
8.462188 4236009
8.464038 4237081
8.465888 4238153
8.467737 4239225
8.469587 4240297
8.471436 4241369
8.473286 4242441
8.475136 4243513
8.476985 4244585
8.478835 4245657
8.480684 4246729
8.482534 4247801
8.484384 4248873
8.486233 4249945
8.488083 4251017
8.489932 4252089
8.491782 4253161
8.493632 4254233
8.495481 4255305
8.497331 4256377
8.499180 4257449
8.501030 4258521
8.502880 4259593
8.504729 4260665
8.506579 4261737
8.508428 4262809
8.510278 4263881
8.512128 4264953
8.513977 4266025
8.515827 4267097
8.517676 4268169
8.519526 4269241
8.521376 4270313
8.523225 4271385
8.525075 4272457
8.526924 4273529
8.528774 4274601
8.530624 4275673
8.532473 4276745
8.534323 4277817
8.536172 4278889
8.538022 4279961
8.539872 4281033
8.541721 4282105
8.543571 4283177
8.545420 4284249
8.547270 4285321
8.549120 4286393
8.550969 4287465
8.552819 4288537
8.554668 4289609
8.556518 4290681
8.558368 4291753
8.560217 4292825
8.562067 4293897
8.563916 4294969
8.565766 4296041
8.567616 4297113
8.569465 4298185
8.571315 4299257
8.573164 4300329
8.575014 4301401
8.576864 4302473
8.578713 4303545
8.580563 4304617
8.582412 4305689
8.584262 4306761
8.586112 4307833
8.587961 4308905
8.589811 4309977
8.591660 4311049
8.593510 4312121
8.595360 4313193
8.597209 4314265
8.599059 4315337
8.600908 4316409
8.602758 4317481
8.604608 4318553
8.606457 4319625
8.608307 4320697
8.610156 4321769
8.612006 4322841
8.613856 4323913
8.615705 4324985
8.617555 4326057
8.619404 4327129
8.621254 4328201
8.623104 4329273
8.624953 4330345
8.626803 4331417
8.628652 4332489
8.630502 4333561
8.632352 4334633
8.634201 4335705
8.636051 4336777
8.637900 4337849
8.639750 4338921
8.641600 4339993
8.643449 4341065
8.645299 4342137
8.647148 4343209
8.648998 4344281
8.650848 4345353
8.652697 4346425
8.654547 4347497
8.656396 4348569
8.658246 4349641
8.660096 4350713
8.661945 4351785
8.663795 4352857
8.665644 4353929
8.667494 4355001
8.669344 4356073
8.671193 4357145
8.673043 4358217
8.674892 4359289
8.676742 4360361
8.678592 4361433
8.680441 4362505
8.682291 4363577
8.684140 4364649
8.685990 4365721
8.687840 4366793
8.689689 4367865
8.691539 4368937
8.693388 4370009
8.695238 4371081
8.697088 4372153
8.698937 4373225
8.700787 4374297
8.702636 4375369
8.704486 4376441
8.706336 4377513
8.708185 4378585
8.710035 4379657
8.711884 4380729
8.713734 4381801
8.715584 4382873
8.717433 4383945
8.719283 4385017
8.721132 4386089
8.722982 4387161
8.724832 4388233
8.726681 4389305
8.728531 4390377
8.730380 4391449
8.732230 4392521
8.734080 4393593
8.735929 4394665
8.737779 4395737
8.739628 4396809
8.741478 4397881
8.743328 4398953
8.745177 4400025
8.747027 4401097
8.748876 4402169
8.750726 4403241
8.752576 4404313
8.754425 4405385
8.756275 4406457
8.758124 4407529
8.759974 4408601
8.761824 4409673
8.763673 4410745
8.765523 4411817
8.767372 4412889
8.769222 4413961
8.771072 4415033
8.772921 4416105
8.774771 4417177
8.776620 4418249
8.778470 4419321
8.780320 4420393
8.782169 4421465
8.784019 4422537
8.785868 4423609
8.787718 4424681
8.789568 4425753
8.791417 4426825
8.793267 4427897
8.795116 4428969
8.796966 4430041
8.798816 4431113
8.800665 4432185
8.802515 4433257
8.804364 4434329
8.806214 4435401
8.808064 4436473
8.809913 4437545
8.811763 4438617
8.813612 4439689
8.815462 4440761
8.817312 4441833
8.819161 4442905
8.821011 4443977
8.822860 4445049
8.824710 4446121
8.826560 4447193
8.828409 4448265
8.830259 4449337
8.832108 4450409
8.833958 4451481
8.835808 4452553
8.837657 4453625
8.839507 4454697
8.841356 4455769
8.843206 4456841
8.845056 4457913
8.846905 4458985
8.848755 4460057
8.850604 4461129
8.852454 4462201
8.854304 4463273
8.856153 4464345
8.858003 4465417
8.859852 4466489
8.861702 4467561
8.863552 4468633
8.865401 4469705
8.867251 4470777
8.869100 4471849
8.870950 4472921
8.872800 4473993
8.875574 4474529
8.876499 4474529
8.877424 4474529
8.878348 4474529
8.879273 4474529
8.880198 4474529
8.881123 4474529
8.882048 4474529
8.882972 4474529
8.883897 4474529
8.884822 4474529
8.885747 4474529
8.886672 4474529
8.887596 4474529
8.888521 4474529
8.889446 4474529
8.890371 4474529
8.891296 4474529
8.892220 4474529
8.893145 4474529
8.894070 4474529
8.894995 4474529
8.895920 4474529
8.896844 4474529
8.897769 4474529
8.898694 4474529
8.899619 4474529
8.900544 4474529
8.901468 4474529
8.902393 4474529
8.903318 4474529
8.904243 4474529
8.905168 4474529
8.906092 4474529
8.907017 4474529
8.907942 4474529
8.908867 4494361
8.910716 4495433
8.912566 4496505
8.914416 4497577
8.916265 4498649
8.918115 4499721
8.919964 4500793
8.921814 4501865
8.923664 4502937
8.925513 4504009
8.927363 4505081
8.929212 4506153
8.931062 4507225
8.932912 4508297
8.934761 4509369
8.936611 4510441
8.938460 4511513
8.940310 4512585
8.942160 4513657
8.944009 4514729
8.945859 4515801
8.947708 4516873
8.949558 4517945
8.951408 4519017
8.953257 4520089
8.955107 4521161
8.956956 4522233
8.959731 4522769
8.960656 4522769
8.961580 4522769
8.962505 4522769
8.963430 4522769
8.964355 4522769
8.965280 4522769
8.966204 4522769
8.967129 4522769
8.968054 4522769
8.968979 4522769
8.969904 4522769
8.970828 4522769
8.971753 4522769
8.972678 4522769
8.973603 4522769
8.974528 4522769
8.975452 4522769
8.976377 4532953
8.981820 4534025
8.983670 4535097
8.985520 4536169
8.987369 4537241
8.992812 4538313
8.994662 4539385
8.996512 4540457
8.998361 4541529
9.000211 4542601
9.004729 4543673
9.006579 4544745
9.008428 4545817
9.010278 4546889
9.012128 4547961
9.016646 4549033
9.018496 4550105
9.020345 4551177
9.022195 4552249
9.024044 4553321
9.028563 4554393
9.030412 4555465
9.032262 4556537
9.034112 4557609
9.035961 4558681
9.039555 4559753
9.041404 4560825
9.043254 4561897
9.045104 4562969
9.046953 4564041
9.050547 4565113
9.052396 4566185
9.054246 4567257
9.056096 4568329
9.057945 4569401
9.059795 4570473
9.062464 4571545
9.064313 4572617
9.066163 4573689
9.068012 4574761
9.069862 4575833
9.071712 4576905
9.074380 4577977
9.076230 4579049
9.078080 4580121
9.079929 4581193
9.081779 4582265
9.083628 4583337
9.085478 4584409
9.087328 4585481
9.089177 4586553
9.091027 4587625
9.092876 4588697
9.094726 4589769
9.096576 4590841
9.098425 4591913
9.100275 4592985
9.102124 4594057
9.103974 4595129
9.105824 4596201
9.107673 4597273
9.109523 4598345
9.111372 4599417
9.113222 4600489
9.115072 4601561
9.116921 4602633
9.118771 4603705
9.120620 4604777
9.122470 4605849
9.124320 4606921
9.126169 4607993
9.128019 4609065
9.129868 4610137
9.131718 4611209
9.133568 4612281
9.135417 4613353
9.137267 4614425
9.139116 4615497
9.140966 4616569
9.142816 4617641
9.144665 4618713
9.146515 4619785
9.148364 4620857
9.150214 4621929
9.152064 4623001
9.153913 4624073
9.155763 4625145
9.157612 4626217
9.159462 4627289
9.161312 4628361
9.163161 4629433
9.165011 4630505
9.166860 4631577
9.168710 4632649
9.170560 4633721
9.172409 4634793
9.174259 4635865
9.176108 4636937
9.177958 4638009
9.179808 4639081
9.181657 4640153
9.183507 4641225
9.185356 4642297
9.187206 4643369
9.189056 4644441
9.190905 4645513
9.192755 4646585
9.194604 4647657
9.196454 4648729
9.198304 4649801
9.200153 4650873
9.202003 4651945
9.203852 4653017
9.205702 4654089
9.207552 4655161
9.209401 4656233
9.211251 4657305
9.213100 4658377
9.214950 4659449
9.216800 4660521
9.218649 4661593
9.220499 4662665
9.222348 4663737
9.224198 4664809
9.226048 4665881
9.227897 4666953
9.229747 4668025
9.231596 4669097
9.233446 4670169
9.235296 4671241
9.237145 4672313
9.238995 4673385
9.240844 4674457
9.242694 4675529
9.244544 4676601
9.246393 4677673
9.248243 4678745
9.250092 4679817
9.251942 4680889
9.253792 4681961
9.255641 4683033
9.257491 4684105
9.259340 4685177
9.261190 4686249
9.263040 4687321
9.264889 4688393
9.266739 4689465
9.268588 4690537
9.270438 4691609
9.272288 4692681
9.274137 4693753
9.275987 4694825
9.277836 4695897
9.279686 4696969
9.281536 4698041
9.283385 4699113
9.285235 4700185
9.287084 4701257
9.288934 4702329
9.290784 4703401
9.292633 4704473
9.294483 4705545
9.296332 4706617
9.298182 4707689
9.300032 4708761
9.301881 4709833
9.303731 4710905
9.305580 4711977
9.307430 4713049
9.309280 4714121
9.311129 4715193
9.312979 4716265
9.314828 4717337
9.316678 4718409
9.318528 4719481
9.320377 4720553
9.322227 4721625
9.324076 4722697
9.325926 4723769
9.327776 4724841
9.329625 4725913
9.331475 4726985
9.333324 4728057
9.335174 4729129
9.337024 4730201
9.338873 4731273
9.340723 4732345
9.342572 4733417
9.344422 4734489
9.346272 4735561
9.348121 4736633
9.349971 4737705
9.351820 4738777
9.353670 4739849
9.355520 4740921
9.357369 4741993
9.359219 4743065
9.361068 4744137
9.362918 4745209
9.364768 4746281
9.366617 4747353
9.368467 4748425
9.370316 4749497
9.372166 4750569
9.374016 4751641
9.375865 4752713
9.377715 4753785
9.379564 4754857
9.381414 4755929
9.383264 4757001
9.385113 4758073
9.386963 4759145
9.388812 4760217
9.390662 4761289
9.392512 4762361
9.394361 4763433
9.396211 4764505
9.398060 4765577
9.399910 4766649
9.401760 4767721
9.403609 4768793
9.405459 4769865
9.407308 4770937
9.409158 4772009
9.411008 4773081
9.412857 4774153
9.414707 4775225
9.416556 4776297
9.418406 4777369
9.420256 4778441
9.422105 4779513
9.423955 4780585
9.425804 4781657
9.427654 4782729
9.429504 4783801
9.431353 4784873
9.433203 4785945
9.435052 4787017
9.436902 4788089
9.438752 4789161
9.440601 4790233
9.442451 4791305
9.444300 4792377
9.446150 4793449
9.448000 4794521
9.449849 4795593
9.451699 4796665
9.453548 4797737
9.455398 4798809
9.457248 4799881
9.459097 4800953
9.460947 4802025
9.462796 4803097
9.464646 4804169
9.466496 4805241
9.468345 4806313
9.470195 4807385
9.472044 4808457
9.473894 4809529
9.475744 4810601
9.477593 4811673
9.479443 4812745
9.481292 4813817
9.483142 4814889
9.484992 4815961
9.486841 4817033
9.488691 4818105
9.490540 4819177
9.492390 4820249
9.494240 4821321
9.496089 4822393
9.497939 4823465
9.499788 4824537
9.501638 4825609
9.503488 4826681
9.505337 4827753
9.507187 4828825
9.509036 4829897
9.510886 4830969
9.512736 4832041
9.514585 4833113
9.516435 4834185
9.518284 4835257
9.520134 4836329
9.521984 4837401
9.523833 4838473
9.525683 4839545
9.527532 4840617
9.529382 4841689
9.531232 4842761
9.533081 4843833
9.534931 4844905
9.536780 4845977
9.538630 4847049
9.540480 4848121
9.542329 4849193
9.544179 4850265
9.546028 4851337
9.547878 4852409
9.549728 4853481
9.551577 4854553
9.553427 4855625
9.555276 4856697
9.557126 4857769
9.558976 4858841
9.560825 4859913
9.562675 4860985
9.564524 4862057
9.566374 4863129
9.568224 4864201
9.570073 4865273
9.571923 4866345
9.573772 4867417
9.575622 4868489
9.577472 4869561
9.579321 4870633
9.581171 4871705
9.583020 4872777
9.584870 4873849
9.586720 4874921
9.588569 4875993
9.590419 4877065
9.592268 4878137
9.594118 4879209
9.595968 4880281
9.597817 4881353
9.599667 4882425
9.601516 4883497
9.603366 4884569
9.605216 4885641
9.607065 4886713
9.608915 4887785
9.610764 4888857
9.612614 4889929
9.614464 4891001
9.616313 4892073
9.618163 4893145
9.620012 4894217
9.621862 4895289
9.623712 4896361
9.625561 4897433
9.627411 4898505
9.629260 4899577
9.631110 4900649
9.632960 4901721
9.634809 4902793
9.636659 4903865
9.638508 4904937
9.640358 4906009
9.642208 4907081
9.644057 4908153
9.645907 4909225
9.647756 4910297
9.649606 4911369
9.651456 4912441
9.653305 4913513
9.655155 4914585
9.657004 4915657
9.658854 4916729
9.660704 4917801
9.662553 4918873
9.664403 4919945
9.666252 4921017
9.668102 4922089
9.669952 4923161
9.671801 4924233
9.673651 4925305
9.675500 4926377
9.677350 4927449
9.679200 4928521
9.681049 4929593
9.682899 4930665
9.684748 4931737
9.686598 4932809
9.688448 4933881
9.690297 4934953
9.692147 4936025
9.693996 4937097
9.695846 4938169
9.697696 4939241
9.699545 4940313
9.701395 4941385
9.703244 4942457
9.705094 4943529
9.706944 4944601
9.708793 4945673
9.710643 4946745
9.712492 4947817
9.714342 4948889
9.716192 4949961
9.718041 4951033
9.719891 4952105
9.721740 4953177
9.723590 4954249
9.725440 4955321
9.727289 4956393
9.729139 4957465
9.730988 4958537
9.732838 4959609
9.734688 4960681
9.736537 4961753
9.738387 4962825
9.740236 4963897
9.742086 4964969
9.743936 4966041
9.745785 4967113
9.747635 4968185
9.749484 4969257
9.751334 4970329
9.753184 4971401
9.755033 4972473
9.756883 4973545
9.758732 4974617
9.760582 4975689
9.762432 4976761
9.764281 4977833
9.766131 4978905
9.767980 4979977
9.769830 4981049
9.771680 4982121
9.773529 4983193
9.775379 4984265
9.777228 4985337
9.779078 4986409
9.780928 4987481
9.782777 4988553
9.784627 4989625
9.786476 4990697
9.788326 4991769
9.790176 4992841
9.792025 4993913
9.793875 4994985
9.795724 4996057
9.797574 4997129
9.799424 4998201
9.801273 4999273
9.803123 5000345
9.804972 5001417
9.806822 5002489
9.808672 5003561
9.810521 5004633
9.812371 5005705
9.814220 5006777
9.816070 5007849
9.817920 5008921
9.819769 5009993
9.821619 5011065
9.823468 5012137
9.825318 5013209
9.827168 5014281
9.829017 5015353
9.830867 5016425
9.832716 5017497
9.834566 5018569
9.836416 5019641
9.838265 5020713
9.840115 5021785
9.841964 5022857
9.843814 5023929
9.845664 5025001
9.847513 5026073
9.849363 5027145
9.851212 5028217
9.853062 5029289
9.854912 5030361
9.856761 5031433
9.858611 5032505
9.860460 5033577
9.862310 5034649
9.864160 5035721
9.866009 5036793
9.867859 5037865
9.869708 5038937
9.871558 5040009
9.873408 5041081
9.875257 5042153
9.877107 5043225
9.878956 5044297
9.880806 5045369
9.882656 5046441
9.884505 5047513
9.886355 5048585
9.888204 5049657
9.890054 5050729
9.891904 5051801
9.893753 5052873
9.895603 5053945
9.897452 5055017
9.899302 5056089
9.901152 5057161
9.903001 5058233
9.904851 5059305
9.906700 5060377
9.908550 5061449
9.910400 5062521
9.912249 5063593
9.914099 5064665
9.915948 5065737
9.917798 5066809
9.919648 5067881
9.921497 5068953
9.923347 5070025
9.925196 5071097
9.927046 5072169
9.928896 5073241
9.930745 5074313
9.932595 5075385
9.934444 5076457
9.936294 5077529
9.938144 5078601
9.939993 5079673
9.941843 5080745
9.943692 5081817
9.945542 5082889
9.947392 5083961
9.949241 5085033
9.951091 5086105
9.952940 5087177
9.954790 5088249
9.956640 5089321
9.958489 5090393
9.960339 5091465
9.962188 5092537
9.964038 5093609
9.965888 5094681
9.967737 5095753
9.969587 5096825
9.971436 5097897
9.973286 5098969
9.975136 5100041
9.976985 5101113
9.978835 5102185
9.980684 5103257
9.982534 5104329
9.984384 5105401
9.986233 5106473
9.988083 5107545
9.989932 5108617
9.991782 5109689
9.993632 5110761
9.995481 5111833
9.997331 5112905
9.999180 5113977
