start
2.00122 4596736
3.00186 4639616
4.00249 4639616
5.00312 4639616
6.00376 4639616
7.00439 4639616
8.00503 4639616
9.00566 4639616
end
start
2.0058 4172224
3.00609 4558144
4.00656 4506688
5.00839 4540992
6.00929 4545280
7.00987 4519552
8.01074 4403776
9.01141 4356608
end
start
2.01054 1899584
3.01679 4180800
4.01777 3992128
5.01782 4300864
6.01807 4322304
7.01832 4322304
8.01856 4322304
9.01935 3357504
end
start
2.06375 347328
3.11067 823296
4.12336 55744
5.13605 300160
6.14967 454528
7.16329 647488
8.17784 849024
9.19238 1050560
end
start
2.10688 38592
3.11276 304448
4.13899 587456
5.15967 235840
6.16741 34304
7.17237 21440
8.17825 141504
9.18506 158656
end
