1.020134 1
1.041193 537
1.063110 1609
1.085027 2681
1.106019 3753
1.107868 4825
1.127936 5897
1.129785 6969
1.131635 8041
1.149852 9113
1.151702 10185
1.153552 11257
1.155401 12329
1.170844 13401
1.172694 14473
1.174544 15545
1.176393 16617
1.178243 17689
1.180092 18761
1.191836 19833
1.193686 20905
1.195536 21977
1.197385 23049
1.199235 24121
1.201084 25193
1.202934 26265
1.204784 27337
1.206633 28409
1.212828 29481
1.214678 30553
1.216528 31625
1.218377 32697
1.220227 33769
1.222076 34841
1.223926 35913
1.225776 36985
1.227625 38057
1.229475 39129
1.231324 40201
1.233174 41273
1.235024 42345
1.236873 43417
1.238723 44489
1.240572 45561
1.242422 46633
1.244272 47705
1.246121 48777
1.247971 49849
1.249820 50921
1.250745 50921
1.251670 50921
1.252595 50921
1.253520 50921
1.254444 50921
1.255369 50921
1.256294 50921
1.257219 50921
1.258144 50921
1.259068 50921
1.259993 50921
1.260918 50921
1.261843 50921
1.262768 50921
1.263692 50921
1.264617 50921
1.265542 50921
1.266467 50921
1.267392 50921
1.268316 50921
1.269241 50921
1.270166 50921
1.271091 50921
1.272016 50921
1.272940 50921
1.273865 50921
1.274790 50921
1.275715 50921
1.276640 50921
1.277564 50921
1.278489 50921
1.279414 50921
1.280339 52529
1.294857 52529
1.295782 52529
1.296707 52529
1.297632 52529
1.298556 52529
1.299481 52529
1.300406 52529
1.301331 54137
1.302256 54137
1.315849 54137
1.316774 54137
1.317699 54137
1.318624 54137
1.319548 54137
1.320473 54137
1.321398 54137
1.322323 55745
1.323248 55745
1.324172 55745
1.336841 55745
1.337766 55745
1.338691 55745
1.339616 55745
1.340540 55745
1.341465 55745
1.342390 55745
1.343315 57353
1.344240 57353
1.345164 57353
1.346089 57353
1.357833 57353
1.358758 57353
1.359683 57353
1.360608 57353
1.361532 57353
1.362457 57353
1.363382 57353
1.364307 58961
1.365232 58961
1.366156 58961
1.367081 58961
1.368006 58961
1.378825 58961
1.379750 58961
1.380675 58961
1.381600 58961
1.382524 58961
1.383449 58961
1.384374 58961
1.385299 60569
1.386224 60569
1.387148 60569
1.388073 60569
1.388998 60569
1.389923 60569
1.399817 60569
1.400742 60569
1.401667 60569
1.402592 60569
1.403516 60569
1.404441 60569
1.405366 60569
1.406291 62177
1.407216 62177
1.408140 62177
1.409065 62177
1.409990 62177
1.410915 62177
1.411840 62177
1.420809 62177
1.421734 62177
1.422659 62177
1.423584 62177
1.424508 62177
1.425433 62177
1.426358 62177
1.427283 63785
1.428208 63785
1.429132 63785
1.430057 63785
1.430982 63785
1.431907 63785
1.432832 63785
1.433756 63785
1.441801 63785
1.442726 63785
1.443651 63785
1.444576 63785
1.445500 63785
1.446425 63785
1.447350 63785
1.448275 65393
1.449200 65393
1.450124 65393
1.451049 65393
1.451974 65393
1.452899 65393
1.453824 65393
1.454748 65393
1.455673 65393
1.462793 65393
1.463718 65393
1.464643 65393
1.465568 65393
1.466492 65393
1.469267 67001
1.470192 67001
1.471116 67001
1.472041 67001
1.490259 68609
1.491184 68609
1.492108 68609
1.493033 68609
1.511251 70217
1.512176 70217
1.513100 70217
1.514025 70217
1.532243 71825
1.533168 71825
1.534092 71825
1.535017 71825
1.553235 73433
1.554160 73433
1.555084 73433
1.556009 73433
1.574227 75041
1.575152 75041
1.576076 75041
1.577001 75041
1.595219 76649
1.596144 76649
1.597068 76649
1.597993 76649
1.616211 140433
1.618060 141505
1.637203 142577
1.639052 143649
1.640902 144721
1.642752 145793
1.644601 146865
1.646451 147937
1.647376 147937
1.648300 147937
1.658195 147937
1.659120 147937
1.660044 147937
1.660969 147937
1.661894 147937
1.662819 147937
1.663744 147937
1.664668 147937
1.665593 147937
1.666518 147937
1.667443 147937
1.668368 147937
1.679187 148473
1.688435 148473
1.689360 148473
1.700179 149009
1.701104 149009
1.709427 149009
1.710352 149009
1.721171 149545
1.722096 149545
1.723020 149545
1.730419 149545
1.731344 149545
1.742163 150081
1.743088 150081
1.744012 150081
1.744937 150081
1.751411 150081
1.752336 150081
1.763155 150617
1.764080 150617
1.765004 150617
1.765929 150617
1.766854 150617
1.772403 150617
1.773328 150617
1.784147 151153
1.785072 151153
1.785996 151153
1.786921 151153
1.787846 151153
1.788771 151153
1.793395 151153
1.794320 151153
1.805139 151689
1.806064 151689
1.806988 151689
1.807913 151689
1.808838 151689
1.809763 151689
1.810688 151689
1.814387 151689
1.815312 151689
1.826131 152225
1.827056 152225
1.827980 152225
1.828905 152225
1.829830 152225
1.830755 152225
1.831680 152225
1.832604 152225
1.835379 152225
1.836304 152225
1.847123 152761
1.848048 152761
1.848972 152761
1.849897 152761
1.850822 152761
1.851747 152761
1.852672 152761
1.853596 152761
1.854521 152761
1.856371 152761
1.857296 152761
1.868115 189745
1.869964 190817
1.871814 191889
1.873664 192961
1.875513 194033
1.877363 195105
1.889107 196177
1.891881 197249
1.893731 198321
1.895580 199393
1.897430 200465
1.899280 201537
1.911024 202609
1.913798 203681
1.915648 204753
1.917497 205825
1.919347 206897
1.921196 207969
1.932940 209041
1.934790 210113
1.936640 211185
1.938489 212257
1.940339 213329
1.942188 214401
1.953932 215473
1.955782 216545
1.957632 217617
1.959481 218689
1.961331 219761
1.963180 220833
1.974924 221905
1.976774 222977
1.978624 224049
1.980473 225121
1.982323 226193
1.984172 227265
1.986022 228337
1.996841 229409
1.998691 230481
2.000540 231553
2.002390 232625
2.004240 233697
2.006089 234769
2.007939 235841
2.018758 236913
2.020608 237985
2.022457 239057
2.024307 240129
2.026156 241201
2.028006 242273
2.029856 243345
2.039750 244417
2.041600 245489
2.043449 246561
2.045299 247633
2.047148 248705
2.048998 249777
2.050848 250849
2.060742 251921
2.062592 252993
2.064441 254065
2.066291 255137
2.068140 256209
2.069990 257281
2.071840 258353
2.073689 259425
2.082659 260497
2.084508 261569
2.086358 262641
2.088208 263713
2.090057 264785
2.091907 265857
2.093756 266929
2.095606 268001
2.104576 269073
2.106425 270145
2.108275 271217
2.110124 272289
2.111974 273361
2.113824 274433
2.115673 275505
2.117523 276577
2.125568 277649
2.127417 278721
2.129267 279793
2.131116 280865
2.132966 281937
2.134816 283009
2.136665 284081
2.138515 285153
2.146560 286225
2.148409 287297
2.150259 288369
2.152108 289441
2.153958 290513
2.155808 291585
2.157657 292657
2.159507 293729
2.167552 294801
2.169401 295873
2.171251 296945
2.173100 298017
2.174950 299089
2.176800 300161
2.178649 301233
2.180499 302305
2.182348 303377
2.189468 304449
2.191318 305521
2.193168 306593
2.195017 307665
2.196867 308737
2.198716 309809
2.200566 310881
2.202416 311953
2.204265 313025
2.211385 314097
2.213235 315169
2.215084 316241
2.216934 317313
2.218784 318385
2.220633 319457
2.222483 320529
2.224332 321601
2.226182 322673
2.232377 323745
2.234227 324817
2.236076 325889
2.237926 326961
2.239776 328033
2.241625 329105
2.243475 330177
2.245324 331249
2.247174 332321
2.253369 333393
2.255219 334465
2.257068 335537
2.258918 336609
2.260768 337681
2.262617 338753
2.264467 339825
2.266316 340897
2.268166 341969
2.270016 343041
2.275286 344113
2.277136 345185
2.278985 346257
2.280835 347329
2.282684 348401
2.284534 349473
2.286384 350545
2.288233 351617
2.290083 352689
2.291932 353761
2.297203 354833
2.299052 355905
2.300902 356977
2.302752 358049
2.304601 359121
2.306451 360193
2.308300 361265
2.310150 362337
2.312000 363409
2.313849 364481
2.318195 365553
2.320044 366625
2.321894 367697
2.323744 368769
2.325593 369841
2.327443 370913
2.329292 371985
2.331142 373057
2.332992 374129
2.334841 375201
2.339187 376273
2.341036 377345
2.342886 378417
2.344736 379489
2.346585 380561
2.348435 381633
2.350284 382705
2.352134 383777
2.353984 384849
2.355833 385921
2.357683 386993
2.361104 388065
2.362953 389137
2.364803 390209
2.366652 391281
2.368502 392353
2.370352 393425
2.372201 394497
2.374051 395569
2.375900 396641
2.377750 397713
2.379600 398785
2.383020 399857
2.384870 400929
2.386720 402001
2.388569 403073
2.390419 404145
2.392268 405217
2.394118 406289
2.395968 407361
2.397817 408433
2.399667 409505
2.401516 410577
2.404012 411649
2.405862 412721
2.407712 413793
2.409561 414865
2.411411 415937
2.413260 417009
2.415110 418081
2.416960 419153
2.418809 420225
2.420659 421297
2.422508 422369
2.425004 423441
2.426854 424513
2.428704 425585
2.430553 426657
2.432403 427729
2.434252 428801
2.436102 429873
2.437952 430945
2.439801 432017
2.441651 433089
2.443500 434161
2.445996 435233
2.447846 436305
2.449696 437377
2.451545 438449
2.453395 439521
2.455244 440593
2.457094 441665
2.458944 442737
2.460793 443809
2.462643 444881
2.464492 445953
2.466342 447025
2.468192 448097
2.470041 449169
2.471891 450241
2.473740 451313
2.475590 452385
2.477440 453457
2.479289 454529
2.481139 455601
2.482988 456673
2.484838 457745
2.486688 458817
2.488537 459889
2.490387 460961
2.492236 462033
2.494086 463105
2.495936 464177
2.497785 465249
2.499635 466321
2.501484 467393
2.503334 468465
2.505184 469537
2.507033 470609
2.508883 471681
2.510732 472753
2.512582 473825
2.514432 474897
2.516281 475969
2.518131 477041
2.519980 478113
2.521830 479185
2.523680 480257
2.525529 481329
2.527379 482401
2.529228 483473
2.531078 484545
2.532928 485617
2.534777 486689
2.536627 487761
2.538476 488833
2.540326 489905
2.542176 490977
2.544025 492049
2.545875 493121
2.547724 494193
2.549574 495265
2.551424 496337
2.553273 497409
2.555123 498481
2.556972 499553
2.558822 500625
2.560672 501697
2.562521 502769
2.564371 503841
2.566220 504913
2.568070 505985
2.569920 507057
2.571769 508129
2.573619 509201
2.575468 510273
2.577318 511345
2.579168 512417
2.581017 513489
2.582867 514561
2.584716 515633
2.586566 516705
2.588416 517777
2.590265 518849
2.592115 519921
2.593964 520993
2.595814 522065
2.597664 523137
2.599513 524209
2.601363 525281
2.603212 526353
2.605062 527425
2.606912 528497
2.608761 529569
2.610611 530641
2.612460 531713
2.614310 532785
2.616160 533857
2.618009 534929
2.619859 536001
2.621708 537073
2.623558 538145
2.625408 539217
2.627257 540289
2.629107 541361
2.630956 542433
2.632806 543505
2.634656 544577
2.636505 545649
2.638355 546721
2.640204 547793
2.642054 548865
2.643904 549937
2.645753 551009
2.647603 552081
2.649452 553153
2.651302 554225
2.653152 555297
2.655001 556369
2.656851 557441
2.658700 558513
2.660550 559585
2.662400 560657
2.664249 561729
2.666099 562801
2.667948 563873
2.669798 564945
2.671648 566017
2.673497 567089
2.675347 568161
2.677196 569233
2.679046 570305
2.680896 571377
2.682745 572449
2.684595 573521
2.686444 574593
2.688294 575665
2.690144 576737
2.691993 577809
2.693843 578881
2.695692 579953
2.697542 581025
2.699392 582097
2.701241 583169
2.703091 584241
2.704940 585313
2.706790 586385
2.708640 587457
2.710489 588529
2.712339 589601
2.714188 590673
2.716038 591745
2.717888 592817
2.719737 593889
2.721587 594961
2.723436 596033
2.725286 597105
2.727136 598177
2.728985 599249
2.730835 600321
2.732684 601393
2.734534 602465
2.736384 603537
2.738233 604609
2.740083 605681
2.741932 606753
2.743782 607825
2.745632 608897
2.747481 609969
2.749331 611041
2.751180 612113
2.753030 613185
2.754880 614257
2.756729 615329
2.758579 616401
2.760428 617473
2.762278 618545
2.764128 619617
2.765977 620689
2.767827 621761
2.769676 622833
2.771526 623905
2.773376 624977
2.775225 626049
2.777075 627121
2.778924 628193
2.780774 629265
2.782624 630337
2.784473 631409
2.786323 632481
2.788172 633553
2.790022 634625
2.791872 635697
2.793721 636769
2.795571 637841
2.797420 638913
2.799270 639985
2.801120 641057
2.802969 642129
2.804819 643201
2.806668 644273
2.808518 645345
2.810368 646417
2.812217 647489
2.814067 648561
2.815916 649633
2.817766 650705
2.819616 651777
2.821465 652849
2.823315 653921
2.825164 654993
2.827014 656065
2.828864 657137
2.830713 658209
2.832563 659281
2.834412 660353
2.836262 661425
2.838112 662497
2.839961 663569
2.841811 664641
2.843660 665713
2.845510 666785
2.847360 667857
2.849209 668929
2.851059 670001
2.852908 671073
2.854758 672145
2.856608 673217
2.858457 674289
2.860307 675361
2.862156 676433
2.864006 677505
2.865856 678577
2.867705 679649
2.869555 680721
2.871404 681793
2.873254 682865
2.875104 683937
2.876953 685009
2.878803 686081
2.880652 687153
2.882502 688225
2.884352 689297
2.886201 690369
2.888051 691441
2.889900 692513
2.891750 693585
2.893600 694657
2.895449 695729
2.897299 696801
2.899148 697873
2.900998 698945
2.902848 700017
2.904697 701089
2.906547 702161
2.908396 703233
2.910246 704305
2.912096 705377
2.913945 706449
2.915795 707521
2.917644 708593
2.919494 709665
2.921344 710737
2.923193 711809
2.925043 712881
2.926892 713953
2.928742 715025
2.930592 716097
2.932441 717169
2.934291 718241
2.936140 719313
2.937990 720385
2.939840 721457
2.941689 722529
2.943539 723601
2.945388 724673
2.946313 724673
2.947238 724673
2.948163 724673
2.949088 724673
2.950012 724673
2.950937 724673
2.951862 724673
2.952787 724673
2.953712 724673
2.954636 724673
2.955561 724673
2.956486 724673
2.957411 724673
2.958336 724673
2.959260 724673
2.960185 724673
2.961110 724673
2.962035 724673
2.962960 724673
2.963884 724673
2.964809 724673
2.965734 724673
2.966659 724673
2.967584 724673
2.968508 724673
2.969433 724673
2.970358 724673
2.971283 724673
2.972208 724673
2.973132 724673
2.974057 724673
2.974982 724673
2.975907 742361
2.983952 743433
2.985801 744505
2.987651 745577
2.989500 746649
2.991350 747721
2.993200 748793
2.995049 749865
2.996899 750937
3.005868 752009
3.007718 753081
3.009568 754153
3.011417 755225
3.013267 756297
3.015116 757369
3.016966 758441
3.018816 759513
3.026860 760585
3.028710 761657
3.030560 762729
3.032409 763801
3.034259 764873
3.036108 765945
3.037958 767017
3.039808 768089
3.047852 769161
3.049702 770233
3.051552 771305
3.053401 772377
3.055251 773449
3.057100 774521
3.058950 775593
3.060800 776665
3.068844 777737
3.070694 778809
3.072544 779881
3.074393 780953
3.076243 782025
3.078092 783097
3.079942 784169
3.081792 785241
3.083641 786313
3.090761 787385
3.092611 788457
3.094460 789529
3.096310 790601
3.098160 791673
3.100009 792745
3.101859 793817
3.103708 794889
3.105558 795961
3.112678 797033
3.114528 798105
3.116377 799177
3.118227 800249
3.120076 801321
3.121926 802393
3.123776 803465
3.125625 804537
3.127475 805609
3.133670 806681
3.135520 807753
3.137369 808825
3.139219 809897
3.141068 810969
3.142918 812041
3.144768 813113
3.146617 814185
3.148467 815257
3.154662 816329
3.156512 817401
3.158361 818473
3.160211 819545
3.162060 820617
3.163910 821689
3.165760 822761
3.167609 823833
3.169459 824905
3.171308 825977
3.176579 827049
3.178428 828121
3.180278 829193
3.182128 830265
3.183977 831337
3.185827 832409
3.187676 833481
3.189526 834553
3.191376 835625
3.193225 836697
3.198496 837769
3.200345 838841
3.202195 839913
3.204044 840985
3.205894 842057
3.207744 843129
3.209593 844201
3.211443 845273
3.213292 846345
3.215142 847417
3.219488 848489
3.221337 849561
3.223187 850633
3.225036 851705
3.226886 852777
3.228736 853849
3.230585 854921
3.232435 855993
3.234284 857065
3.236134 858137
3.240480 859209
3.242329 860281
3.244179 861353
3.246028 862425
3.247878 863497
3.249728 864569
3.251577 865641
3.253427 866713
3.255276 867785
3.257126 868857
3.258976 869929
3.262396 871001
3.264246 872073
3.266096 873145
3.267945 874217
3.269795 875289
3.271644 876361
3.273494 877433
3.275344 878505
3.277193 879577
3.279043 880649
3.280892 881721
3.284313 882793
3.286163 883865
3.288012 884937
3.289862 886009
3.291712 887081
3.293561 888153
3.295411 889225
3.297260 890297
3.299110 891369
3.300960 892441
3.302809 893513
3.305305 894585
3.307155 895657
3.309004 896729
3.310854 897801
3.312704 898873
3.314553 899945
3.316403 901017
3.318252 902089
3.320102 903161
3.321952 904233
3.323801 905305
3.326297 906377
3.328147 907449
3.329996 908521
3.331846 909593
3.333696 910665
3.335545 911737
3.337395 912809
3.339244 913881
3.341094 914953
3.342944 916025
3.344793 917097
3.347289 918169
3.349139 919241
3.350988 920313
3.352838 921385
3.354688 922457
3.356537 923529
3.358387 924601
3.360236 925673
3.362086 926745
3.363936 927817
3.365785 928889
3.367635 929961
3.369484 931033
3.371334 932105
3.373184 933177
3.375033 934249
3.376883 935321
3.378732 936393
3.380582 937465
3.382432 938537
3.384281 939609
3.386131 940681
3.387980 941753
3.389830 942825
3.391680 943897
3.393529 944969
3.395379 946041
3.397228 947113
3.399078 948185
3.400928 949257
3.402777 950329
3.404627 951401
3.406476 952473
3.408326 953545
3.410176 954617
3.412025 955689
3.413875 956761
3.415724 957833
3.417574 958905
3.419424 959977
3.421273 961049
3.423123 962121
3.424972 963193
3.426822 964265
3.428672 965337
3.430521 966409
3.432371 967481
3.434220 968553
3.436070 969625
3.437920 970697
3.439769 971769
3.441619 972841
3.443468 973913
3.445318 974985
3.447168 976057
3.449017 977129
3.450867 978201
3.452716 979273
3.454566 980345
3.456416 981417
3.458265 982489
3.460115 983561
3.461964 984633
3.463814 985705
3.465664 986777
3.467513 987849
3.469363 988921
3.471212 989993
3.473062 991065
3.474912 992137
3.476761 993209
3.478611 994281
3.480460 995353
3.482310 996425
3.484160 997497
3.486009 998569
3.487859 999641
3.489708 1000713
3.491558 1001785
3.493408 1002857
3.495257 1003929
3.497107 1005001
3.498956 1006073
3.500806 1007145
3.502656 1008217
3.504505 1009289
3.506355 1010361
3.508204 1011433
3.510054 1012505
3.511904 1013577
3.513753 1014649
3.515603 1015721
3.517452 1016793
3.519302 1017865
3.521152 1018937
3.523001 1020009
3.524851 1021081
3.526700 1022153
3.528550 1023225
3.530400 1024297
3.532249 1025369
3.534099 1026441
3.535948 1027513
3.537798 1028585
3.539648 1029657
3.541497 1030729
3.543347 1031801
3.545196 1032873
3.547046 1033945
3.548896 1035017
3.550745 1036089
3.552595 1037161
3.554444 1038233
3.556294 1039305
3.558144 1040377
3.559993 1041449
3.561843 1042521
3.563692 1043593
3.565542 1044665
3.567392 1045737
3.569241 1046809
3.571091 1047881
3.572940 1048953
3.574790 1050025
3.576640 1051097
3.578489 1052169
3.580339 1053241
3.582188 1054313
3.584038 1055385
3.585888 1056457
3.587737 1057529
3.589587 1058601
3.591436 1059673
3.593286 1060745
3.595136 1061817
3.596985 1062889
3.598835 1063961
3.600684 1065033
3.602534 1066105
3.604384 1067177
3.606233 1068249
3.608083 1069321
3.609932 1070393
3.611782 1071465
3.613632 1072537
3.615481 1073609
3.617331 1074681
3.619180 1075753
3.621030 1076825
3.622880 1077897
3.624729 1078969
3.626579 1080041
3.628428 1081113
3.630278 1082185
3.632128 1083257
3.633977 1084329
3.635827 1085401
3.637676 1086473
3.639526 1087545
3.641376 1088617
3.643225 1089689
3.645075 1090761
3.646924 1091833
3.648774 1092905
3.650624 1092905
3.651548 1092905
3.652473 1092905
3.653398 1092905
3.654323 1092905
3.655248 1092905
3.656172 1092905
3.657097 1092905
3.658022 1092905
3.658947 1092905
3.659872 1092905
3.660796 1092905
3.661721 1092905
3.662646 1092905
3.663571 1092905
3.664496 1092905
3.665420 1092905
3.666345 1092905
3.667270 1092905
3.668195 1092905
3.669120 1092905
3.670044 1092905
3.670969 1092905
3.671894 1092905
3.672819 1092905
3.673744 1092905
3.674668 1092905
3.675593 1092905
3.676518 1092905
3.677443 1108985
3.686412 1110057
3.688262 1111129
3.690112 1112201
3.691961 1113273
3.693811 1114345
3.695660 1115417
3.697510 1116489
3.707404 1117561
3.709254 1118633
3.711104 1119705
3.712953 1120777
3.714803 1121849
3.716652 1122921
3.718502 1123993
3.728396 1125065
3.730246 1126137
3.732096 1127209
3.733945 1128281
3.735795 1129353
3.737644 1130425
3.739494 1131497
3.749388 1132569
3.751238 1133641
3.753088 1134713
3.754937 1135785
3.756787 1136857
3.758636 1137929
3.760486 1139001
3.762336 1140073
3.771305 1141145
3.773155 1142217
3.775004 1143289
3.776854 1144361
3.778704 1145433
3.780553 1146505
3.782403 1147577
3.784252 1148649
3.793222 1149721
3.795072 1150793
3.796921 1151865
3.798771 1152937
3.800620 1154009
3.802470 1155081
3.804320 1156153
3.806169 1157225
3.814214 1158297
3.816064 1159369
3.817913 1160441
3.819763 1161513
3.821612 1162585
3.823462 1163657
3.825312 1164729
3.827161 1165801
3.835206 1166873
3.837056 1167945
3.838905 1169017
3.840755 1170089
3.842604 1171161
3.844454 1172233
3.846304 1173305
3.848153 1174377
3.850003 1175449
3.857123 1176521
3.858972 1177593
3.860822 1178665
3.862672 1179737
3.864521 1180809
3.866371 1181881
3.868220 1182953
3.870070 1184025
3.871920 1185097
3.879040 1186169
3.880889 1187241
3.882739 1188313
3.884588 1189385
3.886438 1190457
3.888288 1191529
3.890137 1192601
3.891987 1193673
3.893836 1194745
3.900032 1195817
3.901881 1196889
3.903731 1197961
3.905580 1199033
3.907430 1200105
3.909280 1201177
3.911129 1202249
3.912979 1203321
3.914828 1204393
3.921024 1205465
3.922873 1206537
3.924723 1207609
3.926572 1208681
3.928422 1209753
3.930272 1210825
3.932121 1211897
3.933971 1212969
3.935820 1214041
3.937670 1215113
3.942940 1216185
3.944790 1217257
3.946640 1218329
3.948489 1219401
3.950339 1220473
3.952188 1221545
3.954038 1222617
3.955888 1223689
3.957737 1224761
3.959587 1225833
3.964857 1226905
3.966707 1227977
3.968556 1229049
3.970406 1230121
3.972256 1231193
3.974105 1232265
3.975955 1233337
3.977804 1234409
3.979654 1235481
3.981504 1236553
3.985849 1237625
3.987699 1238697
3.989548 1239769
3.991398 1240841
3.993248 1241913
3.995097 1242985
3.996947 1244057
3.998796 1245129
4.000646 1246201
4.002496 1247273
4.006841 1248345
4.008691 1249417
4.010540 1250489
4.012390 1251561
4.014240 1252633
4.016089 1253705
4.017939 1254777
4.019788 1255849
4.021638 1256921
4.023488 1257993
4.027833 1259065
4.029683 1260137
4.031532 1261209
4.033382 1262281
4.035232 1263353
4.037081 1264425
4.038931 1265497
4.040780 1266569
4.042630 1267641
4.044480 1268713
4.046329 1269785
4.049750 1270857
4.051600 1271929
4.053449 1273001
4.055299 1274073
4.057148 1275145
4.058998 1276217
4.060848 1277289
4.062697 1278361
4.064547 1279433
4.066396 1280505
4.068246 1281577
4.071667 1282649
4.073516 1283721
4.075366 1284793
4.077216 1285865
4.079065 1286937
4.080915 1288009
4.082764 1289081
4.084614 1290153
4.086464 1291225
4.088313 1292297
4.090163 1293369
4.092659 1294441
4.094508 1295513
4.096358 1296585
4.098208 1297657
4.100057 1298729
4.101907 1299801
4.103756 1300873
4.105606 1301945
4.107456 1303017
4.109305 1304089
4.111155 1305161
4.113651 1306233
4.115500 1307305
4.117350 1308377
4.119200 1309449
4.121049 1310521
4.122899 1311593
4.124748 1312665
4.126598 1313737
4.128448 1314809
4.130297 1315881
4.132147 1316953
4.133996 1318025
4.135846 1319097
4.137696 1320169
4.139545 1321241
4.141395 1322313
4.143244 1323385
4.145094 1324457
4.146944 1325529
4.148793 1326601
4.150643 1327673
4.152492 1328745
4.154342 1329817
4.156192 1330889
4.158041 1331961
4.159891 1333033
4.161740 1334105
4.163590 1335177
4.165440 1336249
4.167289 1337321
4.169139 1338393
4.170988 1339465
4.172838 1340537
4.174688 1341609
4.176537 1342681
4.178387 1343753
4.180236 1344825
4.182086 1345897
4.183936 1346969
4.185785 1348041
4.187635 1349113
4.189484 1350185
4.191334 1351257
4.193184 1352329
4.195033 1353401
4.196883 1354473
4.198732 1355545
4.200582 1356617
4.202432 1357689
4.204281 1358761
4.206131 1359833
4.207980 1360905
4.209830 1361977
4.211680 1363049
4.213529 1364121
4.215379 1365193
4.217228 1366265
4.219078 1367337
4.220928 1368409
4.222777 1369481
4.224627 1370553
4.226476 1371625
4.228326 1372697
4.230176 1373769
4.232025 1374841
4.233875 1375913
4.235724 1376985
4.237574 1378057
4.239424 1379129
4.241273 1380201
4.243123 1381273
4.244972 1382345
4.246822 1383417
4.248672 1384489
4.250521 1385561
4.252371 1386633
4.254220 1387705
4.256070 1388777
4.257920 1389849
4.259769 1390921
4.261619 1391993
4.263468 1393065
4.265318 1394137
4.267168 1395209
4.269017 1396281
4.270867 1397353
4.272716 1398425
4.274566 1399497
4.276416 1400569
4.278265 1401641
4.280115 1402713
4.281964 1403785
4.283814 1404857
4.285664 1405929
4.287513 1407001
4.289363 1408073
4.291212 1409145
4.293062 1410217
4.294912 1411289
4.296761 1412361
4.298611 1413433
4.300460 1414505
4.302310 1415577
4.304160 1416649
4.306009 1417721
4.307859 1418793
4.309708 1419865
4.311558 1420937
4.313408 1422009
4.315257 1423081
4.317107 1424153
4.318956 1425225
4.320806 1426297
4.322656 1427369
4.324505 1428441
4.326355 1429513
4.328204 1430585
4.330054 1431657
4.331904 1432729
4.333753 1433801
4.335603 1434873
4.337452 1435945
4.339302 1437017
4.341152 1438089
4.343001 1439161
4.344851 1440233
4.346700 1441305
4.348550 1442377
4.350400 1443449
4.352249 1444521
4.354099 1445593
4.355948 1446665
4.357798 1447737
4.359648 1448809
4.361497 1449881
4.363347 1450953
4.365196 1452025
4.367046 1453097
4.368896 1454169
4.370745 1455241
4.372595 1456313
4.374444 1457385
4.376294 1458457
4.378144 1459529
4.379993 1460601
4.381843 1461673
4.383692 1462745
4.385542 1463817
4.387392 1464889
4.389241 1465961
4.391091 1467033
4.392940 1468105
4.394790 1469177
4.396640 1470249
4.398489 1471321
4.400339 1472393
4.402188 1473465
4.404038 1474537
4.405888 1475609
4.407737 1476681
4.409587 1477753
4.411436 1478825
4.413286 1479897
4.415136 1480969
4.416985 1482041
4.418835 1483113
4.420684 1484185
4.422534 1485257
4.424384 1486329
4.426233 1487401
4.428083 1488473
4.429932 1489545
4.431782 1490617
4.433632 1491689
4.435481 1492761
4.437331 1493833
4.439180 1494905
4.441030 1495977
4.442880 1497049
4.444729 1498121
4.446579 1499193
4.448428 1500265
4.450278 1501337
4.452128 1502409
4.453977 1503481
4.455827 1504553
4.457676 1505625
4.459526 1506697
4.461376 1507769
4.463225 1508841
4.465075 1509913
4.466924 1510985
4.468774 1512057
4.470624 1513129
4.472473 1514201
4.474323 1515273
4.476172 1516345
4.478022 1517417
4.479872 1518489
4.481721 1519561
4.483571 1520633
4.485420 1521705
4.487270 1522777
4.489120 1523849
4.490969 1524921
4.492819 1525993
4.494668 1527065
4.496518 1528137
4.498368 1529209
4.500217 1530281
4.502067 1531353
4.503916 1532425
4.505766 1533497
4.507616 1534569
4.509465 1535641
4.511315 1536713
4.513164 1537785
4.515014 1538857
4.516864 1539929
4.518713 1541001
4.520563 1542073
4.522412 1543145
4.524262 1544217
4.526112 1545289
4.527961 1546361
4.529811 1547433
4.531660 1548505
4.533510 1549577
4.535360 1550649
4.537209 1551721
4.539059 1552793
4.540908 1553865
4.542758 1554937
4.544608 1556009
4.546457 1557081
4.548307 1558153
4.550156 1559225
4.552006 1560297
4.553856 1561369
4.555705 1562441
4.557555 1563513
4.559404 1564585
4.561254 1565657
4.563104 1566729
4.564953 1567801
4.566803 1568873
4.568652 1569945
4.570502 1571017
4.572352 1572089
4.574201 1573161
4.576051 1574233
4.577900 1575305
4.579750 1576377
4.581600 1577449
4.583449 1578521
4.585299 1579593
4.587148 1580665
4.588998 1581737
4.590848 1582809
4.592697 1583881
4.594547 1584953
4.596396 1586025
4.598246 1587097
4.600096 1588169
4.601945 1589241
4.603795 1590313
4.605644 1591385
4.607494 1592457
4.609344 1593529
4.611193 1594601
4.613043 1595673
4.614892 1596745
4.616742 1597817
4.618592 1598889
4.620441 1599961
4.621366 1599961
4.622291 1599961
4.623216 1599961
4.624140 1599961
4.625065 1599961
4.625990 1599961
4.626915 1599961
4.627840 1599961
4.628764 1599961
4.629689 1599961
4.630614 1599961
4.631539 1599961
4.632464 1599961
4.633388 1599961
4.634313 1599961
4.635238 1599961
4.636163 1599961
4.637088 1599961
4.638012 1599961
4.638937 1599961
4.639862 1599961
4.640787 1599961
4.641712 1599961
4.642636 1599961
4.643561 1599961
4.644486 1599961
4.645411 1599961
4.646336 1599961
4.647260 1599961
4.648185 1599961
4.649110 1599961
4.650035 1599961
4.650960 1617649
4.659004 1618721
4.660854 1619793
4.662704 1620865
4.664553 1621937
4.666403 1623009
4.668252 1624081
4.670102 1625153
4.671952 1626225
4.680921 1627297
4.682771 1628369
4.684620 1629441
4.686470 1630513
4.688320 1631585
4.690169 1632657
4.692019 1633729
4.693868 1634801
4.701913 1635873
4.703763 1636945
4.705612 1638017
4.707462 1639089
4.709312 1640161
4.711161 1641233
4.713011 1642305
4.714860 1643377
4.722905 1644449
4.724755 1645521
4.726604 1646593
4.728454 1647665
4.730304 1648737
4.732153 1649809
4.734003 1650881
4.735852 1651953
4.743897 1653025
4.745747 1654097
4.747596 1655169
4.749446 1656241
4.751296 1657313
4.753145 1658385
4.754995 1659457
4.756844 1660529
4.758694 1661601
4.765814 1662673
4.767664 1663745
4.769513 1664817
4.771363 1665889
4.773212 1666961
4.775062 1668033
4.776912 1669105
4.778761 1670177
4.780611 1671249
4.787731 1672321
4.789580 1673393
4.791430 1674465
4.793280 1675537
4.795129 1676609
4.796979 1677681
4.798828 1678753
4.800678 1679825
4.802528 1680897
4.808723 1681969
4.810572 1683041
4.812422 1684113
4.814272 1685185
4.816121 1686257
4.817971 1687329
4.819820 1688401
4.821670 1689473
4.823520 1690545
4.829715 1691617
4.831564 1692689
4.833414 1693761
4.835264 1694833
4.837113 1695905
4.838963 1696977
4.840812 1698049
4.842662 1699121
4.844512 1700193
4.846361 1701265
4.851632 1702337
4.853481 1703409
4.855331 1704481
4.857180 1705553
4.859030 1706625
4.860880 1707697
4.862729 1708769
4.864579 1709841
4.866428 1710913
4.868278 1711985
4.873548 1713057
4.875398 1714129
4.877248 1715201
4.879097 1716273
4.880947 1717345
4.882796 1718417
4.884646 1719489
4.886496 1720561
4.888345 1721633
4.890195 1722705
4.894540 1723777
4.896390 1724849
4.898240 1725921
4.900089 1726993
4.901939 1728065
4.903788 1729137
4.905638 1730209
4.907488 1731281
4.909337 1732353
4.911187 1733425
4.915532 1734497
4.917382 1735569
4.919232 1736641
4.921081 1737713
4.922931 1738785
4.924780 1739857
4.926630 1740929
4.928480 1742001
4.930329 1743073
4.932179 1744145
4.934028 1745217
4.937449 1746289
4.939299 1747361
4.941148 1748433
4.942998 1749505
4.944848 1750577
4.946697 1751649
4.948547 1752721
4.950396 1753793
4.952246 1754865
4.954096 1755937
4.955945 1757009
4.959366 1758081
4.961216 1759153
4.963065 1760225
4.964915 1761297
4.966764 1762369
4.968614 1763441
4.970464 1764513
4.972313 1765585
4.974163 1766657
4.976012 1767729
4.977862 1768801
4.980358 1769873
4.982208 1770945
4.984057 1772017
4.985907 1773089
4.987756 1774161
4.989606 1775233
4.991456 1776305
4.993305 1777377
4.995155 1778449
4.997004 1779521
4.998854 1780593
5.001350 1781665
5.003200 1782737
5.005049 1783809
5.006899 1784881
5.008748 1785953
5.010598 1787025
5.012448 1788097
5.014297 1789169
5.016147 1790241
5.017996 1791313
5.019846 1792385
5.022342 1793457
5.024192 1794529
5.026041 1795601
5.027891 1796673
5.029740 1797745
5.031590 1798817
5.033440 1799889
5.035289 1800961
5.037139 1802033
5.038988 1803105
5.040838 1804177
5.042688 1805249
5.044537 1806321
5.046387 1807393
5.048236 1808465
5.050086 1809537
5.051936 1810609
5.053785 1811681
5.055635 1812753
5.057484 1813825
5.059334 1814897
5.061184 1815969
5.063033 1817041
5.064883 1818113
5.066732 1819185
5.068582 1820257
5.070432 1821329
5.072281 1822401
5.074131 1823473
5.075980 1824545
5.077830 1825617
5.079680 1826689
5.081529 1827761
5.083379 1828833
5.085228 1829905
5.087078 1830977
5.088928 1832049
5.090777 1833121
5.092627 1834193
5.094476 1835265
5.096326 1836337
5.098176 1837409
5.100025 1838481
5.101875 1839553
5.103724 1840625
5.105574 1841697
5.107424 1842769
5.109273 1843841
5.111123 1844913
5.112972 1845985
5.114822 1847057
5.116672 1848129
5.118521 1849201
5.120371 1850273
5.122220 1851345
5.124070 1852417
5.125920 1853489
5.127769 1854561
5.129619 1855633
5.131468 1856705
5.133318 1857777
5.135168 1858849
5.137017 1859921
5.138867 1860993
5.140716 1862065
5.142566 1863137
5.144416 1864209
5.146265 1865281
5.148115 1866353
5.149964 1867425
5.151814 1868497
5.153664 1869569
5.155513 1870641
5.157363 1871713
5.159212 1872785
5.161062 1873857
5.162912 1874929
5.164761 1876001
5.166611 1877073
5.168460 1878145
5.170310 1879217
5.172160 1880289
5.174009 1881361
5.175859 1882433
5.177708 1883505
5.179558 1884577
5.181408 1885649
5.183257 1886721
5.185107 1887793
5.186956 1888865
5.188806 1889937
5.190656 1891009
5.192505 1892081
5.194355 1893153
5.196204 1894225
5.198054 1895297
5.199904 1896369
5.201753 1897441
5.203603 1898513
5.205452 1899585
5.207302 1900657
5.209152 1901729
5.211001 1902801
5.212851 1903873
5.214700 1904945
5.216550 1906017
5.218400 1907089
5.220249 1908161
5.222099 1909233
5.223948 1910305
5.225798 1911377
5.227648 1912449
5.229497 1913521
5.231347 1914593
5.233196 1915665
5.235046 1916737
5.236896 1917809
5.238745 1918881
5.240595 1919953
5.242444 1921025
5.244294 1922097
5.246144 1923169
5.247993 1924241
5.249843 1925313
5.251692 1926385
5.253542 1927457
5.255392 1928529
5.257241 1929601
5.259091 1930673
5.260940 1931745
5.262790 1932817
5.264640 1933889
5.266489 1934961
5.268339 1936033
5.270188 1937105
5.272038 1938177
5.273888 1939249
5.275737 1940321
5.277587 1941393
5.279436 1942465
5.281286 1943537
5.283136 1944609
5.284985 1945681
5.286835 1946753
5.288684 1947825
5.290534 1948897
5.292384 1949969
5.294233 1951041
5.296083 1952113
5.297932 1953185
5.299782 1954257
5.301632 1955329
5.303481 1956401
5.305331 1957473
5.307180 1958545
5.309030 1959617
5.310880 1960689
5.312729 1961761
5.314579 1962833
5.316428 1963905
5.318278 1964977
5.320128 1966049
5.321977 1967121
5.323827 1968193
5.325676 1969265
5.327526 1970337
5.329376 1971409
5.331225 1972481
5.333075 1973553
5.334924 1974625
5.336774 1975697
5.338624 1976769
5.340473 1977841
5.342323 1978913
5.344172 1979985
5.346022 1981057
5.347872 1982129
5.349721 1983201
5.351571 1984273
5.353420 1985345
5.355270 1986417
5.357120 1987489
5.358969 1988561
5.360819 1989633
5.362668 1990705
5.364518 1991777
5.366368 1992849
5.368217 1993921
5.370067 1994993
5.371916 1996065
5.373766 1997137
5.375616 1998209
5.377465 1999281
5.379315 2000353
5.381164 2001425
5.383014 2002497
5.384864 2003569
5.386713 2004641
5.388563 2005713
5.390412 2006785
5.392262 2007857
5.394112 2008929
5.395961 2010001
5.397811 2011073
5.399660 2012145
5.401510 2013217
5.403360 2014289
5.405209 2015361
5.407059 2016433
5.408908 2017505
5.410758 2018577
5.412608 2019649
5.414457 2020721
5.416307 2021793
5.418156 2022865
5.420006 2023937
5.421856 2025009
5.423705 2026081
5.425555 2027153
5.427404 2028225
5.429254 2029297
5.431104 2030369
5.432953 2031441
5.434803 2032513
5.436652 2033585
5.438502 2034657
5.440352 2035729
5.442201 2036801
5.444051 2037873
5.445900 2038945
5.447750 2040017
5.449600 2041089
5.451449 2042161
5.453299 2043233
5.455148 2044305
5.456998 2045377
5.458848 2046449
5.460697 2047521
5.462547 2048593
5.464396 2049665
5.466246 2050737
5.468096 2051809
5.469945 2052881
5.471795 2053953
5.473644 2055025
5.475494 2056097
5.477344 2057169
5.479193 2058241
5.481043 2059313
5.482892 2060385
5.484742 2061457
5.486592 2062529
5.488441 2063601
5.490291 2064673
5.492140 2065745
5.493990 2066817
5.495840 2067889
5.497689 2068961
5.499539 2070033
5.501388 2071105
5.503238 2072177
5.505088 2073249
5.506937 2074321
5.508787 2075393
5.510636 2076465
5.512486 2077537
5.514336 2078609
5.516185 2079681
5.518035 2080753
5.519884 2081825
5.521734 2082897
5.522659 2082897
5.523584 2082897
5.524508 2082897
5.525433 2082897
5.526358 2082897
5.527283 2082897
5.528208 2082897
5.529132 2082897
5.530057 2082897
5.530982 2082897
5.531907 2082897
5.532832 2082897
5.533756 2082897
5.534681 2082897
5.535606 2082897
5.536531 2082897
5.537456 2082897
5.538380 2082897
5.539305 2082897
5.540230 2082897
5.541155 2082897
5.542080 2082897
5.543004 2082897
5.543929 2082897
5.544854 2082897
5.545779 2082897
5.546704 2082897
5.547628 2082897
5.548553 2082897
5.549478 2082897
5.550403 2082897
5.551328 2082897
5.552252 2100585
5.560297 2101657
5.562147 2102729
5.563996 2103801
5.565846 2104873
5.567696 2105945
5.569545 2107017
5.571395 2108089
5.573244 2109161
5.582214 2110233
5.584064 2111305
5.585913 2112377
5.587763 2113449
5.589612 2114521
5.591462 2115593
5.593312 2116665
5.595161 2117737
5.603206 2118809
5.605056 2119881
5.606905 2120953
5.608755 2122025
5.610604 2123097
5.612454 2124169
5.614304 2125241
5.616153 2126313
5.624198 2127385
5.626048 2128457
5.627897 2129529
5.629747 2130601
5.631596 2131673
5.633446 2132745
5.635296 2133817
5.637145 2134889
5.645190 2135961
5.647040 2137033
5.648889 2138105
5.650739 2139177
5.652588 2140249
5.654438 2141321
5.656288 2142393
5.658137 2143465
5.659987 2144537
5.667107 2145609
5.668956 2146681
5.670806 2147753
5.672656 2148825
5.674505 2149897
5.676355 2150969
5.678204 2152041
5.680054 2153113
5.681904 2154185
5.689024 2155257
5.690873 2156329
5.692723 2157401
5.694572 2158473
5.696422 2159545
5.698272 2160617
5.700121 2161689
5.701971 2162761
5.703820 2163833
5.710016 2164905
5.711865 2165977
5.713715 2167049
5.715564 2168121
5.717414 2169193
5.719264 2170265
5.721113 2171337
5.722963 2172409
5.724812 2173481
5.731008 2174553
5.732857 2175625
5.734707 2176697
5.736556 2177769
5.738406 2178841
5.740256 2179913
5.742105 2180985
5.743955 2182057
5.745804 2183129
5.747654 2184201
5.752924 2185273
5.754774 2186345
5.756624 2187417
5.758473 2188489
5.760323 2189561
5.762172 2190633
5.764022 2191705
5.765872 2192777
5.767721 2193849
5.769571 2194921
5.774841 2195993
5.776691 2197065
5.778540 2198137
5.780390 2199209
5.782240 2200281
5.784089 2201353
5.785939 2202425
5.787788 2203497
5.789638 2204569
5.791488 2205641
5.795833 2206713
5.797683 2207785
5.799532 2208857
5.801382 2209929
5.803232 2211001
5.805081 2212073
5.806931 2213145
5.808780 2214217
5.810630 2215289
5.812480 2216361
5.816825 2217433
5.818675 2218505
5.820524 2219577
5.822374 2220649
5.824224 2221721
5.826073 2222793
5.827923 2223865
5.829772 2224937
5.831622 2226009
5.833472 2227081
5.835321 2228153
5.838742 2229225
5.840592 2230297
5.842441 2231369
5.844291 2232441
5.846140 2233513
5.847990 2234585
5.849840 2235657
5.851689 2236729
5.853539 2237801
5.855388 2238873
5.857238 2239945
5.860659 2241017
5.862508 2242089
5.864358 2243161
5.866208 2244233
5.868057 2245305
5.869907 2246377
5.871756 2247449
5.873606 2248521
5.875456 2249593
5.877305 2250665
5.879155 2251737
5.881651 2252809
5.883500 2253881
5.885350 2254953
5.887200 2256025
5.889049 2257097
5.890899 2258169
5.892748 2259241
5.894598 2260313
5.896448 2261385
5.898297 2262457
5.900147 2263529
5.902643 2264601
5.904492 2265673
5.906342 2266745
5.908192 2267817
5.910041 2268889
5.911891 2269961
5.913740 2271033
5.915590 2272105
5.917440 2273177
5.919289 2274249
5.921139 2275321
5.923635 2276393
5.925484 2277465
5.927334 2278537
5.929184 2279609
5.931033 2280681
5.932883 2281753
5.934732 2282825
5.936582 2283897
5.938432 2284969
5.940281 2286041
5.942131 2287113
5.943980 2288185
5.945830 2289257
5.947680 2290329
5.949529 2291401
5.951379 2292473
5.953228 2293545
5.955078 2294617
5.956928 2295689
5.958777 2296761
5.960627 2297833
5.962476 2298905
5.964326 2299977
5.966176 2301049
5.968025 2302121
5.969875 2303193
5.971724 2304265
5.973574 2305337
5.975424 2306409
5.977273 2307481
5.979123 2308553
5.980972 2309625
5.982822 2310697
5.984672 2311769
5.986521 2312841
5.988371 2313913
5.990220 2314985
5.992070 2316057
5.993920 2317129
5.995769 2318201
5.997619 2319273
5.999468 2320345
6.001318 2321417
6.003168 2322489
6.005017 2323561
6.006867 2324633
6.008716 2325705
6.010566 2326777
6.012416 2327849
6.014265 2328921
6.016115 2329993
6.017964 2331065
6.019814 2332137
6.021664 2333209
6.023513 2334281
6.025363 2335353
6.027212 2336425
6.029062 2337497
6.030912 2338569
6.032761 2339641
6.034611 2340713
6.036460 2341785
6.038310 2342857
6.040160 2343929
6.042009 2345001
6.043859 2346073
6.045708 2347145
6.047558 2348217
6.049408 2349289
6.051257 2350361
6.053107 2351433
6.054956 2352505
6.056806 2353577
6.058656 2354649
6.060505 2355721
6.062355 2356793
6.064204 2357865
6.066054 2358937
6.067904 2360009
6.069753 2361081
6.071603 2362153
6.073452 2363225
6.075302 2364297
6.077152 2365369
6.079001 2366441
6.080851 2367513
6.082700 2368585
6.084550 2369657
6.086400 2370729
6.088249 2371801
6.090099 2372873
6.091948 2373945
6.093798 2375017
6.095648 2376089
6.097497 2377161
6.099347 2378233
6.101196 2379305
6.103046 2380377
6.104896 2381449
6.106745 2382521
6.108595 2383593
6.110444 2384665
6.112294 2385737
6.114144 2386809
6.115993 2387881
6.117843 2388953
6.119692 2390025
6.121542 2391097
6.123392 2392169
6.125241 2393241
6.127091 2394313
6.128940 2395385
6.130790 2396457
6.132640 2397529
6.134489 2398601
6.136339 2399673
6.138188 2400745
6.140038 2401817
6.141888 2402889
6.143737 2403961
6.145587 2405033
6.147436 2406105
6.149286 2407177
6.151136 2408249
6.152985 2409321
6.154835 2410393
6.156684 2411465
6.158534 2412537
6.160384 2413609
6.162233 2414681
6.164083 2415753
6.165932 2416825
6.167782 2417897
6.169632 2418969
6.171481 2420041
6.173331 2421113
6.175180 2422185
6.177030 2423257
6.178880 2424329
6.180729 2425401
6.182579 2426473
6.184428 2427545
6.186278 2428617
6.188128 2429689
6.189977 2430761
6.191827 2431833
6.193676 2432905
6.195526 2433977
6.197376 2435049
6.199225 2436121
6.201075 2437193
6.202924 2438265
6.204774 2439337
6.206624 2440409
6.208473 2441481
6.210323 2442553
6.212172 2443625
6.214022 2444697
6.215872 2445769
6.217721 2446841
6.219571 2447913
6.221420 2448985
6.223270 2450057
6.225120 2451129
6.226969 2452201
6.228819 2453273
6.230668 2454345
6.232518 2455417
6.234368 2456489
6.236217 2457561
6.238067 2458633
6.239916 2459705
6.241766 2460777
6.243616 2461849
6.245465 2462921
6.247315 2463993
6.249164 2465065
6.251014 2466137
6.252864 2467209
6.254713 2468281
6.256563 2469353
6.258412 2470425
6.260262 2471497
6.262112 2472569
6.263961 2473641
6.265811 2474713
6.267660 2475785
6.269510 2476857
6.271360 2477929
6.273209 2479001
6.275059 2480073
6.276908 2481145
6.278758 2482217
6.280608 2483289
6.282457 2484361
6.284307 2485433
6.286156 2486505
6.288006 2487577
6.289856 2488649
6.291705 2489721
6.293555 2490793
6.295404 2491865
6.297254 2492937
6.299104 2494009
6.300953 2495081
6.302803 2496153
6.304652 2497225
6.306502 2498297
6.308352 2499369
6.310201 2500441
6.312051 2501513
6.313900 2502585
6.315750 2503657
6.317600 2504729
6.319449 2505801
6.321299 2506873
6.323148 2507945
6.324998 2509017
6.326848 2510089
6.328697 2511161
6.330547 2512233
6.332396 2513305
6.334246 2514377
6.336096 2515449
6.337945 2516521
6.339795 2517593
6.341644 2518665
6.343494 2519737
6.345344 2520809
6.347193 2521881
6.349043 2522953
6.350892 2524025
6.352742 2525097
6.354592 2526169
6.356441 2527241
6.358291 2528313
6.360140 2529385
6.361990 2530457
6.363840 2531529
6.365689 2532601
6.367539 2533673
6.369388 2534745
6.371238 2535817
6.373088 2536889
6.374937 2537961
6.376787 2539033
6.378636 2540105
6.380486 2541177
6.382336 2542249
6.384185 2543321
6.386035 2544393
6.387884 2545465
6.389734 2546537
6.391584 2547609
6.393433 2548681
6.395283 2549753
6.397132 2550825
6.398982 2551897
6.400832 2552969
6.402681 2554041
6.404531 2555113
6.406380 2556185
6.408230 2557257
6.410080 2558329
6.411929 2559401
6.413779 2560473
6.415628 2561545
6.417478 2562617
6.419328 2563689
6.421177 2564761
6.423027 2565833
6.423952 2565833
6.424876 2565833
6.425801 2565833
6.426726 2565833
6.427651 2565833
6.428576 2565833
6.429500 2565833
6.430425 2565833
6.431350 2565833
6.432275 2565833
6.433200 2565833
6.434124 2565833
6.435049 2565833
6.435974 2565833
6.436899 2565833
6.437824 2565833
6.438748 2565833
6.439673 2565833
6.440598 2565833
6.441523 2565833
6.442448 2565833
6.443372 2565833
6.444297 2565833
6.445222 2565833
6.446147 2565833
6.447072 2565833
6.447996 2565833
6.448921 2565833
6.449846 2565833
6.450771 2565833
6.451696 2565833
6.452620 2565833
6.453545 2583521
6.461590 2584593
6.463440 2585665
6.465289 2586737
6.467139 2587809
6.468988 2588881
6.470838 2589953
6.472688 2591025
6.474537 2592097
6.483507 2593169
6.485356 2594241
6.487206 2595313
6.489056 2596385
6.490905 2597457
6.492755 2598529
6.494604 2599601
6.496454 2600673
6.504499 2601745
6.506348 2602817
6.508198 2603889
6.510048 2604961
6.511897 2606033
6.513747 2607105
6.515596 2608177
6.517446 2609249
6.525491 2610321
6.527340 2611393
6.529190 2612465
6.531040 2613537
6.532889 2614609
6.534739 2615681
6.536588 2616753
6.538438 2617825
6.546483 2618897
6.548332 2619969
6.550182 2621041
6.552032 2622113
6.553881 2623185
6.555731 2624257
6.557580 2625329
6.559430 2626401
6.561280 2627473
6.568400 2628545
6.570249 2629617
6.572099 2630689
6.573948 2631761
6.575798 2632833
6.577648 2633905
6.579497 2634977
6.581347 2636049
6.583196 2637121
6.590316 2638193
6.592166 2639265
6.594016 2640337
6.595865 2641409
6.597715 2642481
6.599564 2643553
6.601414 2644625
6.603264 2645697
6.605113 2646769
6.611308 2647841
6.613158 2648913
6.615008 2649985
6.616857 2651057
6.618707 2652129
6.620556 2653201
6.622406 2654273
6.624256 2655345
6.626105 2656417
6.632300 2657489
6.634150 2658561
6.636000 2659633
6.637849 2660705
6.639699 2661777
6.641548 2662849
6.643398 2663921
6.645248 2664993
6.647097 2666065
6.648947 2667137
6.654217 2668209
6.656067 2669281
6.657916 2670353
6.659766 2671425
6.661616 2672497
6.663465 2673569
6.665315 2674641
6.667164 2675713
6.669014 2676785
6.670864 2677857
6.676134 2678929
6.677984 2680001
6.679833 2681073
6.681683 2682145
6.683532 2683217
6.685382 2684289
6.687232 2685361
6.689081 2686433
6.690931 2687505
6.692780 2688577
6.697126 2689649
6.698976 2690721
6.700825 2691793
6.702675 2692865
6.704524 2693937
6.706374 2695009
6.708224 2696081
6.710073 2697153
6.711923 2698225
6.713772 2699297
6.718118 2700369
6.719968 2701441
6.721817 2702513
6.723667 2703585
6.725516 2704657
6.727366 2705729
6.729216 2706801
6.731065 2707873
6.732915 2708945
6.734764 2710017
6.736614 2711089
6.740035 2712161
6.741884 2713233
6.743734 2714305
6.745584 2715377
6.747433 2716449
6.749283 2717521
6.751132 2718593
6.752982 2719665
6.754832 2720737
6.756681 2721809
6.758531 2722881
6.761952 2723953
6.763801 2725025
6.765651 2726097
6.767500 2727169
6.769350 2728241
6.771200 2729313
6.773049 2730385
6.774899 2731457
6.776748 2732529
6.778598 2733601
6.780448 2734673
6.782944 2735745
6.784793 2736817
6.786643 2737889
6.788492 2738961
6.790342 2740033
6.792192 2741105
6.794041 2742177
6.795891 2743249
6.797740 2744321
6.799590 2745393
6.801440 2746465
6.803936 2747537
6.805785 2748609
6.807635 2749681
6.809484 2750753
6.811334 2751825
6.813184 2752897
6.815033 2753969
6.816883 2755041
6.818732 2756113
6.820582 2757185
6.822432 2758257
6.824928 2759329
6.826777 2760401
6.828627 2761473
6.830476 2762545
6.832326 2763617
6.834176 2764689
6.836025 2765761
6.837875 2766833
6.839724 2767905
6.841574 2768977
6.843424 2770049
6.845273 2771121
6.847123 2772193
6.848972 2773265
6.850822 2774337
6.852672 2775409
6.854521 2776481
6.856371 2777553
6.858220 2778625
6.860070 2779697
6.861920 2780769
6.863769 2781841
6.865619 2782913
6.867468 2783985
6.869318 2785057
6.871168 2786129
6.873017 2787201
6.874867 2788273
6.876716 2789345
6.878566 2790417
6.880416 2791489
6.882265 2792561
6.884115 2793633
6.885964 2794705
6.887814 2795777
6.889664 2796849
6.891513 2797921
6.893363 2798993
6.895212 2800065
6.897062 2801137
6.898912 2802209
6.900761 2803281
6.902611 2804353
6.904460 2805425
6.906310 2806497
6.908160 2807569
6.910009 2808641
6.911859 2809713
6.913708 2810785
6.915558 2811857
6.917408 2812929
6.919257 2814001
6.921107 2815073
6.922956 2816145
6.924806 2817217
6.926656 2818289
6.928505 2819361
6.930355 2820433
6.932204 2821505
6.934054 2822577
6.935904 2823649
6.937753 2824721
6.939603 2825793
6.941452 2826865
6.943302 2827937
6.945152 2829009
6.947001 2830081
6.948851 2831153
6.950700 2832225
6.952550 2833297
6.954400 2834369
6.956249 2835441
6.958099 2836513
6.959948 2837585
6.961798 2838657
6.963648 2839729
6.965497 2840801
6.967347 2841873
6.969196 2842945
6.971046 2844017
6.972896 2845089
6.974745 2846161
6.976595 2847233
6.978444 2848305
6.980294 2849377
6.982144 2850449
6.983993 2851521
6.985843 2852593
6.987692 2853665
6.989542 2854737
6.991392 2855809
6.993241 2856881
6.995091 2857953
6.996940 2859025
6.998790 2860097
7.000640 2861169
7.002489 2862241
7.004339 2863313
7.006188 2864385
7.008038 2865457
7.009888 2866529
7.011737 2867601
7.013587 2868673
7.015436 2869745
7.017286 2870817
7.019136 2871889
7.020985 2872961
7.022835 2874033
7.024684 2875105
7.026534 2876177
7.028384 2877249
7.030233 2878321
7.032083 2879393
7.033932 2880465
7.035782 2881537
7.037632 2882609
7.039481 2883681
7.041331 2884753
7.043180 2885825
7.045030 2886897
7.046880 2887969
7.048729 2889041
7.050579 2890113
7.052428 2891185
7.054278 2892257
7.056128 2893329
7.057977 2894401
7.059827 2895473
7.061676 2896545
7.063526 2897617
7.065376 2898689
7.067225 2899761
7.069075 2900833
7.070924 2901905
7.072774 2902977
7.074624 2904049
7.076473 2905121
7.078323 2906193
7.080172 2907265
7.082022 2908337
7.083872 2909409
7.085721 2910481
7.087571 2911553
7.089420 2912625
7.091270 2913697
7.093120 2914769
7.094969 2915841
7.096819 2916913
7.098668 2917985
7.100518 2919057
7.102368 2920129
7.104217 2921201
7.106067 2922273
7.107916 2923345
7.109766 2924417
7.111616 2925489
7.113465 2926561
7.115315 2927633
7.117164 2928705
7.119014 2929777
7.120864 2930849
7.122713 2931921
7.124563 2932993
7.126412 2934065
7.128262 2935137
7.130112 2936209
7.131961 2937281
7.133811 2938353
7.135660 2939425
7.137510 2940497
7.139360 2941569
7.141209 2942641
7.143059 2943713
7.144908 2944785
7.146758 2945857
7.148608 2946929
7.150457 2948001
7.152307 2949073
7.154156 2950145
7.156006 2951217
7.157856 2952289
7.159705 2953361
7.161555 2954433
7.163404 2955505
7.165254 2956577
7.167104 2957649
7.168953 2958721
7.170803 2959793
7.172652 2960865
7.174502 2961937
7.176352 2963009
7.178201 2964081
7.180051 2965153
7.181900 2966225
7.183750 2967297
7.185600 2968369
7.187449 2969441
7.189299 2970513
7.191148 2971585
7.192998 2972657
7.194848 2973729
7.196697 2974801
7.198547 2975873
7.200396 2976945
7.202246 2978017
7.204096 2979089
7.205945 2980161
7.207795 2981233
7.209644 2982305
7.211494 2983377
7.213344 2984449
7.215193 2985521
7.217043 2986593
7.218892 2987665
7.220742 2988737
7.222592 2989809
7.224441 2990881
7.226291 2991953
7.228140 2993025
7.229990 2994097
7.231840 2995169
7.233689 2996241
7.235539 2997313
7.237388 2998385
7.239238 2999457
7.241088 3000529
7.242937 3001601
7.244787 3002673
7.246636 3003745
7.248486 3004817
7.250336 3005889
7.252185 3006961
7.254035 3008033
7.255884 3009105
7.257734 3010177
7.259584 3011249
7.261433 3012321
7.263283 3013393
7.265132 3014465
7.266982 3015537
7.268832 3016609
7.270681 3017681
7.272531 3018753
7.274380 3019825
7.276230 3020897
7.278080 3021969
7.279929 3023041
7.281779 3024113
7.283628 3025185
7.285478 3026257
7.287328 3027329
7.289177 3028401
7.291027 3029473
7.292876 3030545
7.294726 3031617
7.296576 3032689
7.298425 3033761
7.300275 3034833
7.302124 3035905
7.303974 3036977
7.305824 3038049
7.307673 3039121
7.309523 3040193
7.311372 3041265
7.313222 3042337
7.315072 3043409
7.316921 3044481
7.318771 3045553
7.320620 3046625
7.322470 3047697
7.324320 3048769
7.325244 3048769
7.326169 3048769
7.327094 3048769
7.328019 3048769
7.328944 3048769
7.329868 3048769
7.330793 3048769
7.331718 3048769
7.332643 3048769
7.333568 3048769
7.334492 3048769
7.335417 3048769
7.336342 3048769
7.337267 3048769
7.338192 3048769
7.339116 3048769
7.340041 3048769
7.340966 3048769
7.341891 3048769
7.342816 3048769
7.343740 3048769
7.344665 3048769
7.345590 3048769
7.346515 3048769
7.347440 3048769
7.348364 3048769
7.349289 3048769
7.350214 3048769
7.351139 3048769
7.352064 3048769
7.352988 3048769
7.353913 3048769
7.354838 3066457
7.362883 3067529
7.364732 3068601
7.366582 3069673
7.368432 3070745
7.370281 3071817
7.372131 3072889
7.373980 3073961
7.375830 3075033
7.384800 3076105
7.386649 3077177
7.388499 3078249
7.390348 3079321
7.392198 3080393
7.394048 3081465
7.395897 3082537
7.397747 3083609
7.405792 3084681
7.407641 3085753
7.409491 3086825
7.411340 3087897
7.413190 3088969
7.415040 3090041
7.416889 3091113
7.418739 3092185
7.426784 3093257
7.428633 3094329
7.430483 3095401
7.432332 3096473
7.434182 3097545
7.436032 3098617
7.437881 3099689
7.439731 3100761
7.447776 3101833
7.449625 3102905
7.451475 3103977
7.453324 3105049
7.455174 3106121
7.457024 3107193
7.458873 3108265
7.460723 3109337
7.462572 3110409
7.469692 3111481
7.471542 3112553
7.473392 3113625
7.475241 3114697
7.477091 3115769
7.478940 3116841
7.480790 3117913
7.482640 3118985
7.484489 3120057
7.491609 3121129
7.493459 3122201
7.495308 3123273
7.497158 3124345
7.499008 3125417
7.500857 3126489
7.502707 3127561
7.504556 3128633
7.506406 3129705
7.512601 3130777
7.514451 3131849
7.516300 3132921
7.518150 3133993
7.520000 3135065
7.521849 3136137
7.523699 3137209
7.525548 3138281
7.527398 3139353
7.533593 3140425
7.535443 3141497
7.537292 3142569
7.539142 3143641
7.540992 3144713
7.542841 3145785
7.544691 3146857
7.546540 3147929
7.548390 3149001
7.550240 3150073
7.555510 3151145
7.557360 3152217
7.559209 3153289
7.561059 3154361
7.562908 3155433
7.564758 3156505
7.566608 3157577
7.568457 3158649
7.570307 3159721
7.572156 3160793
7.577427 3161865
7.579276 3162937
7.581126 3164009
7.582976 3165081
7.584825 3166153
7.586675 3167225
7.588524 3168297
7.590374 3169369
7.592224 3170441
7.594073 3171513
7.598419 3172585
7.600268 3173657
7.602118 3174729
7.603968 3175801
7.605817 3176873
7.607667 3177945
7.609516 3179017
7.611366 3180089
7.613216 3181161
7.615065 3182233
7.619411 3183305
7.621260 3184377
7.623110 3185449
7.624960 3186521
7.626809 3187593
7.628659 3188665
7.630508 3189737
7.632358 3190809
7.634208 3191881
7.636057 3192953
7.637907 3194025
7.641328 3195097
7.643177 3196169
7.645027 3197241
7.646876 3198313
7.648726 3199385
7.650576 3200457
7.652425 3201529
7.654275 3202601
7.656124 3203673
7.657974 3204745
7.659824 3205817
7.663244 3206889
7.665094 3207961
7.666944 3209033
7.668793 3210105
7.670643 3211177
7.672492 3212249
7.674342 3213321
7.676192 3214393
7.678041 3215465
7.679891 3216537
7.681740 3217609
7.684236 3218681
7.686086 3219753
7.687936 3220825
7.689785 3221897
7.691635 3222969
7.693484 3224041
7.695334 3225113
7.697184 3226185
7.699033 3227257
7.700883 3228329
7.702732 3229401
7.705228 3230473
7.707078 3231545
7.708928 3232617
7.710777 3233689
7.712627 3234761
7.714476 3235833
7.716326 3236905
7.718176 3237977
7.720025 3239049
7.721875 3240121
7.723724 3241193
7.726220 3242265
7.728070 3243337
7.729920 3244409
7.731769 3245481
7.733619 3246553
7.735468 3247625
7.737318 3248697
7.739168 3249769
7.741017 3250841
7.742867 3251913
7.744716 3252985
7.746566 3254057
7.748416 3255129
7.750265 3256201
7.752115 3257273
7.753964 3258345
7.755814 3259417
7.757664 3260489
7.759513 3261561
7.761363 3262633
7.763212 3263705
7.765062 3264777
7.766912 3265849
7.768761 3266921
7.770611 3267993
7.772460 3269065
7.774310 3270137
7.776160 3271209
7.778009 3272281
7.779859 3273353
7.781708 3274425
7.783558 3275497
7.785408 3276569
7.787257 3277641
7.789107 3278713
7.790956 3279785
7.792806 3280857
7.794656 3281929
7.796505 3283001
7.798355 3284073
7.800204 3285145
7.802054 3286217
7.803904 3287289
7.805753 3288361
7.807603 3289433
7.809452 3290505
7.811302 3291577
7.813152 3292649
7.815001 3293721
7.816851 3294793
7.818700 3295865
7.820550 3296937
7.822400 3298009
7.824249 3299081
7.826099 3300153
7.827948 3301225
7.829798 3302297
7.831648 3303369
7.833497 3304441
7.835347 3305513
7.837196 3306585
7.839046 3307657
7.840896 3308729
7.842745 3309801
7.844595 3310873
7.846444 3311945
7.848294 3313017
7.850144 3314089
7.851993 3315161
7.853843 3316233
7.855692 3317305
7.857542 3318377
7.859392 3319449
7.861241 3320521
7.863091 3321593
7.864940 3322665
7.866790 3323737
7.868640 3324809
7.870489 3325881
7.872339 3326953
7.874188 3328025
7.876038 3329097
7.877888 3330169
7.879737 3331241
7.881587 3332313
7.883436 3333385
7.885286 3334457
7.887136 3335529
7.888985 3336601
7.890835 3337673
7.892684 3338745
7.894534 3339817
7.896384 3340889
7.898233 3341961
7.900083 3343033
7.901932 3344105
7.903782 3345177
7.905632 3346249
7.907481 3347321
7.909331 3348393
7.911180 3349465
7.913030 3350537
7.914880 3351609
7.916729 3352681
7.918579 3353753
7.920428 3354825
7.922278 3355897
7.924128 3356969
7.925977 3358041
7.927827 3359113
7.929676 3360185
7.931526 3361257
7.933376 3362329
7.935225 3363401
7.937075 3364473
7.938924 3365545
7.940774 3366617
7.942624 3367689
7.944473 3368761
7.946323 3369833
7.948172 3370905
7.950022 3371977
7.951872 3373049
7.953721 3374121
7.955571 3375193
7.957420 3376265
7.959270 3377337
7.961120 3378409
7.962969 3379481
7.964819 3380553
7.966668 3381625
7.968518 3382697
7.970368 3383769
7.972217 3384841
7.974067 3385913
7.975916 3386985
7.977766 3388057
7.979616 3389129
7.981465 3390201
7.983315 3391273
7.985164 3392345
7.987014 3393417
7.988864 3394489
7.990713 3395561
7.992563 3396633
7.994412 3397705
7.996262 3398777
7.998112 3399849
7.999961 3400921
8.001811 3401993
8.003660 3403065
8.005510 3404137
8.007360 3405209
8.009209 3406281
8.011059 3407353
8.012908 3408425
8.014758 3409497
8.016608 3410569
8.018457 3411641
8.020307 3412713
8.022156 3413785
8.024006 3414857
8.025856 3415929
8.027705 3417001
8.029555 3418073
8.031404 3419145
8.033254 3420217
8.035104 3421289
8.036953 3422361
8.038803 3423433
8.040652 3424505
8.042502 3425577
8.044352 3426649
8.046201 3427721
8.048051 3428793
8.049900 3429865
8.051750 3430937
8.053600 3432009
8.055449 3433081
8.057299 3434153
8.059148 3435225
8.060998 3436297
8.062848 3437369
8.064697 3438441
8.066547 3439513
8.068396 3440585
8.070246 3441657
8.072096 3442729
8.073945 3443801
8.075795 3444873
8.077644 3445945
8.079494 3447017
8.081344 3448089
8.083193 3449161
8.085043 3450233
8.086892 3451305
8.088742 3452377
8.090592 3453449
8.092441 3454521
8.094291 3455593
8.096140 3456665
8.097990 3457737
8.099840 3458809
8.101689 3459881
8.103539 3460953
8.105388 3462025
8.107238 3463097
8.109088 3464169
8.110937 3465241
8.112787 3466313
8.114636 3467385
8.116486 3468457
8.118336 3469529
8.120185 3470601
8.122035 3471673
8.123884 3472745
8.125734 3473817
8.127584 3474889
8.129433 3475961
8.131283 3477033
8.133132 3478105
8.134982 3479177
8.136832 3480249
8.138681 3481321
8.140531 3482393
8.142380 3483465
8.144230 3484537
8.146080 3485609
8.147929 3486681
8.149779 3487753
8.151628 3488825
8.153478 3489897
8.155328 3490969
8.157177 3492041
8.159027 3493113
8.160876 3494185
8.162726 3495257
8.164576 3496329
8.166425 3497401
8.168275 3498473
8.170124 3499545
8.171974 3500617
8.173824 3501689
8.175673 3502761
8.177523 3503833
8.179372 3504905
8.181222 3505977
8.183072 3507049
8.184921 3508121
8.186771 3509193
8.188620 3510265
8.190470 3511337
8.192320 3512409
8.194169 3513481
8.196019 3514553
8.197868 3515625
8.199718 3516697
8.201568 3517769
8.203417 3518841
8.205267 3519913
8.207116 3520985
8.208966 3522057
8.210816 3523129
8.212665 3524201
8.214515 3525273
8.216364 3526345
8.218214 3527417
8.220064 3528489
8.221913 3529561
8.223763 3530633
8.225612 3531705
8.226537 3531705
8.227462 3531705
8.228387 3531705
8.229312 3531705
8.230236 3531705
8.231161 3531705
8.232086 3531705
8.233011 3531705
8.233936 3531705
8.234860 3531705
8.235785 3531705
8.236710 3531705
8.237635 3531705
8.238560 3531705
8.239484 3531705
8.240409 3531705
8.241334 3531705
8.242259 3531705
8.243184 3531705
8.244108 3531705
8.245033 3531705
8.245958 3531705
8.246883 3531705
8.247808 3531705
8.248732 3531705
8.249657 3531705
8.250582 3531705
8.251507 3531705
8.252432 3531705
8.253356 3531705
8.254281 3531705
8.255206 3531705
8.256131 3549393
8.264176 3550465
8.266025 3551537
8.267875 3552609
8.269724 3553681
8.271574 3554753
8.273424 3555825
8.275273 3556897
8.277123 3557969
8.286092 3559041
8.287942 3560113
8.289792 3561185
8.291641 3562257
8.293491 3563329
8.295340 3564401
8.297190 3565473
8.299040 3566545
8.307084 3567617
8.308934 3568689
8.310784 3569761
8.312633 3570833
8.314483 3571905
8.316332 3572977
8.318182 3574049
8.320032 3575121
8.328076 3576193
8.329926 3577265
8.331776 3578337
8.333625 3579409
8.335475 3580481
8.337324 3581553
8.339174 3582625
8.341024 3583697
8.349068 3584769
8.350918 3585841
8.352768 3586913
8.354617 3587985
8.356467 3589057
8.358316 3590129
8.360166 3591201
8.362016 3592273
8.363865 3593345
8.370985 3594417
8.372835 3595489
8.374684 3596561
8.376534 3597633
8.378384 3598705
8.380233 3599777
8.382083 3600849
8.383932 3601921
8.385782 3602993
8.392902 3604065
8.394752 3605137
8.396601 3606209
8.398451 3607281
8.400300 3608353
8.402150 3608353
8.403075 3608353
8.404000 3608353
8.404924 3608353
8.405849 3608353
8.406774 3608353
8.407699 3608353
8.408624 3608353
8.413894 3608353
8.414819 3608353
8.415744 3608353
8.416668 3608353
8.417593 3608353
8.418518 3608353
8.419443 3608353
8.420368 3608353
8.421292 3608353
8.422217 3608353
8.424992 3618537
8.437660 3619609
8.439510 3620681
8.441360 3621753
8.443209 3622825
8.458652 3623897
8.460502 3624969
8.462352 3626041
8.464201 3627113
8.466051 3628185
8.480569 3629257
8.482419 3630329
8.484268 3631401
8.486118 3632473
8.487968 3633545
8.502486 3634617
8.504336 3635689
8.506185 3636761
8.508035 3637833
8.509884 3638905
8.524403 3639977
8.526252 3641049
8.528102 3642121
8.529952 3643193
8.531801 3644265
8.545395 3645337
8.547244 3646409
8.549094 3647481
8.550944 3648553
8.552793 3649625
8.566387 3650697
8.568236 3651769
8.570086 3652841
8.571936 3653913
8.573785 3654985
8.575635 3656057
8.588304 3657129
8.590153 3658201
8.592003 3659273
8.593852 3660345
8.595702 3661417
8.597552 3662489
8.610220 3663561
8.612070 3664633
8.613920 3665705
8.615769 3666777
8.617619 3667849
8.619468 3668921
8.631212 3669993
8.633062 3671065
8.634912 3672137
8.636761 3673209
8.638611 3674281
8.640460 3675353
8.652204 3676425
8.654054 3677497
8.655904 3678569
8.657753 3679641
8.659603 3680713
8.661452 3681785
8.663302 3682857
8.674121 3683929
8.675971 3685001
8.677820 3686073
8.679670 3687145
8.681520 3688217
8.683369 3689289
8.685219 3690361
8.696038 3691433
8.697888 3692505
8.699737 3693577
8.701587 3694649
8.703436 3695721
8.705286 3696793
8.707136 3697865
8.717030 3698937
8.718880 3700009
8.720729 3701081
8.722579 3702153
8.724428 3703225
8.726278 3704297
8.728128 3705369
8.738022 3706441
8.739872 3707513
8.741721 3708585
8.743571 3709657
8.745420 3710729
8.747270 3711801
8.749120 3712873
8.759014 3713945
8.760864 3715017
8.762713 3716089
8.764563 3717161
8.766412 3718233
8.768262 3719305
8.770112 3720377
8.771961 3721449
8.780931 3722521
8.782780 3723593
8.784630 3724665
8.786480 3725737
8.788329 3726809
8.790179 3727881
8.792028 3728953
8.793878 3730025
8.802848 3731097
8.804697 3732169
8.806547 3733241
8.808396 3734313
8.810246 3735385
8.812096 3736457
8.813945 3737529
8.815795 3738601
8.823840 3739673
8.825689 3740745
8.827539 3741817
8.829388 3742889
8.831238 3743961
8.833088 3745033
8.834937 3746105
8.836787 3747177
8.844832 3748249
8.846681 3749321
8.848531 3750393
8.850380 3751465
8.852230 3752537
8.854080 3753609
8.855929 3754681
8.857779 3755753
8.859628 3756825
8.866748 3757897
8.868598 3758969
8.870448 3760041
8.872297 3761113
8.874147 3762185
8.875996 3763257
8.877846 3764329
8.879696 3765401
8.881545 3766473
8.888665 3767545
8.890515 3768617
8.892364 3769689
8.894214 3770761
8.896064 3771833
8.897913 3772905
8.899763 3773977
8.901612 3775049
8.903462 3776121
8.909657 3777193
8.911507 3778265
8.913356 3779337
8.915206 3780409
8.917056 3781481
8.918905 3782553
8.920755 3783625
8.922604 3784697
8.924454 3785769
8.930649 3786841
8.932499 3787913
8.934348 3788985
8.936198 3790057
8.938048 3791129
8.939897 3792201
8.941747 3793273
8.943596 3794345
8.945446 3795417
8.947296 3796489
8.952566 3797561
8.954416 3798633
8.956265 3799705
8.958115 3800777
8.959964 3801849
8.961814 3802921
8.963664 3803993
8.965513 3805065
8.967363 3806137
8.969212 3807209
8.974483 3808281
8.976332 3809353
8.978182 3810425
8.980032 3811497
8.981881 3812569
8.983731 3813641
8.985580 3814713
8.987430 3815785
8.989280 3816857
8.991129 3817929
8.996400 3819001
8.998249 3820073
9.000099 3821145
9.001948 3822217
9.003798 3823289
9.005648 3824361
9.007497 3825433
9.009347 3826505
9.011196 3827577
9.013046 3828649
9.017392 3829721
9.019241 3830793
9.021091 3831865
9.022940 3832937
9.024790 3834009
9.026640 3835081
9.028489 3836153
9.030339 3837225
9.032188 3838297
9.034038 3839369
9.038384 3840441
9.040233 3841513
9.042083 3842585
9.043932 3843657
9.045782 3844729
9.047632 3845801
9.049481 3846873
9.051331 3847945
9.053180 3849017
9.055030 3850089
9.056880 3851161
9.060300 3852233
9.062150 3853305
9.064000 3854377
9.065849 3855449
9.067699 3856521
9.069548 3857593
9.071398 3858665
9.073248 3859737
9.075097 3860809
9.076947 3861881
9.078796 3862953
9.082217 3864025
9.084067 3865097
9.085916 3866169
9.087766 3867241
9.089616 3868313
9.091465 3869385
9.093315 3870457
9.095164 3871529
9.097014 3872601
9.098864 3873673
9.100713 3874745
9.103209 3875817
9.105059 3876889
9.106908 3877961
9.108758 3879033
9.110608 3880105
9.112457 3881177
9.114307 3882249
9.116156 3883321
9.118006 3884393
9.119856 3885465
9.121705 3886537
9.124201 3887609
9.126051 3888681
9.127900 3889753
9.129750 3890825
9.131600 3891897
9.133449 3892969
9.135299 3894041
9.137148 3895113
9.138998 3896185
9.140848 3897257
9.142697 3898329
9.144547 3899401
9.146396 3900473
9.148246 3901545
9.150096 3902617
9.151945 3903689
9.153795 3904761
9.155644 3905833
9.157494 3906905
9.159344 3907977
9.161193 3909049
9.163043 3910121
9.164892 3911193
9.166742 3912265
9.168592 3913337
9.170441 3914409
9.172291 3915481
9.174140 3916553
9.175990 3917625
9.177840 3918697
9.179689 3919769
9.181539 3920841
9.183388 3921913
9.185238 3922985
9.187088 3924057
9.188937 3925129
9.190787 3926201
9.192636 3927273
9.194486 3928345
9.196336 3929417
9.198185 3930489
9.200035 3931561
9.201884 3932633
9.203734 3933705
9.206508 3934241
9.207433 3934241
9.208358 3934241
9.209283 3934241
9.210208 3934241
9.211132 3934241
9.212057 3934241
9.212982 3934241
9.213907 3934241
9.214832 3934241
9.215756 3934241
9.216681 3934241
9.217606 3934241
9.218531 3934241
9.219456 3934241
9.220380 3934241
9.221305 3934241
9.222230 3934241
9.223155 3934241
9.224080 3934241
9.225004 3934241
9.225929 3934241
9.226854 3934241
9.227779 3934241
9.230275 3947641
9.241372 3948713
9.243222 3949785
9.245072 3950857
9.246921 3951929
9.248771 3953001
9.252192 3954073
9.263289 3955145
9.265139 3956217
9.266988 3957289
9.268838 3958361
9.270688 3959433
9.274108 3960505
9.284281 3961577
9.286131 3962649
9.287980 3963721
9.289830 3964793
9.291680 3965865
9.295100 3966937
9.305273 3968009
9.307123 3969081
9.308972 3970153
9.310822 3971225
9.312672 3972297
9.316092 3973369
9.326265 3974441
9.328115 3975513
9.329964 3976585
9.331814 3977657
9.333664 3978729
9.335513 3979801
9.338009 3980873
9.348182 3981945
9.350032 3983017
9.351881 3984089
9.353731 3985161
9.355580 3986233
9.357430 3987305
9.359926 3988377
9.370099 3989449
9.371948 3990521
9.373798 3991593
9.375648 3992665
9.377497 3993737
9.379347 3994809
9.381196 3995881
9.391091 3996953
9.392940 3998025
9.394790 3999097
9.396640 4000169
9.398489 4001241
9.400339 4002313
9.402188 4003385
9.412083 4004457
9.413932 4005529
9.415782 4006601
9.417632 4007673
9.419481 4008745
9.421331 4009817
9.423180 4010889
9.425030 4011961
9.434000 4013033
9.435849 4014105
9.437699 4015177
9.439548 4016249
9.441398 4017321
9.443248 4018393
9.445097 4019465
9.446947 4020537
9.455916 4021609
9.457766 4022681
9.459616 4023753
9.461465 4024825
9.463315 4025897
9.465164 4026969
9.467014 4028041
9.468864 4029113
9.476908 4030185
9.478758 4031257
9.480608 4032329
9.482457 4033401
9.484307 4034473
9.486156 4035545
9.488006 4036617
9.489856 4037689
9.497900 4038761
9.499750 4039833
9.501600 4040905
9.503449 4041977
9.505299 4043049
9.507148 4044121
9.508998 4045193
9.510848 4046265
9.512697 4047337
9.519817 4048409
9.521667 4049481
9.523516 4050553
9.525366 4051625
9.527216 4052697
9.529065 4053769
9.530915 4054841
9.532764 4055913
9.534614 4056985
9.541734 4058057
9.543584 4059129
9.545433 4060201
9.547283 4061273
9.549132 4062345
9.550982 4063417
9.552832 4064489
9.554681 4065561
9.556531 4066633
9.563651 4067705
9.565500 4068777
9.567350 4069849
9.569200 4070921
9.571049 4071993
9.572899 4073065
9.574748 4074137
9.576598 4075209
9.578448 4076281
9.584643 4077353
9.586492 4078425
9.588342 4079497
9.590192 4080569
9.592041 4081641
9.593891 4082713
9.595740 4083785
9.597590 4084857
9.599440 4085929
9.605635 4087001
9.607484 4088073
9.609334 4089145
9.611184 4090217
9.613033 4091289
9.614883 4092361
9.616732 4093433
9.618582 4094505
9.620432 4095577
9.622281 4096649
9.627552 4097721
9.629401 4098793
9.631251 4099865
9.633100 4100937
9.634950 4102009
9.636800 4103081
9.638649 4104153
9.640499 4105225
9.642348 4106297
9.644198 4107369
9.649468 4108441
9.651318 4109513
9.653168 4110585
9.655017 4111657
9.656867 4112729
9.658716 4113801
9.660566 4114873
9.662416 4115945
9.664265 4117017
9.666115 4118089
9.670460 4119161
9.672310 4120233
9.674160 4121305
9.676009 4122377
9.677859 4123449
9.679708 4124521
9.681558 4125593
9.683408 4126665
9.685257 4127737
9.687107 4128809
9.691452 4129881
9.693302 4130953
9.695152 4132025
9.697001 4133097
9.698851 4134169
9.700700 4135241
9.702550 4136313
9.704400 4137385
9.706249 4138457
9.708099 4139529
9.709948 4140601
9.713369 4141673
9.715219 4142745
9.717068 4143817
9.718918 4144889
9.720768 4145961
9.722617 4147033
9.724467 4148105
9.726316 4149177
9.728166 4150249
9.730016 4151321
9.731865 4152393
9.735286 4153465
9.737136 4154537
9.738985 4155609
9.740835 4156681
9.742684 4157753
9.744534 4158825
9.746384 4159897
9.748233 4160969
9.750083 4162041
9.751932 4163113
9.753782 4164185
9.756278 4165257
9.758128 4166329
9.759977 4167401
9.761827 4168473
9.763676 4169545
9.765526 4170617
9.767376 4171689
9.769225 4172761
9.771075 4173833
9.772924 4174905
9.774774 4175977
9.777270 4177049
9.779120 4178121
9.780969 4179193
9.782819 4180265
9.784668 4181337
9.786518 4182409
9.788368 4183481
9.790217 4184553
9.792067 4185625
9.793916 4186697
9.795766 4187769
9.797616 4188841
9.799465 4189913
9.801315 4190985
9.803164 4192057
9.805014 4193129
9.806864 4194201
9.808713 4195273
9.810563 4196345
9.812412 4197417
9.814262 4198489
9.816112 4199561
9.817961 4200633
9.819811 4201705
9.821660 4202777
9.823510 4203849
9.825360 4204921
9.827209 4205993
9.829059 4207065
9.830908 4208137
9.832758 4209209
9.834608 4210281
9.836457 4211353
9.838307 4212425
9.840156 4213497
9.842006 4214569
9.843856 4215641
9.845705 4216713
9.847555 4217785
9.849404 4218857
9.851254 4219929
9.853104 4221001
9.854953 4222073
9.856803 4223145
9.858652 4224217
9.860502 4225289
9.862352 4226361
9.864201 4227433
9.866051 4228505
9.867900 4229577
9.869750 4230649
9.871600 4231721
9.873449 4232793
9.875299 4233865
9.877148 4234937
9.878998 4236009
9.880848 4237081
9.882697 4238153
9.884547 4239225
9.886396 4240297
9.888246 4241369
9.890096 4242441
9.891945 4243513
9.893795 4244585
9.895644 4245657
9.897494 4246729
9.899344 4247801
9.901193 4248873
9.903043 4249945
9.904892 4251017
9.906742 4252089
9.908592 4253161
9.910441 4254233
9.912291 4255305
9.914140 4256377
9.915990 4257449
9.917840 4258521
9.919689 4259593
9.921539 4260665
9.923388 4261737
9.925238 4262809
9.927088 4263881
9.928937 4264953
9.930787 4266025
9.932636 4267097
9.934486 4268169
9.936336 4269241
9.938185 4270313
9.940035 4271385
9.941884 4272457
9.943734 4273529
9.945584 4274601
9.947433 4275673
9.949283 4276745
9.951132 4277817
9.952982 4278889
9.954832 4279961
9.956681 4281033
9.958531 4282105
9.960380 4283177
9.962230 4284249
9.964080 4285321
9.965929 4286393
9.967779 4287465
9.969628 4288537
9.971478 4289609
9.973328 4290681
9.975177 4291753
9.977027 4292825
9.978876 4293897
9.980726 4294969
9.982576 4296041
9.984425 4297113
9.986275 4298185
9.988124 4299257
9.989974 4300329
9.991824 4301401
9.993673 4302473
9.995523 4303545
9.997372 4304617
9.999222 4305689
