1.0 0.0
1.10013 0.0
1.1002 7e-05
1.20119 0.0
1.20212 0.00093
1.30311 0.0
1.30404 0.00093
1.30496 0.00185
1.40503 0.0
1.40595 0.00092
1.40688 0.00185
1.50602 0.0
1.50694 0.00092
1.50787 0.00185
1.50879 0.00092
1.50972 0.00185
1.51064 0.00277
1.60794 0.0
1.60886 0.00092
1.60979 0.00185
1.61071 0.00092
1.61164 0.00185
1.61256 0.00277
1.61348 0.00184
1.61441 0.00277
1.61533 0.00369
1.70985 0.0
1.71078 0.00093
1.7117 0.00185
1.71263 0.00093
1.71355 0.00185
1.71448 0.00278
1.7154 0.00185
1.71633 0.00278
1.71725 0.0037
1.71818 0.00278
1.7191 0.0037
1.72003 0.00463
1.81084 0.0
1.81177 0.00093
1.81269 0.00185
1.81362 0.00093
1.81454 0.00185
1.81547 0.00278
1.81639 0.00185
1.81732 0.00278
1.81824 0.0037
1.81917 0.00278
1.82009 0.0037
1.82102 0.00463
1.82194 0.0037
1.82287 0.00463
1.82379 0.00555
1.82472 0.00463
1.82564 0.00555
1.82657 0.00648
1.91184 0.0
1.91276 0.00092
1.91369 0.00185
1.91461 0.00092
1.91554 0.00185
1.91646 0.00277
1.91739 0.00185
1.91831 0.00277
1.91924 0.0037
1.92016 0.00277
1.92108 0.00369
1.92201 0.00462
1.92293 0.00369
1.92386 0.00462
1.92478 0.00554
1.92571 0.00463
1.92663 0.00555
1.92756 0.00648
1.92848 0.00555
1.92941 0.00648
1.93033 0.0074
1.93126 0.00648
1.93218 0.0074
1.93311 0.00833
1.93403 0.0074
1.93496 0.00833
1.93588 0.00925
2.01283 0.0
2.01375 0.00092
2.01468 0.00185
2.0156 0.00092
2.01653 0.00185
2.01745 0.00277
2.01838 0.00185
2.0193 0.00277
2.02023 0.0037
2.02115 0.00277
2.02208 0.0037
2.023 0.00462
2.02393 0.0037
2.02485 0.00462
2.02578 0.00555
2.0267 0.00462
2.02763 0.00555
2.02855 0.00647
2.02948 0.00555
2.0304 0.00647
2.03132 0.00739
2.03225 0.00647
2.03317 0.00739
2.0341 0.00832
2.03502 0.00739
2.03595 0.00832
2.03687 0.00924
2.0378 0.00832
2.03872 0.00924
2.03965 0.00833
2.04057 0.00925
2.0415 0.00833
2.04242 0.00925
2.04335 0.00833
2.04427 0.00925
2.0452 0.00833
2.04612 0.00925
2.11475 0.0
2.11567 0.00092
2.1166 0.00185
2.11752 0.00092
2.11844 0.00184
2.11937 0.00277
2.12029 0.00185
2.12122 0.00278
2.12214 0.0037
2.12307 0.00278
2.12399 0.0037
2.12492 0.00463
2.12584 0.0037
2.12677 0.00463
2.12769 0.00555
2.12862 0.00463
2.12954 0.00555
2.13047 0.00648
2.13139 0.00555
2.13232 0.00648
2.13324 0.0074
2.13417 0.00648
2.13509 0.0074
2.13602 0.00833
2.13694 0.0074
2.13787 0.00833
2.13879 0.00925
2.13972 0.00833
2.14064 0.00925
2.14156 0.00832
2.14249 0.00925
2.14341 0.00832
2.14434 0.00925
2.14526 0.00832
2.14619 0.00925
2.14711 0.00832
2.14804 0.00925
2.14896 0.00832
2.14989 0.00925
2.15081 0.0074
2.23608 0.0
2.23701 0.0
2.23793 0.0
2.23886 0.0
2.23978 0.0
2.24071 0.0
2.24163 0.0
2.24256 0.0
2.24348 0.0
2.24441 0.0
2.24533 0.0
2.24626 0.0
2.24718 0.0
2.24811 0.0
2.24903 0.0
2.24996 0.0
2.25088 0.0
2.2518 0.0
2.25273 0.00093
2.33708 0.0
2.338 0.0
2.33892 0.0
2.33985 0.0
2.34077 0.0
2.3417 0.0
2.34262 0.0
2.34355 0.0
2.34447 0.0
2.3454 0.0
2.34632 0.0
2.34725 0.0
2.34817 0.0
2.3491 0.0
2.35002 0.0
2.35095 0.0
2.35187 0.0
2.3528 0.0
2.35372 0.00092
2.35465 0.00093
2.43807 0.0
2.43899 0.0
2.43992 0.0
2.44084 0.0
2.44177 0.0
2.44269 0.0
2.44362 0.0
2.44454 0.0
2.44547 0.0
2.44639 0.0
2.44732 0.0
2.44824 0.0
2.44916 0.0
2.45009 0.0
2.45101 0.0
2.45194 0.0
2.45286 0.0
2.45379 0.0
2.45471 0.00092
2.45564 0.00093
2.45656 0.00092
2.53906 0.0
2.53998 0.0
2.54091 0.0
2.54183 0.0
2.54276 0.0
2.54368 0.0
2.54461 0.0
2.54553 0.0
2.54646 0.0
2.54738 0.0
2.54831 0.0
2.54923 0.0
2.55016 0.0
2.55108 0.0
2.55201 0.0
2.55293 0.0
2.55386 0.0
2.55478 0.0
2.55571 0.00093
2.55663 0.00092
2.55756 0.00093
2.65577 0.0
2.6567 0.00093
2.65762 0.00185
2.65855 0.00278
2.65947 0.0037
2.6604 0.00463
2.66132 0.00555
2.66225 0.00648
2.66317 0.0074
2.6641 0.00833
2.66502 0.00925
2.66595 0.00925
2.66687 0.00925
2.6678 0.00925
2.75676 0.0
2.75769 0.00093
2.75861 0.00092
2.75954 0.00093
2.76046 0.00092
2.76139 0.00093
2.76231 0.00092
2.76324 0.00093
2.76416 0.00092
2.76509 0.00093
2.76601 0.00092
2.76694 0.00093
2.85776 0.0
2.85868 0.00092
2.85961 0.00185
2.86053 0.00277
2.95875 0.0
2.95967 0.00092
2.9606 0.00185
2.96152 0.00277
3.05974 0.0
3.06067 0.00093
3.06159 0.00185
3.06252 0.00278
3.16351 0.0
3.2645 0.0
3.36549 0.0
3.46648 0.0
3.56748 0.0
3.66847 0.0
3.76946 0.0
3.87045 0.0
3.97144 0.0
4.07244 0.0
4.07336 0.00092
4.07428 0.00184
4.07521 0.00277
4.07613 0.00369
4.07706 0.00462
4.07798 0.00554
4.07891 0.00647
4.07983 0.00739
4.08076 0.00832
4.08168 0.00924
4.17435 0.0
4.17528 0.00093
4.1762 0.0
4.17713 0.00093
4.17805 0.0
4.17898 0.00093
4.1799 0.0
4.18083 0.00093
4.18175 0.0
4.18268 0.00093
4.27534 0.0
4.27812 0.0
4.28367 0.0
4.37634 0.0
4.37911 0.0
4.38004 0.00093
4.38466 0.0
4.47733 0.0
4.4801 0.0
4.48103 0.000929999999999
4.48195 0.000920000000001
4.48565 0.0
4.57832 0.0
4.58109 0.0
4.58202 0.00093
4.58294 0.00092
4.58387 0.00093
4.58664 0.0
4.67931 0.0
4.68209 0.0
4.68301 0.000920000000001
4.68394 0.000929999999999
4.68486 0.00092
4.68579 0.00093
4.68764 0.0
4.7803 0.0
4.78308 0.0
4.784 0.00092
4.78493 0.0
4.78585 0.00092
4.78678 0.0
4.7877 0.00092
4.8813 0.0
4.88222 0.00092
4.885 0.0
4.88592 0.00092
4.88684 0.0
4.88777 0.000929999999999
4.88869 0.0
4.88962 0.000929999999999
4.98321 0.0
4.98414 0.00093
4.98691 0.0
4.98784 0.00093
4.98876 0.00185
4.98969 0.00093
4.99061 0.00185
4.99154 0.000929999999999
4.99246 0.00185
5.08513 0.0
5.08605 0.00092
5.08883 0.0
5.08975 0.000920000000001
5.09068 0.0
5.0916 0.00092
5.09253 0.0
5.09345 0.00092
5.18612 0.0
5.18705 0.00093
5.18982 0.0
5.19075 0.00093
5.19167 0.0
5.1926 0.000929999999999
5.19352 0.0
5.19444 0.00092
5.19537 0.00185
5.28711 0.0
5.28804 0.000929999999999
5.29081 0.0
5.29174 0.00093
5.29266 0.0
5.29359 0.00093
5.29451 0.0
5.29544 0.00093
5.29636 0.0
5.29729 0.00093
5.38903 0.0
5.38996 0.00093
5.39273 0.0
5.39365 0.00092
5.39458 0.0
5.3955 0.00092
5.39643 0.0
5.39735 0.000920000000001
5.39828 0.0
5.3992 0.000920000000001
5.40013 0.00185
5.49095 0.0
5.49187 0.00092
5.49465 0.0
5.49557 0.00092
5.4965 0.0
5.49742 0.00092
5.49835 0.0
5.49927 0.00092
5.5002 0.0
5.50112 0.00092
5.59194 0.0
5.59286 0.00092
5.59564 0.0
5.59656 0.00092
5.59749 0.0
5.59841 0.000920000000001
5.59934 0.0
5.60026 0.00092
5.60119 0.0
5.60211 0.00092
5.69293 0.0
5.69386 0.00093
5.69663 0.0
5.69756 0.00093
5.69848 0.00185
5.6994 0.00092
5.70033 0.00185
5.70125 0.00092
5.70218 0.00185
5.7031 0.00092
5.70403 0.00185
5.79392 0.0
5.79485 0.00093
5.79762 0.0
5.79855 0.000929999999999
5.79947 0.0
5.8004 0.000929999999999
5.80132 0.0
5.80225 0.00093
5.80317 0.0
5.8041 0.00093
5.80502 0.0
5.80595 0.00093
5.89584 0.0
5.89676 0.00092
5.89954 0.0
5.90046 0.00092
5.90139 0.0
5.90231 0.00092
5.90324 0.00185
5.90416 0.00092
5.90509 0.00185
5.90601 0.00092
5.90694 0.00185
5.90786 0.000920000000001
5.90879 0.00185
5.99776 0.0
5.99868 0.00092
6.00146 0.0
6.00238 0.00092
6.00331 0.0
6.00423 0.00092
6.00516 0.0
6.00608 0.00092
6.007 0.0
6.00793 0.00093
6.00885 0.0
6.00978 0.00093
6.09875 0.0
6.09967 0.00092
6.10245 0.0
6.10337 0.00092
6.1043 0.0
6.10522 0.00092
6.10615 0.0
6.10707 0.00092
6.108 0.0
6.10892 0.000920000000001
6.10985 0.00185
6.11077 0.00092
6.1117 0.00185
6.19974 0.0
6.20067 0.000929999999999
6.20344 0.0
6.20436 0.000920000000001
6.20529 0.0
6.20621 0.00092
6.20714 0.0
6.20806 0.00092
6.20899 0.0
6.20991 0.00092
6.21084 0.0
6.21176 0.00092
6.21269 0.0
6.21361 0.00092
6.30166 0.0
6.30258 0.00092
6.30536 0.0
6.30628 0.00092
6.30721 0.0
6.30813 0.00092
6.30906 0.0
6.30998 0.000920000000001
6.31091 0.0
6.31183 0.00092
6.31276 0.0
6.31368 0.00092
6.3146 0.0
6.31553 0.000929999999999
6.31645 0.00185
6.40357 0.0
6.4045 0.000929999999999
6.40727 0.0
6.4082 0.00093
6.40912 0.0
6.41005 0.00093
6.41097 0.0
6.4119 0.00093
6.41282 0.0
6.41375 0.00093
6.41467 0.0
6.4156 0.00093
6.41652 0.0
6.41745 0.000929999999999
6.50457 0.0
6.50549 0.00092
6.50827 0.0
6.50919 0.00092
6.51012 0.0
6.51104 0.000920000000001
6.51196 0.0
6.51289 0.000929999999999
6.51381 0.0
6.51474 0.000929999999999
6.51566 0.0
6.51659 0.00093
6.51751 0.0
6.51844 0.00093
6.60556 0.0
6.60648 0.000920000000001
6.60741 0.00185
6.60926 0.0
6.61018 0.00092
6.61111 0.0
6.61203 0.00092
6.61296 0.0
6.61388 0.00092
6.61481 0.0
6.61573 0.00092
6.61666 0.0
6.61758 0.00092
6.61851 0.0
6.61943 0.000920000000001
6.70655 0.0
6.70748 0.00093
6.7084 0.0
6.70932 0.00092
6.71117 0.0
6.7121 0.00093
6.71302 0.0
6.71395 0.000929999999999
6.71487 0.0
6.7158 0.000929999999999
6.71672 0.0
6.71765 0.00093
6.71857 0.0
6.7195 0.00093
6.72042 0.0
6.72135 0.00093
6.80847 0.0
6.80939 0.00092
6.81032 0.0
6.81124 0.00092
6.81309 0.0
6.81402 0.00093
6.81494 0.00185
6.81587 0.00093
6.81679 0.00185
6.81772 0.000929999999999
6.81864 0.00185
6.81956 0.00092
6.82049 0.00185
6.82141 0.00092
6.82234 0.00185
6.82326 0.000920000000001
6.82419 0.00185
6.91038 0.0
6.91131 0.00093
6.91223 0.0
6.91316 0.00093
6.91501 0.0
6.91593 0.000920000000001
6.91686 0.0
6.91778 0.00092
6.91871 0.0
6.91963 0.00092
6.92056 0.0
6.92148 0.00092
6.92241 0.0
6.92333 0.00092
6.92426 0.0
6.92518 0.00092
7.01138 0.0
7.0123 0.00092
7.01323 0.0
7.01415 0.00092
7.016 0.0
7.01692 0.00092
7.01785 0.0
7.01877 0.00092
7.0197 0.0
7.02062 0.00092
7.02155 0.00185
7.02247 0.00092
7.0234 0.00185
7.02432 0.000920000000001
7.02525 0.00185
7.02617 0.00092
7.0271 0.00185
7.11237 0.0
7.11329 0.00092
7.11422 0.0
7.11514 0.00092
7.11699 0.0
7.11792 0.000929999999999
7.11884 0.0
7.11977 0.00093
7.12069 0.0
7.12162 0.00093
7.12254 0.0
7.12347 0.00093
7.12439 0.0
7.12532 0.00093
7.12624 0.0
7.12716 0.00092
7.12809 0.0
7.12901 0.00092
7.21428 0.0
7.21521 0.00093
7.21613 0.0
7.21706 0.00093
7.21891 0.0
7.21983 0.00092
7.22076 0.0
7.22168 0.00092
7.22261 0.0
7.22353 0.00092
7.22446 0.0
7.22538 0.000920000000001
7.22631 0.0
7.22723 0.00092
7.22816 0.00185
7.22908 0.00092
7.23001 0.00185
7.23093 0.00092
7.23186 0.00185
7.3162 0.0
7.31713 0.000929999999999
7.31805 0.0
7.31898 0.000929999999999
7.32083 0.0
7.32175 0.00092
7.32268 0.0
7.3236 0.00092
7.32452 0.0
7.32545 0.00093
7.32637 0.0
7.3273 0.00093
7.32822 0.0
7.32915 0.00093
7.33007 0.0
7.331 0.00093
7.33192 0.0
7.33285 0.000929999999999
7.41719 0.0
7.41812 0.00093
7.41904 0.0
7.41997 0.00093
7.42182 0.0
7.42274 0.00092
7.42367 0.0
7.42459 0.00092
7.42552 0.0
7.42644 0.000920000000001
7.42737 0.0
7.42829 0.00092
7.42922 0.0
7.43014 0.00092
7.43107 0.0
7.43199 0.00092
7.43292 0.00185
7.43384 0.00092
7.43476 0.00184
7.51819 0.0
7.51911 0.000920000000001
7.52004 0.0
7.52096 0.00092
7.52281 0.0
7.52373 0.00092
7.52466 0.0
7.52558 0.00092
7.52651 0.0
7.52743 0.00092
7.52836 0.0
7.52928 0.00092
7.53021 0.0
7.53113 0.00092
7.53206 0.0
7.53298 0.00092
7.53391 0.0
7.53483 0.000920000000001
7.53576 0.0
7.53668 0.00092
7.6201 0.0
7.62103 0.00093
7.62195 0.0
7.62288 0.00093
7.62473 0.0
7.62565 0.000920000000001
7.62658 0.0
7.6275 0.000920000000001
7.62843 0.0
7.62935 0.00092
7.63028 0.0
7.6312 0.00092
7.63212 0.0
7.63305 0.00093
7.63397 0.0
7.6349 0.00093
7.63582 0.0
7.63675 0.00093
7.63767 0.0
7.6386 0.00093
7.63952 0.00185
7.72202 0.0
7.72294 0.000920000000001
7.72387 0.0
7.72479 0.00092
7.72664 0.0
7.72757 0.00093
7.72849 0.0
7.72942 0.00093
7.73034 0.0
7.73127 0.00093
7.73219 0.0
7.73312 0.00093
7.73404 0.0
7.73497 0.000929999999999
7.73589 0.0
7.73682 0.000929999999999
7.73774 0.0
7.73867 0.00093
7.73959 0.0
7.74052 0.00093
7.82301 0.0
7.82394 0.00093
7.82486 0.0
7.82579 0.000929999999999
7.82764 0.0
7.82856 0.000920000000001
7.82948 0.0
7.83041 0.000929999999999
7.83133 0.0
7.83226 0.000929999999999
7.83318 0.0
7.83411 0.00093
7.83503 0.0
7.83596 0.00093
7.83688 0.0
7.83781 0.00093
7.83873 0.0
7.83966 0.00093
7.84058 0.0
7.84151 0.00093
7.924 0.0
7.92493 0.000929999999999
7.92585 0.0
7.92678 0.00093
7.9277 0.00185
7.92863 0.0
7.92955 0.00092
7.93048 0.0
7.9314 0.00092
7.93233 0.0
7.93325 0.00092
7.93418 0.0
7.9351 0.000920000000001
7.93603 0.0
7.93695 0.000920000000001
7.93788 0.0
7.9388 0.00092
7.93972 0.0
7.94065 0.000929999999999
7.94157 0.0
7.9425 0.00093
8.025 0.0
8.02592 0.000919999999999
8.02684 0.0
8.02777 0.00093
8.02869 0.0
8.02962 0.00093
8.03054 0.0
8.03147 0.00093
8.03239 0.0
8.03332 0.00093
8.03424 0.0
8.03517 0.00093
8.03609 0.0
8.03702 0.00093
8.03794 0.0
8.03887 0.000929999999999
8.03979 0.0
8.04072 0.00093
8.04164 0.0
8.04257 0.00093
8.04349 0.0
8.04442 0.00093
8.12691 0.0
8.12784 0.00093
8.12876 0.0
8.12969 0.00093
8.13061 0.0
8.13154 0.000929999999999
8.13246 0.0
8.13339 0.00093
8.13431 0.00185
8.13524 0.00093
8.13616 0.00185
8.13708 0.000919999999999
8.13801 0.00185
8.13893 0.000920000000001
8.13986 0.00185
8.14078 0.000919999999999
8.14171 0.00185
8.14263 0.000920000000001
8.14356 0.00185
8.14448 0.000919999999999
8.14541 0.00185
8.14633 0.000920000000001
8.14726 0.00185
8.22883 0.0
8.22975 0.000919999999999
8.23068 0.0
8.2316 0.000920000000001
8.23253 0.0
8.23345 0.000919999999999
8.23438 0.0
8.2353 0.000920000000001
8.23623 0.0
8.23715 0.000919999999999
8.23808 0.0
8.239 0.000920000000001
8.23993 0.0
8.24085 0.000920000000001
8.24178 0.0
8.2427 0.000919999999999
8.24363 0.0
8.24455 0.000920000000001
8.24548 0.0
8.2464 0.000919999999999
8.24732 0.0
8.24825 0.00093
8.32982 0.0
8.33075 0.00093
8.33167 0.0
8.3326 0.000929999999999
8.33352 0.0
8.33444 0.000920000000001
8.33537 0.0
8.33629 0.000920000000001
8.33722 0.0
8.33814 0.000919999999999
8.33907 0.0
8.33999 0.000920000000001
8.34092 0.00185
8.34184 0.000919999999999
8.34277 0.00185
8.34369 0.000920000000001
8.34462 0.00185
8.34554 0.000919999999999
8.34647 0.00185
8.34739 0.000920000000001
8.34832 0.00185
8.34924 0.000920000000001
8.35017 0.00185
8.43081 0.0
8.43174 0.00093
8.43266 0.0
8.43359 0.00093
8.43451 0.0
8.43544 0.00093
8.43636 0.0
8.43729 0.00093
8.43821 0.0
8.43914 0.00093
8.44006 0.0
8.44099 0.000929999999999
8.44191 0.0
8.44284 0.00093
8.44376 0.0
8.44468 0.000920000000001
8.44561 0.0
8.44653 0.000919999999999
8.44746 0.0
8.44838 0.000920000000001
8.44931 0.0
8.45023 0.000919999999999
8.45116 0.0
8.45208 0.000920000000001
8.53273 0.0
8.53365 0.000919999999999
8.53458 0.0
8.5355 0.000920000000001
8.53643 0.0
8.53735 0.000920000000001
8.53828 0.0
8.5392 0.000919999999999
8.54013 0.0
8.54105 0.000920000000001
8.54198 0.0
8.5429 0.000919999999999
8.54383 0.0
8.54475 0.000920000000001
8.54568 0.0
8.5466 0.000919999999999
8.54753 0.00185
8.54845 0.000920000000001
8.54938 0.00185
8.5503 0.000920000000001
8.55123 0.00185
8.55215 0.000919999999999
8.55308 0.00185
8.554 0.000920000000001
8.55492 0.00184
8.63465 0.0
8.63557 0.000919999999999
8.6365 0.0
8.63742 0.000920000000001
8.63835 0.0
8.63927 0.000919999999999
8.6402 0.0
8.64112 0.000920000000001
8.64204 0.0
8.64297 0.00093
8.64389 0.0
8.64482 0.000929999999999
8.64574 0.0
8.64667 0.00093
8.64759 0.0
8.64852 0.00093
8.64944 0.0
8.65037 0.00093
8.65129 0.0
8.65222 0.00093
8.65314 0.0
8.65407 0.00093
8.65499 0.0
8.65592 0.00093
8.73564 0.0
8.73656 0.000920000000001
8.73749 0.0
8.73841 0.000920000000001
8.73934 0.0
8.74026 0.000919999999999
8.74119 0.0
8.74211 0.000920000000001
8.74304 0.0
8.74396 0.000919999999999
8.74489 0.0
8.74581 0.000920000000001
8.74674 0.0
8.74766 0.000919999999999
8.74859 0.0
8.74951 0.000920000000001
8.75044 0.0
8.75136 0.000920000000001
8.75228 0.0
8.75321 0.000929999999999
8.75413 0.00185
8.75506 0.00093
8.75598 0.00185
8.75691 0.00093
8.75783 0.00185
8.83663 0.0
8.83756 0.00093
8.83848 0.0
8.8394 0.000919999999999
8.84033 0.0
8.84125 0.000920000000001
8.84218 0.0
8.8431 0.000919999999999
8.84403 0.0
8.84495 0.000920000000001
8.84588 0.0
8.8468 0.000920000000001
8.84773 0.0
8.84865 0.000919999999999
8.84958 0.0
8.8505 0.000920000000001
8.85143 0.0
8.85235 0.000919999999999
8.85328 0.0
8.8542 0.000920000000001
8.85513 0.0
8.85605 0.000919999999999
8.85698 0.0
8.8579 0.000920000000001
8.85883 0.0
8.85975 0.000920000000001
8.93855 0.0
8.93947 0.000920000000001
8.9404 0.0
8.94132 0.000919999999999
8.94225 0.0
8.94317 0.000920000000001
8.9441 0.0
8.94502 0.000919999999999
8.94595 0.0
8.94687 0.000920000000001
8.9478 0.0
8.94872 0.000919999999999
8.94964 0.0
8.95057 0.00093
8.95149 0.0
8.95242 0.00093
8.95334 0.0
8.95427 0.000929999999999
8.95519 0.0
8.95612 0.00093
8.95704 0.0
8.95797 0.00093
8.95889 0.0
8.95982 0.00093
8.96074 0.00185
8.96167 0.00093
8.96259 0.00185
9.04046 0.0
9.04139 0.00093
9.04231 0.0
9.04324 0.00093
9.04416 0.0
9.04509 0.00093
9.04601 0.0
9.04694 0.000929999999999
9.04786 0.0
9.04879 0.00093
9.04971 0.0
9.05064 0.00093
9.05156 0.0
9.05249 0.00093
9.05341 0.0
9.05434 0.00093
9.05526 0.0
9.05619 0.00093
9.05711 0.0
9.05804 0.00093
9.05896 0.0
9.05988 0.000919999999999
9.06081 0.0
9.06173 0.000920000000001
9.06266 0.0
9.06358 0.000920000000001
9.14146 0.0
9.14238 0.000919999999999
9.14331 0.0
9.14423 0.000920000000001
9.14516 0.0
9.14608 0.000919999999999
9.147 0.0
9.14793 0.00093
9.14885 0.0
9.14978 0.00093
9.1507 0.0
9.15163 0.00093
9.15255 0.0
9.15348 0.00093
9.1544 0.0
9.15533 0.000929999999999
9.15625 0.0
9.15718 0.00093
9.1581 0.0
9.15903 0.00093
9.15995 0.0
9.16088 0.00093
9.1618 0.0
9.16273 0.00093
9.16365 0.0
9.16458 0.00093
9.24245 0.0
9.24337 0.000920000000001
9.2443 0.0
9.24522 0.000919999999999
9.24615 0.00185
9.24707 0.000920000000001
9.248 0.00185
9.24892 0.000920000000001
9.24985 0.00185
9.25077 0.000919999999999
9.2517 0.00185
9.25262 0.000920000000001
9.25355 0.00185
9.25447 0.000919999999999
9.2554 0.00185
9.25632 0.000920000000001
9.25724 0.00184
9.25817 0.00093
9.25909 0.00185
9.26002 0.00093
9.26094 0.00185
9.26187 0.00093
9.26279 0.00185
9.26372 0.000929999999999
9.26464 0.00185
9.26557 0.00093
9.26649 0.00185
9.34344 0.0
9.34436 0.000920000000001
9.34529 0.0
9.34621 0.000919999999999
9.34714 0.0
9.34806 0.000920000000001
9.34899 0.0
9.34991 0.000919999999999
9.35084 0.0
9.35176 0.000920000000001
9.35269 0.0
9.35361 0.000919999999999
9.35454 0.0
9.35546 0.000920000000001
9.35639 0.0
9.35731 0.000920000000001
9.35824 0.0
9.35916 0.000919999999999
9.36009 0.0
9.36101 0.000920000000001
9.36194 0.0
9.36286 0.000919999999999
9.36379 0.0
9.36471 0.000920000000001
9.36564 0.0
9.36656 0.000919999999999
9.36748 0.0
9.36841 0.00093
9.44536 0.0
9.44628 0.000919999999999
9.44721 0.0
9.44813 0.000920000000001
9.44906 0.0
9.44998 0.000920000000001
9.45091 0.0
9.45183 0.000919999999999
9.45276 0.00185
9.45368 0.000920000000001
9.4546 0.00184
9.45553 0.00093
9.45645 0.00185
9.45738 0.00093
9.4583 0.00185
9.45923 0.00093
9.46015 0.00185
9.46108 0.00093
9.462 0.00185
9.46293 0.00093
9.46385 0.00185
9.46478 0.000929999999999
9.4657 0.00185
9.46663 0.00093
9.46755 0.00185
9.46848 0.00093
9.4694 0.00185
9.47033 0.00093
9.47125 0.00185
9.54727 0.0
9.5482 0.00093
9.54912 0.0
9.55005 0.00093
9.55097 0.0
9.5519 0.00093
9.55282 0.0
9.55375 0.00093
9.55467 0.0
9.5556 0.00093
9.55652 0.0
9.55745 0.000929999999999
9.55837 0.0
9.5593 0.00093
9.56022 0.0
9.56115 0.00093
9.56207 0.0
9.563 0.00093
9.56392 0.0
9.56484 0.000920000000001
9.56577 0.0
9.56669 0.000919999999999
9.56762 0.0
9.56854 0.000920000000001
9.56947 0.0
9.57039 0.000919999999999
9.57132 0.0
9.57224 0.000920000000001
9.64827 0.0
9.64919 0.000920000000001
9.65012 0.0
9.65104 0.000920000000001
9.65196 0.0
9.65289 0.000929999999999
9.65381 0.0
9.65474 0.00093
9.65566 0.0
9.65659 0.00093
9.65751 0.0
9.65844 0.00093
9.65936 0.00185
9.66029 0.00093
9.66121 0.00185
9.66214 0.00093
9.66306 0.00185
9.66399 0.00093
9.66491 0.00185
9.66584 0.000929999999999
9.66676 0.00185
9.66769 0.00093
9.66861 0.00185
9.66954 0.00093
9.67046 0.00185
9.67139 0.00093
9.67231 0.00185
9.67324 0.00093
9.67416 0.00185
9.74926 0.0
9.75018 0.000920000000001
9.75111 0.0
9.75203 0.000919999999999
9.75296 0.0
9.75388 0.000920000000001
9.75481 0.0
9.75573 0.000919999999999
9.75666 0.0
9.75758 0.000920000000001
9.75851 0.0
9.75943 0.000920000000001
9.76036 0.0
9.76128 0.000919999999999
9.7622 0.0
9.76313 0.00093
9.76405 0.0
9.76498 0.00093
9.7659 0.0
9.76683 0.00093
9.76775 0.0
9.76868 0.00093
9.7696 0.0
9.77053 0.00093
9.77145 0.0
9.77238 0.00093
9.7733 0.0
9.77423 0.000929999999999
9.77515 0.0
9.77608 0.00093
9.85117 0.0
9.8521 0.00093
9.85302 0.0
9.85395 0.000929999999999
9.85487 0.0
9.8558 0.00093
9.85672 0.0
9.85765 0.00093
9.85857 0.0
9.8595 0.00093
9.86042 0.0
9.86135 0.00093
9.86227 0.0
9.8632 0.00093
9.86412 0.0
9.86505 0.00093
9.86597 0.0
9.8669 0.000929999999999
9.86782 0.00185
9.86875 0.00093
9.86967 0.00185
9.8706 0.00093
9.87152 0.00185
9.87244 0.000919999999999
9.87337 0.00185
9.87429 0.000920000000001
9.87522 0.00185
9.87614 0.000919999999999
9.87707 0.00185
9.87799 0.000920000000001
9.87892 0.00185
9.95309 0.0
9.95402 0.00093
9.95494 0.0
9.95587 0.00093
9.95679 0.0
9.95772 0.00093
9.95864 0.0
9.95956 0.000919999999999
9.96049 0.0
9.96141 0.000920000000001
9.96234 0.0
9.96326 0.000920000000001
9.96419 0.0
9.96511 0.000919999999999
9.96604 0.0
9.96696 0.000920000000001
9.96789 0.0
9.96881 0.000919999999999
9.96974 0.0
9.97066 0.000920000000001
9.97159 0.0
9.97251 0.000919999999999
9.97344 0.0
9.97436 0.000920000000001
9.97529 0.0
9.97621 0.000920000000001
9.97714 0.0
9.97806 0.000919999999999
9.97899 0.0
9.97991 0.000920000000001
