1.0 1
1.0 0
1.05007 1
1.05007 0
1.10013 1
1.10013 0
1.10013 1
1.1002 0
1.15113 1
1.15113 0
1.20119 1
1.20119 0
1.20119 1
1.20212 0
1.25304 1
1.25304 0
1.30311 1
1.30311 0
1.30311 1
1.30311 2
1.30404 1
1.30496 0
1.35496 1
1.35496 0
1.40503 1
1.40503 0
1.40503 1
1.40503 2
1.40595 1
1.40688 0
1.45595 1
1.45595 0
1.4578 1
1.4578 0
1.50602 1
1.50602 0
1.50602 1
1.50602 2
1.50694 1
1.50787 0
1.50787 1
1.50787 2
1.50787 3
1.50879 2
1.50972 1
1.51064 0
1.55787 1
1.55787 0
1.55972 1
1.55972 0
1.56157 1
1.56157 0
1.60794 1
1.60794 0
1.60794 1
1.60794 2
1.60886 1
1.60979 0
1.60979 1
1.60979 2
1.60979 3
1.61071 2
1.61164 1
1.61164 2
1.61164 3
1.61164 4
1.61256 3
1.61348 2
1.61441 1
1.61533 0
1.65979 1
1.65979 0
1.66164 1
1.66164 0
1.66348 1
1.66348 0
1.66533 1
1.66533 0
1.70985 1
1.70985 0
1.70985 1
1.70985 2
1.71078 1
1.7117 0
1.7117 1
1.7117 2
1.7117 3
1.71263 2
1.71355 1
1.71355 2
1.71355 3
1.71355 4
1.71448 3
1.7154 2
1.7154 3
1.7154 4
1.7154 5
1.71633 4
1.71725 3
1.71818 2
1.7191 1
1.72003 0
1.76078 1
1.76078 0
1.76263 1
1.76263 0
1.76448 1
1.76448 0
1.76633 1
1.76633 0
1.76818 1
1.76818 0
1.77003 1
1.77003 0
1.81084 1
1.81084 0
1.81084 1
1.81084 2
1.81177 1
1.81269 0
1.81269 1
1.81269 2
1.81269 3
1.81362 2
1.81454 1
1.81454 2
1.81454 3
1.81454 4
1.81547 3
1.81639 2
1.81639 3
1.81639 4
1.81639 5
1.81732 4
1.81824 3
1.81824 4
1.81824 5
1.81824 6
1.81917 5
1.82009 4
1.82009 5
1.82009 6
1.82009 7
1.82102 6
1.82194 5
1.82287 4
1.82379 3
1.82472 2
1.82564 1
1.82657 0
1.86177 1
1.86177 0
1.86362 1
1.86362 0
1.86547 1
1.86547 0
1.86732 1
1.86732 0
1.86917 1
1.86917 0
1.87102 1
1.87102 0
1.87287 1
1.87287 0
1.87472 1
1.87472 0
1.87657 1
1.87657 0
1.91184 1
1.91184 0
1.91184 1
1.91184 2
1.91276 1
1.91369 0
1.91369 1
1.91369 2
1.91369 3
1.91461 2
1.91554 1
1.91554 2
1.91554 3
1.91554 4
1.91646 3
1.91739 2
1.91739 3
1.91739 4
1.91739 5
1.91831 4
1.91924 3
1.91924 4
1.91924 5
1.91924 6
1.92016 5
1.92108 4
1.92108 5
1.92108 6
1.92108 7
1.92201 6
1.92293 5
1.92293 6
1.92293 7
1.92293 8
1.92386 7
1.92478 6
1.92478 7
1.92478 8
1.92478 9
1.92571 8
1.92663 7
1.92663 8
1.92663 9
1.92663 10
1.92756 9
1.92848 8
1.92941 7
1.93033 6
1.93126 5
1.93218 4
1.93311 3
1.93403 2
1.93496 1
1.93588 0
1.96276 1
1.96276 0
1.96461 1
1.96461 0
1.96646 1
1.96646 0
1.96831 1
1.96831 0
1.97016 1
1.97016 0
1.97201 1
1.97201 0
1.97386 1
1.97386 0
1.97571 1
1.97571 0
1.97756 1
1.97756 0
1.97941 1
1.97941 0
1.98126 1
1.98126 0
1.98311 1
1.98311 0
1.98496 1
1.98496 0
1.98681 1
1.98681 0
2.01283 1
2.01283 0
2.01283 1
2.01283 2
2.01375 1
2.01468 0
2.01468 1
2.01468 2
2.01468 3
2.0156 2
2.01653 1
2.01653 2
2.01653 3
2.01653 4
2.01745 3
2.01838 2
2.01838 3
2.01838 4
2.01838 5
2.0193 4
2.02023 3
2.02023 4
2.02023 5
2.02023 6
2.02115 5
2.02208 4
2.02208 5
2.02208 6
2.02208 7
2.023 6
2.02393 5
2.02393 6
2.02393 7
2.02393 8
2.02485 7
2.02578 6
2.02578 7
2.02578 8
2.02578 9
2.0267 8
2.02763 7
2.02763 8
2.02763 9
2.02763 10
2.02855 9
2.02948 8
2.02948 9
2.02948 10
2.0304 9
2.03132 8
2.03132 9
2.03132 10
2.03225 9
2.03317 8
2.03317 9
2.03317 10
2.0341 9
2.03502 8
2.03502 9
2.03502 10
2.03595 9
2.03687 8
2.03687 9
2.03687 10
2.0378 9
2.03872 8
2.03965 7
2.04057 6
2.0415 5
2.04242 4
2.04335 3
2.04427 2
2.0452 1
2.04612 0
2.06468 1
2.06468 0
2.06653 1
2.06653 0
2.06838 1
2.06838 0
2.07023 1
2.07023 0
2.07208 1
2.07208 0
2.07393 1
2.07393 0
2.07578 1
2.07578 0
2.07763 1
2.07763 0
2.07948 1
2.07948 0
2.08132 1
2.08132 0
2.08317 1
2.08317 0
2.08502 1
2.08502 0
2.08687 1
2.08687 0
2.08872 1
2.08872 0
2.09057 1
2.09057 0
2.0915 1
2.0915 0
2.09242 1
2.09242 0
2.09335 1
2.09335 0
2.09427 1
2.09427 0
2.0952 1
2.0952 0
2.09612 1
2.09612 0
2.09705 1
2.09705 0
2.11475 1
2.11475 0
2.11475 1
2.11475 2
2.11567 1
2.1166 0
2.1166 1
2.1166 2
2.1166 3
2.11752 2
2.11844 1
2.11844 2
2.11844 3
2.11844 4
2.11937 3
2.12029 2
2.12029 3
2.12029 4
2.12029 5
2.12122 4
2.12214 3
2.12214 4
2.12214 5
2.12214 6
2.12307 5
2.12399 4
2.12399 5
2.12399 6
2.12399 7
2.12492 6
2.12584 5
2.12584 6
2.12584 7
2.12584 8
2.12677 7
2.12769 6
2.12769 7
2.12769 8
2.12769 9
2.12862 8
2.12954 7
2.12954 8
2.12954 9
2.12954 10
2.13047 9
2.13139 8
2.13139 9
2.13139 10
2.13232 9
2.13324 8
2.13324 9
2.13324 10
2.13417 9
2.13509 8
2.13509 9
2.13509 10
2.13602 9
2.13694 8
2.13694 9
2.13694 10
2.13787 9
2.13879 8
2.13879 9
2.13879 10
2.13972 9
2.14064 8
2.14064 9
2.14064 10
2.14156 9
2.14249 8
2.14341 7
2.14341 8
2.14434 7
2.14526 6
2.14619 5
2.14711 4
2.14804 3
2.14896 2
2.14989 1
2.15081 0
2.16567 1
2.16567 0
2.1666 1
2.1666 0
2.16752 1
2.16752 0
2.16844 1
2.16844 0
2.16937 1
2.16937 0
2.17029 1
2.17029 0
2.17122 1
2.17122 0
2.17214 1
2.17214 0
2.17307 1
2.17307 0
2.17399 1
2.17399 0
2.17492 1
2.17492 0
2.17584 1
2.17584 0
2.17677 1
2.17677 0
2.17769 1
2.17769 0
2.17862 1
2.17862 0
2.17954 1
2.17954 0
2.18047 1
2.18047 0
2.18139 1
2.18139 0
2.18232 1
2.18232 0
2.18324 1
2.18324 0
2.18417 1
2.18417 0
2.18509 1
2.18509 0
2.18602 1
2.18602 0
2.18694 1
2.18694 0
2.18787 1
2.18787 0
2.18879 1
2.18879 0
2.18972 1
2.18972 0
2.19064 1
2.19064 0
2.19156 1
2.19156 0
2.19249 1
2.19249 0
2.19341 1
2.19341 0
2.19434 1
2.19434 0
2.19526 1
2.19526 0
2.19619 1
2.19619 0
2.19711 1
2.19711 0
2.19804 1
2.19804 0
2.19896 1
2.19896 0
2.19989 1
2.19989 0
2.20081 1
2.20081 0
2.20174 1
2.20174 0
2.23608 1
2.23608 0
2.23701 1
2.23701 0
2.23793 1
2.23793 0
2.23886 1
2.23886 0
2.23978 1
2.23978 0
2.24071 1
2.24071 0
2.24163 1
2.24163 0
2.24256 1
2.24256 0
2.24348 1
2.24348 0
2.24441 1
2.24441 0
2.24533 1
2.24533 0
2.24626 1
2.24626 0
2.24718 1
2.24718 0
2.24811 1
2.24811 0
2.24903 1
2.24903 0
2.24996 1
2.24996 0
2.25088 1
2.25088 0
2.2518 1
2.2518 0
2.2518 1
2.25273 0
2.28701 1
2.28701 0
2.28793 1
2.28793 0
2.28886 1
2.28886 0
2.28978 1
2.28978 0
2.29071 1
2.29071 0
2.29163 1
2.29163 0
2.29256 1
2.29256 0
2.29348 1
2.29348 0
2.29441 1
2.29441 0
2.29533 1
2.29533 0
2.29626 1
2.29626 0
2.29718 1
2.29718 0
2.29811 1
2.29811 0
2.29903 1
2.29903 0
2.29996 1
2.29996 0
2.30088 1
2.30088 0
2.3018 1
2.3018 0
2.30273 1
2.30273 0
2.30365 1
2.30365 0
2.33708 1
2.33708 0
2.338 1
2.338 0
2.33892 1
2.33892 0
2.33985 1
2.33985 0
2.34077 1
2.34077 0
2.3417 1
2.3417 0
2.34262 1
2.34262 0
2.34355 1
2.34355 0
2.34447 1
2.34447 0
2.3454 1
2.3454 0
2.34632 1
2.34632 0
2.34725 1
2.34725 0
2.34817 1
2.34817 0
2.3491 1
2.3491 0
2.35002 1
2.35002 0
2.35095 1
2.35095 0
2.35187 1
2.35187 0
2.3528 1
2.3528 0
2.3528 1
2.35372 0
2.35372 1
2.35465 0
2.388 1
2.388 0
2.38892 1
2.38892 0
2.38985 1
2.38985 0
2.39077 1
2.39077 0
2.3917 1
2.3917 0
2.39262 1
2.39262 0
2.39355 1
2.39355 0
2.39447 1
2.39447 0
2.3954 1
2.3954 0
2.39632 1
2.39632 0
2.39725 1
2.39725 0
2.39817 1
2.39817 0
2.3991 1
2.3991 0
2.40002 1
2.40002 0
2.40095 1
2.40095 0
2.40187 1
2.40187 0
2.4028 1
2.4028 0
2.40372 1
2.40372 0
2.40465 1
2.40465 0
2.40557 1
2.40557 0
2.43807 1
2.43807 0
2.43899 1
2.43899 0
2.43992 1
2.43992 0
2.44084 1
2.44084 0
2.44177 1
2.44177 0
2.44269 1
2.44269 0
2.44362 1
2.44362 0
2.44454 1
2.44454 0
2.44547 1
2.44547 0
2.44639 1
2.44639 0
2.44732 1
2.44732 0
2.44824 1
2.44824 0
2.44916 1
2.44916 0
2.45009 1
2.45009 0
2.45101 1
2.45101 0
2.45194 1
2.45194 0
2.45286 1
2.45286 0
2.45379 1
2.45379 0
2.45379 1
2.45471 0
2.45471 1
2.45564 0
2.45564 1
2.45656 0
2.48899 1
2.48899 0
2.48992 1
2.48992 0
2.49084 1
2.49084 0
2.49177 1
2.49177 0
2.49269 1
2.49269 0
2.49362 1
2.49362 0
2.49454 1
2.49454 0
2.49547 1
2.49547 0
2.49639 1
2.49639 0
2.49732 1
2.49732 0
2.49824 1
2.49824 0
2.49916 1
2.49916 0
2.50009 1
2.50009 0
2.50101 1
2.50101 0
2.50194 1
2.50194 0
2.50286 1
2.50286 0
2.50379 1
2.50379 0
2.50471 1
2.50471 0
2.50564 1
2.50564 0
2.50656 1
2.50656 0
2.50749 1
2.50749 0
2.53906 1
2.53906 0
2.53998 1
2.53998 0
2.54091 1
2.54091 0
2.54183 1
2.54183 0
2.54276 1
2.54276 0
2.54368 1
2.54368 0
2.54461 1
2.54461 0
2.54553 1
2.54553 0
2.54646 1
2.54646 0
2.54738 1
2.54738 0
2.54831 1
2.54831 0
2.54923 1
2.54923 0
2.55016 1
2.55016 0
2.55108 1
2.55108 0
2.55201 1
2.55201 0
2.55293 1
2.55293 0
2.55386 1
2.55386 0
2.55478 1
2.55478 0
2.55478 1
2.55571 0
2.55571 1
2.55663 0
2.55663 1
2.55756 0
2.58998 1
2.58998 0
2.59091 1
2.59091 0
2.59183 1
2.59183 0
2.59276 1
2.59276 0
2.59368 1
2.59368 0
2.59461 1
2.59461 0
2.59553 1
2.59553 0
2.59646 1
2.59646 0
2.59738 1
2.59738 0
2.59831 1
2.59831 0
2.59923 1
2.59923 0
2.60016 1
2.60016 0
2.60108 1
2.60108 0
2.60201 1
2.60201 0
2.60293 1
2.60293 0
2.60386 1
2.60386 0
2.60478 1
2.60478 0
2.60571 1
2.60571 0
2.60663 1
2.60663 0
2.60756 1
2.60756 0
2.60848 1
2.60848 0
2.65577 1
2.65577 0
2.65577 1
2.65577 2
2.65577 3
2.65577 4
2.65577 5
2.65577 6
2.65577 7
2.65577 8
2.65577 9
2.65577 10
2.6567 9
2.6567 10
2.65762 9
2.65762 10
2.65855 9
2.65855 10
2.65947 9
2.6604 8
2.66132 7
2.66225 6
2.66317 5
2.6641 4
2.66502 3
2.66595 2
2.66687 1
2.6678 0
2.7067 1
2.7067 0
2.70762 1
2.70762 0
2.70855 1
2.70855 0
2.70947 1
2.70947 0
2.7104 1
2.7104 0
2.71132 1
2.71132 0
2.71225 1
2.71225 0
2.71317 1
2.71317 0
2.7141 1
2.7141 0
2.71502 1
2.71502 0
2.71595 1
2.71595 0
2.71687 1
2.71687 0
2.7178 1
2.7178 0
2.71872 1
2.71872 0
2.75676 1
2.75676 0
2.75676 1
2.75769 0
2.75769 1
2.75861 0
2.75861 1
2.75954 0
2.75954 1
2.76046 0
2.76046 1
2.76139 0
2.76139 1
2.76231 0
2.76231 1
2.76324 0
2.76324 1
2.76416 0
2.76416 1
2.76509 0
2.76509 1
2.76601 0
2.76601 1
2.76694 0
2.80769 1
2.80769 0
2.80861 1
2.80861 0
2.80954 1
2.80954 0
2.81046 1
2.81046 0
2.81139 1
2.81139 0
2.81231 1
2.81231 0
2.81324 1
2.81324 0
2.81416 1
2.81416 0
2.81509 1
2.81509 0
2.81601 1
2.81601 0
2.81694 1
2.81694 0
2.81786 1
2.81786 0
2.85776 1
2.85776 0
2.85776 1
2.85776 2
2.85776 3
2.85868 2
2.85961 1
2.86053 0
2.90868 1
2.90868 0
2.90961 1
2.90961 0
2.91053 1
2.91053 0
2.91146 1
2.91146 0
2.95875 1
2.95875 0
2.95875 1
2.95875 2
2.95875 3
2.95967 2
2.9606 1
2.96152 0
3.00967 1
3.00967 0
3.0106 1
3.0106 0
3.01152 1
3.01152 0
3.01245 1
3.01245 0
3.05974 1
3.05974 0
3.05974 1
3.05974 2
3.05974 3
3.06067 2
3.06159 1
3.06252 0
3.11067 1
3.11067 0
3.11159 1
3.11159 0
3.11252 1
3.11252 0
3.11344 1
3.11344 0
3.16351 1
3.16351 0
3.21443 1
3.21443 0
3.2645 1
3.2645 0
3.31542 1
3.31542 0
3.36549 1
3.36549 0
3.41642 1
3.41642 0
3.46648 1
3.46648 0
3.51741 1
3.51741 0
3.56748 1
3.56748 0
3.6184 1
3.6184 0
3.66847 1
3.66847 0
3.71939 1
3.71939 0
3.76946 1
3.76946 0
3.82038 1
3.82038 0
3.87045 1
3.87045 0
3.92138 1
3.92138 0
3.97144 1
3.97144 0
4.02237 1
4.02237 0
4.07244 1
4.07244 0
4.07244 1
4.07244 2
4.07244 3
4.07244 4
4.07244 5
4.07244 6
4.07244 7
4.07244 8
4.07244 9
4.07244 10
4.07336 9
4.07428 8
4.07521 7
4.07613 6
4.07706 5
4.07798 4
4.07891 3
4.07983 2
4.08076 1
4.08168 0
4.12428 1
4.12428 0
4.12613 1
4.12613 0
4.12798 1
4.12798 0
4.12983 1
4.12983 0
4.13168 1
4.13168 0
4.17435 1
4.17435 0
4.17435 1
4.17528 0
4.1762 1
4.1762 0
4.1762 1
4.17713 0
4.17805 1
4.17805 0
4.17805 1
4.17898 0
4.1799 1
4.1799 0
4.1799 1
4.18083 0
4.18175 1
4.18175 0
4.18175 1
4.18268 0
4.22528 1
4.22528 0
4.2262 1
4.2262 0
4.22713 1
4.22713 0
4.22805 1
4.22805 0
4.22898 1
4.22898 0
4.2299 1
4.2299 0
4.23083 1
4.23083 0
4.23175 1
4.23175 0
4.23268 1
4.23268 0
4.2336 1
4.2336 0
4.27534 1
4.27534 0
4.27812 1
4.27812 0
4.28367 1
4.28367 0
4.32627 1
4.32627 0
4.32904 1
4.32904 0
4.33459 1
4.33459 0
4.37634 1
4.37634 0
4.37911 1
4.37911 0
4.37911 1
4.38004 0
4.38466 1
4.38466 0
4.42726 1
4.42726 0
4.43004 1
4.43004 0
4.43096 1
4.43096 0
4.43558 1
4.43558 0
4.47733 1
4.47733 0
4.4801 1
4.4801 0
4.4801 1
4.48103 0
4.48103 1
4.48195 0
4.48565 1
4.48565 0
4.52825 1
4.52825 0
4.53103 1
4.53103 0
4.53195 1
4.53195 0
4.53288 1
4.53288 0
4.53658 1
4.53658 0
4.57832 1
4.57832 0
4.58109 1
4.58109 0
4.58109 1
4.58202 0
4.58202 1
4.58294 0
4.58294 1
4.58387 0
4.58664 1
4.58664 0
4.62924 1
4.62924 0
4.63202 1
4.63202 0
4.63294 1
4.63294 0
4.63387 1
4.63387 0
4.63479 1
4.63479 0
4.63757 1
4.63757 0
4.67931 1
4.67931 0
4.68209 1
4.68209 0
4.68209 1
4.68301 0
4.68301 1
4.68394 0
4.68394 1
4.68486 0
4.68486 1
4.68579 0
4.68764 1
4.68764 0
4.73024 1
4.73024 0
4.73301 1
4.73301 0
4.73486 1
4.73486 0
4.73671 1
4.73671 0
4.7803 1
4.7803 0
4.78308 1
4.78308 0
4.78308 1
4.784 0
4.78493 1
4.78493 0
4.78493 1
4.78585 0
4.78678 1
4.78678 0
4.78678 1
4.7877 0
4.83123 1
4.83123 0
4.83493 1
4.83493 0
4.83678 1
4.83678 0
4.83863 1
4.83863 0
4.8813 1
4.8813 0
4.8813 1
4.88222 0
4.885 1
4.885 0
4.885 1
4.88592 0
4.88684 1
4.88684 0
4.88684 1
4.88777 0
4.88869 1
4.88869 0
4.88869 1
4.88962 0
4.93315 1
4.93315 0
4.93684 1
4.93684 0
4.93869 1
4.93869 0
4.94054 1
4.94054 0
4.98321 1
4.98321 0
4.98321 1
4.98414 0
4.98691 1
4.98691 0
4.98691 1
4.98691 2
4.98784 1
4.98876 0
4.98876 1
4.98876 2
4.98969 1
4.99061 0
4.99061 1
4.99061 2
4.99154 1
4.99246 0
5.03506 1
5.03506 0
5.03876 1
5.03876 0
5.04061 1
5.04061 0
5.04246 1
5.04246 0
5.08513 1
5.08513 0
5.08513 1
5.08605 0
5.08883 1
5.08883 0
5.08883 1
5.08975 0
5.09068 1
5.09068 0
5.09068 1
5.0916 0
5.09253 1
5.09253 0
5.09253 1
5.09345 0
5.13605 1
5.13605 0
5.13975 1
5.13975 0
5.1416 1
5.1416 0
5.14345 1
5.14345 0
5.18612 1
5.18612 0
5.18612 1
5.18705 0
5.18982 1
5.18982 0
5.18982 1
5.19075 0
5.19167 1
5.19167 0
5.19167 1
5.1926 0
5.19352 1
5.19352 0
5.19352 1
5.19352 2
5.19444 1
5.19537 0
5.23705 1
5.23705 0
5.24075 1
5.24075 0
5.2426 1
5.2426 0
5.24444 1
5.24444 0
5.24629 1
5.24629 0
5.28711 1
5.28711 0
5.28711 1
5.28804 0
5.29081 1
5.29081 0
5.29081 1
5.29174 0
5.29266 1
5.29266 0
5.29266 1
5.29359 0
5.29451 1
5.29451 0
5.29451 1
5.29544 0
5.29636 1
5.29636 0
5.29636 1
5.29729 0
5.33896 1
5.33896 0
5.34266 1
5.34266 0
5.34451 1
5.34451 0
5.34636 1
5.34636 0
5.34821 1
5.34821 0
5.38903 1
5.38903 0
5.38903 1
5.38996 0
5.39273 1
5.39273 0
5.39273 1
5.39365 0
5.39458 1
5.39458 0
5.39458 1
5.3955 0
5.39643 1
5.39643 0
5.39643 1
5.39735 0
5.39828 1
5.39828 0
5.39828 1
5.39828 2
5.3992 1
5.40013 0
5.44088 1
5.44088 0
5.44458 1
5.44458 0
5.44643 1
5.44643 0
5.44828 1
5.44828 0
5.45013 1
5.45013 0
5.49095 1
5.49095 0
5.49095 1
5.49187 0
5.49465 1
5.49465 0
5.49465 1
5.49557 0
5.4965 1
5.4965 0
5.4965 1
5.49742 0
5.49835 1
5.49835 0
5.49835 1
5.49927 0
5.5002 1
5.5002 0
5.5002 1
5.50112 0
5.54187 1
5.54187 0
5.54557 1
5.54557 0
5.54742 1
5.54742 0
5.54927 1
5.54927 0
5.55112 1
5.55112 0
5.59194 1
5.59194 0
5.59194 1
5.59286 0
5.59564 1
5.59564 0
5.59564 1
5.59656 0
5.59749 1
5.59749 0
5.59749 1
5.59841 0
5.59934 1
5.59934 0
5.59934 1
5.60026 0
5.60119 1
5.60119 0
5.60119 1
5.60211 0
5.64286 1
5.64286 0
5.64656 1
5.64656 0
5.64841 1
5.64841 0
5.65026 1
5.65026 0
5.65211 1
5.65211 0
5.69293 1
5.69293 0
5.69293 1
5.69386 0
5.69663 1
5.69663 0
5.69663 1
5.69663 2
5.69756 1
5.69848 0
5.69848 1
5.69848 2
5.6994 1
5.70033 0
5.70033 1
5.70033 2
5.70125 1
5.70218 0
5.70218 1
5.70218 2
5.7031 1
5.70403 0
5.74386 1
5.74386 0
5.74756 1
5.74756 0
5.7494 1
5.7494 0
5.75125 1
5.75125 0
5.7531 1
5.7531 0
5.75495 1
5.75495 0
5.79392 1
5.79392 0
5.79392 1
5.79485 0
5.79762 1
5.79762 0
5.79762 1
5.79855 0
5.79947 1
5.79947 0
5.79947 1
5.8004 0
5.80132 1
5.80132 0
5.80132 1
5.80225 0
5.80317 1
5.80317 0
5.80317 1
5.8041 0
5.80502 1
5.80502 0
5.80502 1
5.80595 0
5.84577 1
5.84577 0
5.84947 1
5.84947 0
5.85132 1
5.85132 0
5.85317 1
5.85317 0
5.85502 1
5.85502 0
5.85687 1
5.85687 0
5.89584 1
5.89584 0
5.89584 1
5.89676 0
5.89954 1
5.89954 0
5.89954 1
5.90046 0
5.90139 1
5.90139 0
5.90139 1
5.90139 2
5.90231 1
5.90324 0
5.90324 1
5.90324 2
5.90416 1
5.90509 0
5.90509 1
5.90509 2
5.90601 1
5.90694 0
5.90694 1
5.90694 2
5.90786 1
5.90879 0
5.94769 1
5.94769 0
5.95139 1
5.95139 0
5.95324 1
5.95324 0
5.95509 1
5.95509 0
5.95694 1
5.95694 0
5.95879 1
5.95879 0
5.99776 1
5.99776 0
5.99776 1
5.99868 0
6.00146 1
6.00146 0
6.00146 1
6.00238 0
6.00331 1
6.00331 0
6.00331 1
6.00423 0
6.00516 1
6.00516 0
6.00516 1
6.00608 0
6.007 1
6.007 0
6.007 1
6.00793 0
6.00885 1
6.00885 0
6.00885 1
6.00978 0
6.04868 1
6.04868 0
6.05238 1
6.05238 0
6.05423 1
6.05423 0
6.05608 1
6.05608 0
6.05793 1
6.05793 0
6.05978 1
6.05978 0
6.09875 1
6.09875 0
6.09875 1
6.09967 0
6.10245 1
6.10245 0
6.10245 1
6.10337 0
6.1043 1
6.1043 0
6.1043 1
6.10522 0
6.10615 1
6.10615 0
6.10615 1
6.10707 0
6.108 1
6.108 0
6.108 1
6.108 2
6.10892 1
6.10985 0
6.10985 1
6.10985 2
6.11077 1
6.1117 0
6.14967 1
6.14967 0
6.15337 1
6.15337 0
6.15522 1
6.15522 0
6.15707 1
6.15707 0
6.15892 1
6.15892 0
6.16077 1
6.16077 0
6.16262 1
6.16262 0
6.19974 1
6.19974 0
6.19974 1
6.20067 0
6.20344 1
6.20344 0
6.20344 1
6.20436 0
6.20529 1
6.20529 0
6.20529 1
6.20621 0
6.20714 1
6.20714 0
6.20714 1
6.20806 0
6.20899 1
6.20899 0
6.20899 1
6.20991 0
6.21084 1
6.21084 0
6.21084 1
6.21176 0
6.21269 1
6.21269 0
6.21269 1
6.21361 0
6.25159 1
6.25159 0
6.25529 1
6.25529 0
6.25714 1
6.25714 0
6.25899 1
6.25899 0
6.26084 1
6.26084 0
6.26269 1
6.26269 0
6.26454 1
6.26454 0
6.30166 1
6.30166 0
6.30166 1
6.30258 0
6.30536 1
6.30536 0
6.30536 1
6.30628 0
6.30721 1
6.30721 0
6.30721 1
6.30813 0
6.30906 1
6.30906 0
6.30906 1
6.30998 0
6.31091 1
6.31091 0
6.31091 1
6.31183 0
6.31276 1
6.31276 0
6.31276 1
6.31368 0
6.3146 1
6.3146 0
6.3146 1
6.3146 2
6.31553 1
6.31645 0
6.35351 1
6.35351 0
6.35721 1
6.35721 0
6.35906 1
6.35906 0
6.36091 1
6.36091 0
6.36276 1
6.36276 0
6.3646 1
6.3646 0
6.36645 1
6.36645 0
6.40357 1
6.40357 0
6.40357 1
6.4045 0
6.40727 1
6.40727 0
6.40727 1
6.4082 0
6.40912 1
6.40912 0
6.40912 1
6.41005 0
6.41097 1
6.41097 0
6.41097 1
6.4119 0
6.41282 1
6.41282 0
6.41282 1
6.41375 0
6.41467 1
6.41467 0
6.41467 1
6.4156 0
6.41652 1
6.41652 0
6.41652 1
6.41745 0
6.4545 1
6.4545 0
6.4582 1
6.4582 0
6.46005 1
6.46005 0
6.4619 1
6.4619 0
6.46375 1
6.46375 0
6.4656 1
6.4656 0
6.46745 1
6.46745 0
6.50457 1
6.50457 0
6.50457 1
6.50549 0
6.50827 1
6.50827 0
6.50827 1
6.50919 0
6.51012 1
6.51012 0
6.51012 1
6.51104 0
6.51196 1
6.51196 0
6.51196 1
6.51289 0
6.51381 1
6.51381 0
6.51381 1
6.51474 0
6.51566 1
6.51566 0
6.51566 1
6.51659 0
6.51751 1
6.51751 0
6.51751 1
6.51844 0
6.55549 1
6.55549 0
6.55919 1
6.55919 0
6.56104 1
6.56104 0
6.56289 1
6.56289 0
6.56474 1
6.56474 0
6.56659 1
6.56659 0
6.56844 1
6.56844 0
6.60556 1
6.60556 0
6.60556 1
6.60556 2
6.60648 1
6.60741 0
6.60926 1
6.60926 0
6.60926 1
6.61018 0
6.61111 1
6.61111 0
6.61111 1
6.61203 0
6.61296 1
6.61296 0
6.61296 1
6.61388 0
6.61481 1
6.61481 0
6.61481 1
6.61573 0
6.61666 1
6.61666 0
6.61666 1
6.61758 0
6.61851 1
6.61851 0
6.61851 1
6.61943 0
6.65648 1
6.65648 0
6.65833 1
6.65833 0
6.66111 1
6.66111 0
6.66296 1
6.66296 0
6.66481 1
6.66481 0
6.66666 1
6.66666 0
6.66851 1
6.66851 0
6.67036 1
6.67036 0
6.70655 1
6.70655 0
6.70655 1
6.70748 0
6.7084 1
6.7084 0
6.7084 1
6.70932 0
6.71117 1
6.71117 0
6.71117 1
6.7121 0
6.71302 1
6.71302 0
6.71302 1
6.71395 0
6.71487 1
6.71487 0
6.71487 1
6.7158 0
6.71672 1
6.71672 0
6.71672 1
6.71765 0
6.71857 1
6.71857 0
6.71857 1
6.7195 0
6.72042 1
6.72042 0
6.72042 1
6.72135 0
6.7584 1
6.7584 0
6.76025 1
6.76025 0
6.76302 1
6.76302 0
6.76487 1
6.76487 0
6.76672 1
6.76672 0
6.76857 1
6.76857 0
6.77042 1
6.77042 0
6.77227 1
6.77227 0
6.80847 1
6.80847 0
6.80847 1
6.80939 0
6.81032 1
6.81032 0
6.81032 1
6.81124 0
6.81309 1
6.81309 0
6.81309 1
6.81309 2
6.81402 1
6.81494 0
6.81494 1
6.81494 2
6.81587 1
6.81679 0
6.81679 1
6.81679 2
6.81772 1
6.81864 0
6.81864 1
6.81864 2
6.81956 1
6.82049 0
6.82049 1
6.82049 2
6.82141 1
6.82234 0
6.82234 1
6.82234 2
6.82326 1
6.82419 0
6.86032 1
6.86032 0
6.86217 1
6.86217 0
6.86494 1
6.86494 0
6.86679 1
6.86679 0
6.86864 1
6.86864 0
6.87049 1
6.87049 0
6.87234 1
6.87234 0
6.87419 1
6.87419 0
6.91038 1
6.91038 0
6.91038 1
6.91131 0
6.91223 1
6.91223 0
6.91223 1
6.91316 0
6.91501 1
6.91501 0
6.91501 1
6.91593 0
6.91686 1
6.91686 0
6.91686 1
6.91778 0
6.91871 1
6.91871 0
6.91871 1
6.91963 0
6.92056 1
6.92056 0
6.92056 1
6.92148 0
6.92241 1
6.92241 0
6.92241 1
6.92333 0
6.92426 1
6.92426 0
6.92426 1
6.92518 0
6.96131 1
6.96131 0
6.96316 1
6.96316 0
6.96593 1
6.96593 0
6.96778 1
6.96778 0
6.96963 1
6.96963 0
6.97148 1
6.97148 0
6.97333 1
6.97333 0
6.97518 1
6.97518 0
7.01138 1
7.01138 0
7.01138 1
7.0123 0
7.01323 1
7.01323 0
7.01323 1
7.01415 0
7.016 1
7.016 0
7.016 1
7.01692 0
7.01785 1
7.01785 0
7.01785 1
7.01877 0
7.0197 1
7.0197 0
7.0197 1
7.0197 2
7.02062 1
7.02155 0
7.02155 1
7.02155 2
7.02247 1
7.0234 0
7.0234 1
7.0234 2
7.02432 1
7.02525 0
7.02525 1
7.02525 2
7.02617 1
7.0271 0
7.0623 1
7.0623 0
7.06415 1
7.06415 0
7.06692 1
7.06692 0
7.06877 1
7.06877 0
7.07062 1
7.07062 0
7.07247 1
7.07247 0
7.07432 1
7.07432 0
7.07617 1
7.07617 0
7.07802 1
7.07802 0
7.11237 1
7.11237 0
7.11237 1
7.11329 0
7.11422 1
7.11422 0
7.11422 1
7.11514 0
7.11699 1
7.11699 0
7.11699 1
7.11792 0
7.11884 1
7.11884 0
7.11884 1
7.11977 0
7.12069 1
7.12069 0
7.12069 1
7.12162 0
7.12254 1
7.12254 0
7.12254 1
7.12347 0
7.12439 1
7.12439 0
7.12439 1
7.12532 0
7.12624 1
7.12624 0
7.12624 1
7.12716 0
7.12809 1
7.12809 0
7.12809 1
7.12901 0
7.16422 1
7.16422 0
7.16607 1
7.16607 0
7.16884 1
7.16884 0
7.17069 1
7.17069 0
7.17254 1
7.17254 0
7.17439 1
7.17439 0
7.17624 1
7.17624 0
7.17809 1
7.17809 0
7.17994 1
7.17994 0
7.21428 1
7.21428 0
7.21428 1
7.21521 0
7.21613 1
7.21613 0
7.21613 1
7.21706 0
7.21891 1
7.21891 0
7.21891 1
7.21983 0
7.22076 1
7.22076 0
7.22076 1
7.22168 0
7.22261 1
7.22261 0
7.22261 1
7.22353 0
7.22446 1
7.22446 0
7.22446 1
7.22538 0
7.22631 1
7.22631 0
7.22631 1
7.22631 2
7.22723 1
7.22816 0
7.22816 1
7.22816 2
7.22908 1
7.23001 0
7.23001 1
7.23001 2
7.23093 1
7.23186 0
7.26613 1
7.26613 0
7.26798 1
7.26798 0
7.27076 1
7.27076 0
7.27261 1
7.27261 0
7.27446 1
7.27446 0
7.27631 1
7.27631 0
7.27816 1
7.27816 0
7.28001 1
7.28001 0
7.28186 1
7.28186 0
7.3162 1
7.3162 0
7.3162 1
7.31713 0
7.31805 1
7.31805 0
7.31805 1
7.31898 0
7.32083 1
7.32083 0
7.32083 1
7.32175 0
7.32268 1
7.32268 0
7.32268 1
7.3236 0
7.32452 1
7.32452 0
7.32452 1
7.32545 0
7.32637 1
7.32637 0
7.32637 1
7.3273 0
7.32822 1
7.32822 0
7.32822 1
7.32915 0
7.33007 1
7.33007 0
7.33007 1
7.331 0
7.33192 1
7.33192 0
7.33192 1
7.33285 0
7.36713 1
7.36713 0
7.36898 1
7.36898 0
7.37175 1
7.37175 0
7.3736 1
7.3736 0
7.37545 1
7.37545 0
7.3773 1
7.3773 0
7.37915 1
7.37915 0
7.381 1
7.381 0
7.38285 1
7.38285 0
7.41719 1
7.41719 0
7.41719 1
7.41812 0
7.41904 1
7.41904 0
7.41904 1
7.41997 0
7.42182 1
7.42182 0
7.42182 1
7.42274 0
7.42367 1
7.42367 0
7.42367 1
7.42459 0
7.42552 1
7.42552 0
7.42552 1
7.42644 0
7.42737 1
7.42737 0
7.42737 1
7.42829 0
7.42922 1
7.42922 0
7.42922 1
7.43014 0
7.43107 1
7.43107 0
7.43107 1
7.43107 2
7.43199 1
7.43292 0
7.43292 1
7.43292 2
7.43384 1
7.43476 0
7.46812 1
7.46812 0
7.46997 1
7.46997 0
7.47274 1
7.47274 0
7.47459 1
7.47459 0
7.47644 1
7.47644 0
7.47829 1
7.47829 0
7.48014 1
7.48014 0
7.48199 1
7.48199 0
7.48384 1
7.48384 0
7.48569 1
7.48569 0
7.51819 1
7.51819 0
7.51819 1
7.51911 0
7.52004 1
7.52004 0
7.52004 1
7.52096 0
7.52281 1
7.52281 0
7.52281 1
7.52373 0
7.52466 1
7.52466 0
7.52466 1
7.52558 0
7.52651 1
7.52651 0
7.52651 1
7.52743 0
7.52836 1
7.52836 0
7.52836 1
7.52928 0
7.53021 1
7.53021 0
7.53021 1
7.53113 0
7.53206 1
7.53206 0
7.53206 1
7.53298 0
7.53391 1
7.53391 0
7.53391 1
7.53483 0
7.53576 1
7.53576 0
7.53576 1
7.53668 0
7.57004 1
7.57004 0
7.57188 1
7.57188 0
7.57466 1
7.57466 0
7.57651 1
7.57651 0
7.57836 1
7.57836 0
7.58021 1
7.58021 0
7.58206 1
7.58206 0
7.58391 1
7.58391 0
7.58576 1
7.58576 0
7.58761 1
7.58761 0
7.6201 1
7.6201 0
7.6201 1
7.62103 0
7.62195 1
7.62195 0
7.62195 1
7.62288 0
7.62473 1
7.62473 0
7.62473 1
7.62565 0
7.62658 1
7.62658 0
7.62658 1
7.6275 0
7.62843 1
7.62843 0
7.62843 1
7.62935 0
7.63028 1
7.63028 0
7.63028 1
7.6312 0
7.63212 1
7.63212 0
7.63212 1
7.63305 0
7.63397 1
7.63397 0
7.63397 1
7.6349 0
7.63582 1
7.63582 0
7.63582 1
7.63675 0
7.63767 1
7.63767 0
7.63767 1
7.63767 2
7.6386 1
7.63952 0
7.67195 1
7.67195 0
7.6738 1
7.6738 0
7.67658 1
7.67658 0
7.67843 1
7.67843 0
7.68028 1
7.68028 0
7.68212 1
7.68212 0
7.68397 1
7.68397 0
7.68582 1
7.68582 0
7.68767 1
7.68767 0
7.68952 1
7.68952 0
7.72202 1
7.72202 0
7.72202 1
7.72294 0
7.72387 1
7.72387 0
7.72387 1
7.72479 0
7.72664 1
7.72664 0
7.72664 1
7.72757 0
7.72849 1
7.72849 0
7.72849 1
7.72942 0
7.73034 1
7.73034 0
7.73034 1
7.73127 0
7.73219 1
7.73219 0
7.73219 1
7.73312 0
7.73404 1
7.73404 0
7.73404 1
7.73497 0
7.73589 1
7.73589 0
7.73589 1
7.73682 0
7.73774 1
7.73774 0
7.73774 1
7.73867 0
7.73959 1
7.73959 0
7.73959 1
7.74052 0
7.77294 1
7.77294 0
7.77479 1
7.77479 0
7.77757 1
7.77757 0
7.77942 1
7.77942 0
7.78127 1
7.78127 0
7.78312 1
7.78312 0
7.78497 1
7.78497 0
7.78682 1
7.78682 0
7.78867 1
7.78867 0
7.79052 1
7.79052 0
7.82301 1
7.82301 0
7.82301 1
7.82394 0
7.82486 1
7.82486 0
7.82486 1
7.82579 0
7.82764 1
7.82764 0
7.82764 1
7.82856 0
7.82948 1
7.82948 0
7.82948 1
7.83041 0
7.83133 1
7.83133 0
7.83133 1
7.83226 0
7.83318 1
7.83318 0
7.83318 1
7.83411 0
7.83503 1
7.83503 0
7.83503 1
7.83596 0
7.83688 1
7.83688 0
7.83688 1
7.83781 0
7.83873 1
7.83873 0
7.83873 1
7.83966 0
7.84058 1
7.84058 0
7.84058 1
7.84151 0
7.87394 1
7.87394 0
7.87579 1
7.87579 0
7.87856 1
7.87856 0
7.88041 1
7.88041 0
7.88226 1
7.88226 0
7.88411 1
7.88411 0
7.88596 1
7.88596 0
7.88781 1
7.88781 0
7.88966 1
7.88966 0
7.89151 1
7.89151 0
7.924 1
7.924 0
7.924 1
7.92493 0
7.92585 1
7.92585 0
7.92585 1
7.92585 2
7.92678 1
7.9277 0
7.92863 1
7.92863 0
7.92863 1
7.92955 0
7.93048 1
7.93048 0
7.93048 1
7.9314 0
7.93233 1
7.93233 0
7.93233 1
7.93325 0
7.93418 1
7.93418 0
7.93418 1
7.9351 0
7.93603 1
7.93603 0
7.93603 1
7.93695 0
7.93788 1
7.93788 0
7.93788 1
7.9388 0
7.93972 1
7.93972 0
7.93972 1
7.94065 0
7.94157 1
7.94157 0
7.94157 1
7.9425 0
7.97493 1
7.97493 0
7.97678 1
7.97678 0
7.97863 1
7.97863 0
7.98048 1
7.98048 0
7.98233 1
7.98233 0
7.98418 1
7.98418 0
7.98603 1
7.98603 0
7.98788 1
7.98788 0
7.98972 1
7.98972 0
7.99157 1
7.99157 0
7.99342 1
7.99342 0
8.025 1
8.025 0
8.025 1
8.02592 0
8.02684 1
8.02684 0
8.02684 1
8.02777 0
8.02869 1
8.02869 0
8.02869 1
8.02962 0
8.03054 1
8.03054 0
8.03054 1
8.03147 0
8.03239 1
8.03239 0
8.03239 1
8.03332 0
8.03424 1
8.03424 0
8.03424 1
8.03517 0
8.03609 1
8.03609 0
8.03609 1
8.03702 0
8.03794 1
8.03794 0
8.03794 1
8.03887 0
8.03979 1
8.03979 0
8.03979 1
8.04072 0
8.04164 1
8.04164 0
8.04164 1
8.04257 0
8.04349 1
8.04349 0
8.04349 1
8.04442 0
8.07684 1
8.07684 0
8.07869 1
8.07869 0
8.08054 1
8.08054 0
8.08239 1
8.08239 0
8.08424 1
8.08424 0
8.08609 1
8.08609 0
8.08794 1
8.08794 0
8.08979 1
8.08979 0
8.09164 1
8.09164 0
8.09349 1
8.09349 0
8.09534 1
8.09534 0
8.12691 1
8.12691 0
8.12691 1
8.12784 0
8.12876 1
8.12876 0
8.12876 1
8.12969 0
8.13061 1
8.13061 0
8.13061 1
8.13154 0
8.13246 1
8.13246 0
8.13246 1
8.13246 2
8.13339 1
8.13431 0
8.13431 1
8.13431 2
8.13524 1
8.13616 0
8.13616 1
8.13616 2
8.13708 1
8.13801 0
8.13801 1
8.13801 2
8.13893 1
8.13986 0
8.13986 1
8.13986 2
8.14078 1
8.14171 0
8.14171 1
8.14171 2
8.14263 1
8.14356 0
8.14356 1
8.14356 2
8.14448 1
8.14541 0
8.14541 1
8.14541 2
8.14633 1
8.14726 0
8.17876 1
8.17876 0
8.18061 1
8.18061 0
8.18246 1
8.18246 0
8.18431 1
8.18431 0
8.18616 1
8.18616 0
8.18801 1
8.18801 0
8.18986 1
8.18986 0
8.19171 1
8.19171 0
8.19356 1
8.19356 0
8.19541 1
8.19541 0
8.19726 1
8.19726 0
8.22883 1
8.22883 0
8.22883 1
8.22975 0
8.23068 1
8.23068 0
8.23068 1
8.2316 0
8.23253 1
8.23253 0
8.23253 1
8.23345 0
8.23438 1
8.23438 0
8.23438 1
8.2353 0
8.23623 1
8.23623 0
8.23623 1
8.23715 0
8.23808 1
8.23808 0
8.23808 1
8.239 0
8.23993 1
8.23993 0
8.23993 1
8.24085 0
8.24178 1
8.24178 0
8.24178 1
8.2427 0
8.24363 1
8.24363 0
8.24363 1
8.24455 0
8.24548 1
8.24548 0
8.24548 1
8.2464 0
8.24732 1
8.24732 0
8.24732 1
8.24825 0
8.27975 1
8.27975 0
8.2816 1
8.2816 0
8.28345 1
8.28345 0
8.2853 1
8.2853 0
8.28715 1
8.28715 0
8.289 1
8.289 0
8.29085 1
8.29085 0
8.2927 1
8.2927 0
8.29455 1
8.29455 0
8.2964 1
8.2964 0
8.29825 1
8.29825 0
8.32982 1
8.32982 0
8.32982 1
8.33075 0
8.33167 1
8.33167 0
8.33167 1
8.3326 0
8.33352 1
8.33352 0
8.33352 1
8.33444 0
8.33537 1
8.33537 0
8.33537 1
8.33629 0
8.33722 1
8.33722 0
8.33722 1
8.33814 0
8.33907 1
8.33907 0
8.33907 1
8.33907 2
8.33999 1
8.34092 0
8.34092 1
8.34092 2
8.34184 1
8.34277 0
8.34277 1
8.34277 2
8.34369 1
8.34462 0
8.34462 1
8.34462 2
8.34554 1
8.34647 0
8.34647 1
8.34647 2
8.34739 1
8.34832 0
8.34832 1
8.34832 2
8.34924 1
8.35017 0
8.38075 1
8.38075 0
8.3826 1
8.3826 0
8.38444 1
8.38444 0
8.38629 1
8.38629 0
8.38814 1
8.38814 0
8.38999 1
8.38999 0
8.39184 1
8.39184 0
8.39369 1
8.39369 0
8.39554 1
8.39554 0
8.39739 1
8.39739 0
8.39924 1
8.39924 0
8.40109 1
8.40109 0
8.43081 1
8.43081 0
8.43081 1
8.43174 0
8.43266 1
8.43266 0
8.43266 1
8.43359 0
8.43451 1
8.43451 0
8.43451 1
8.43544 0
8.43636 1
8.43636 0
8.43636 1
8.43729 0
8.43821 1
8.43821 0
8.43821 1
8.43914 0
8.44006 1
8.44006 0
8.44006 1
8.44099 0
8.44191 1
8.44191 0
8.44191 1
8.44284 0
8.44376 1
8.44376 0
8.44376 1
8.44468 0
8.44561 1
8.44561 0
8.44561 1
8.44653 0
8.44746 1
8.44746 0
8.44746 1
8.44838 0
8.44931 1
8.44931 0
8.44931 1
8.45023 0
8.45116 1
8.45116 0
8.45116 1
8.45208 0
8.48266 1
8.48266 0
8.48451 1
8.48451 0
8.48636 1
8.48636 0
8.48821 1
8.48821 0
8.49006 1
8.49006 0
8.49191 1
8.49191 0
8.49376 1
8.49376 0
8.49561 1
8.49561 0
8.49746 1
8.49746 0
8.49931 1
8.49931 0
8.50116 1
8.50116 0
8.50301 1
8.50301 0
8.53273 1
8.53273 0
8.53273 1
8.53365 0
8.53458 1
8.53458 0
8.53458 1
8.5355 0
8.53643 1
8.53643 0
8.53643 1
8.53735 0
8.53828 1
8.53828 0
8.53828 1
8.5392 0
8.54013 1
8.54013 0
8.54013 1
8.54105 0
8.54198 1
8.54198 0
8.54198 1
8.5429 0
8.54383 1
8.54383 0
8.54383 1
8.54475 0
8.54568 1
8.54568 0
8.54568 1
8.54568 2
8.5466 1
8.54753 0
8.54753 1
8.54753 2
8.54845 1
8.54938 0
8.54938 1
8.54938 2
8.5503 1
8.55123 0
8.55123 1
8.55123 2
8.55215 1
8.55308 0
8.55308 1
8.55308 2
8.554 1
8.55492 0
8.58458 1
8.58458 0
8.58643 1
8.58643 0
8.58828 1
8.58828 0
8.59013 1
8.59013 0
8.59198 1
8.59198 0
8.59383 1
8.59383 0
8.59568 1
8.59568 0
8.59753 1
8.59753 0
8.59938 1
8.59938 0
8.60123 1
8.60123 0
8.60308 1
8.60308 0
8.60492 1
8.60492 0
8.63465 1
8.63465 0
8.63465 1
8.63557 0
8.6365 1
8.6365 0
8.6365 1
8.63742 0
8.63835 1
8.63835 0
8.63835 1
8.63927 0
8.6402 1
8.6402 0
8.6402 1
8.64112 0
8.64204 1
8.64204 0
8.64204 1
8.64297 0
8.64389 1
8.64389 0
8.64389 1
8.64482 0
8.64574 1
8.64574 0
8.64574 1
8.64667 0
8.64759 1
8.64759 0
8.64759 1
8.64852 0
8.64944 1
8.64944 0
8.64944 1
8.65037 0
8.65129 1
8.65129 0
8.65129 1
8.65222 0
8.65314 1
8.65314 0
8.65314 1
8.65407 0
8.65499 1
8.65499 0
8.65499 1
8.65592 0
8.68557 1
8.68557 0
8.68742 1
8.68742 0
8.68927 1
8.68927 0
8.69112 1
8.69112 0
8.69297 1
8.69297 0
8.69482 1
8.69482 0
8.69667 1
8.69667 0
8.69852 1
8.69852 0
8.70037 1
8.70037 0
8.70222 1
8.70222 0
8.70407 1
8.70407 0
8.70592 1
8.70592 0
8.73564 1
8.73564 0
8.73564 1
8.73656 0
8.73749 1
8.73749 0
8.73749 1
8.73841 0
8.73934 1
8.73934 0
8.73934 1
8.74026 0
8.74119 1
8.74119 0
8.74119 1
8.74211 0
8.74304 1
8.74304 0
8.74304 1
8.74396 0
8.74489 1
8.74489 0
8.74489 1
8.74581 0
8.74674 1
8.74674 0
8.74674 1
8.74766 0
8.74859 1
8.74859 0
8.74859 1
8.74951 0
8.75044 1
8.75044 0
8.75044 1
8.75136 0
8.75228 1
8.75228 0
8.75228 1
8.75228 2
8.75321 1
8.75413 0
8.75413 1
8.75413 2
8.75506 1
8.75598 0
8.75598 1
8.75598 2
8.75691 1
8.75783 0
8.78656 1
8.78656 0
8.78841 1
8.78841 0
8.79026 1
8.79026 0
8.79211 1
8.79211 0
8.79396 1
8.79396 0
8.79581 1
8.79581 0
8.79766 1
8.79766 0
8.79951 1
8.79951 0
8.80136 1
8.80136 0
8.80321 1
8.80321 0
8.80506 1
8.80506 0
8.80691 1
8.80691 0
8.80876 1
8.80876 0
8.83663 1
8.83663 0
8.83663 1
8.83756 0
8.83848 1
8.83848 0
8.83848 1
8.8394 0
8.84033 1
8.84033 0
8.84033 1
8.84125 0
8.84218 1
8.84218 0
8.84218 1
8.8431 0
8.84403 1
8.84403 0
8.84403 1
8.84495 0
8.84588 1
8.84588 0
8.84588 1
8.8468 0
8.84773 1
8.84773 0
8.84773 1
8.84865 0
8.84958 1
8.84958 0
8.84958 1
8.8505 0
8.85143 1
8.85143 0
8.85143 1
8.85235 0
8.85328 1
8.85328 0
8.85328 1
8.8542 0
8.85513 1
8.85513 0
8.85513 1
8.85605 0
8.85698 1
8.85698 0
8.85698 1
8.8579 0
8.85883 1
8.85883 0
8.85883 1
8.85975 0
8.88848 1
8.88848 0
8.89033 1
8.89033 0
8.89218 1
8.89218 0
8.89403 1
8.89403 0
8.89588 1
8.89588 0
8.89773 1
8.89773 0
8.89958 1
8.89958 0
8.90143 1
8.90143 0
8.90328 1
8.90328 0
8.90513 1
8.90513 0
8.90698 1
8.90698 0
8.90883 1
8.90883 0
8.91068 1
8.91068 0
8.93855 1
8.93855 0
8.93855 1
8.93947 0
8.9404 1
8.9404 0
8.9404 1
8.94132 0
8.94225 1
8.94225 0
8.94225 1
8.94317 0
8.9441 1
8.9441 0
8.9441 1
8.94502 0
8.94595 1
8.94595 0
8.94595 1
8.94687 0
8.9478 1
8.9478 0
8.9478 1
8.94872 0
8.94964 1
8.94964 0
8.94964 1
8.95057 0
8.95149 1
8.95149 0
8.95149 1
8.95242 0
8.95334 1
8.95334 0
8.95334 1
8.95427 0
8.95519 1
8.95519 0
8.95519 1
8.95612 0
8.95704 1
8.95704 0
8.95704 1
8.95797 0
8.95889 1
8.95889 0
8.95889 1
8.95889 2
8.95982 1
8.96074 0
8.96074 1
8.96074 2
8.96167 1
8.96259 0
8.9904 1
8.9904 0
8.99225 1
8.99225 0
8.9941 1
8.9941 0
8.99595 1
8.99595 0
8.9978 1
8.9978 0
8.99964 1
8.99964 0
9.00149 1
9.00149 0
9.00334 1
9.00334 0
9.00519 1
9.00519 0
9.00704 1
9.00704 0
9.00889 1
9.00889 0
9.01074 1
9.01074 0
9.01259 1
9.01259 0
9.04046 1
9.04046 0
9.04046 1
9.04139 0
9.04231 1
9.04231 0
9.04231 1
9.04324 0
9.04416 1
9.04416 0
9.04416 1
9.04509 0
9.04601 1
9.04601 0
9.04601 1
9.04694 0
9.04786 1
9.04786 0
9.04786 1
9.04879 0
9.04971 1
9.04971 0
9.04971 1
9.05064 0
9.05156 1
9.05156 0
9.05156 1
9.05249 0
9.05341 1
9.05341 0
9.05341 1
9.05434 0
9.05526 1
9.05526 0
9.05526 1
9.05619 0
9.05711 1
9.05711 0
9.05711 1
9.05804 0
9.05896 1
9.05896 0
9.05896 1
9.05988 0
9.06081 1
9.06081 0
9.06081 1
9.06173 0
9.06266 1
9.06266 0
9.06266 1
9.06358 0
9.09139 1
9.09139 0
9.09324 1
9.09324 0
9.09509 1
9.09509 0
9.09694 1
9.09694 0
9.09879 1
9.09879 0
9.10064 1
9.10064 0
9.10249 1
9.10249 0
9.10434 1
9.10434 0
9.10619 1
9.10619 0
9.10804 1
9.10804 0
9.10988 1
9.10988 0
9.11173 1
9.11173 0
9.11358 1
9.11358 0
9.14146 1
9.14146 0
9.14146 1
9.14238 0
9.14331 1
9.14331 0
9.14331 1
9.14423 0
9.14516 1
9.14516 0
9.14516 1
9.14608 0
9.147 1
9.147 0
9.147 1
9.14793 0
9.14885 1
9.14885 0
9.14885 1
9.14978 0
9.1507 1
9.1507 0
9.1507 1
9.15163 0
9.15255 1
9.15255 0
9.15255 1
9.15348 0
9.1544 1
9.1544 0
9.1544 1
9.15533 0
9.15625 1
9.15625 0
9.15625 1
9.15718 0
9.1581 1
9.1581 0
9.1581 1
9.15903 0
9.15995 1
9.15995 0
9.15995 1
9.16088 0
9.1618 1
9.1618 0
9.1618 1
9.16273 0
9.16365 1
9.16365 0
9.16365 1
9.16458 0
9.19238 1
9.19238 0
9.19423 1
9.19423 0
9.19608 1
9.19608 0
9.19793 1
9.19793 0
9.19978 1
9.19978 0
9.20163 1
9.20163 0
9.20348 1
9.20348 0
9.20533 1
9.20533 0
9.20718 1
9.20718 0
9.20903 1
9.20903 0
9.21088 1
9.21088 0
9.21273 1
9.21273 0
9.21458 1
9.21458 0
9.24245 1
9.24245 0
9.24245 1
9.24337 0
9.2443 1
9.2443 0
9.2443 1
9.2443 2
9.24522 1
9.24615 0
9.24615 1
9.24615 2
9.24707 1
9.248 0
9.248 1
9.248 2
9.24892 1
9.24985 0
9.24985 1
9.24985 2
9.25077 1
9.2517 0
9.2517 1
9.2517 2
9.25262 1
9.25355 0
9.25355 1
9.25355 2
9.25447 1
9.2554 0
9.2554 1
9.2554 2
9.25632 1
9.25724 0
9.25724 1
9.25724 2
9.25817 1
9.25909 0
9.25909 1
9.25909 2
9.26002 1
9.26094 0
9.26094 1
9.26094 2
9.26187 1
9.26279 0
9.26279 1
9.26279 2
9.26372 1
9.26464 0
9.26464 1
9.26464 2
9.26557 1
9.26649 0
9.29337 1
9.29337 0
9.29522 1
9.29522 0
9.29707 1
9.29707 0
9.29892 1
9.29892 0
9.30077 1
9.30077 0
9.30262 1
9.30262 0
9.30447 1
9.30447 0
9.30632 1
9.30632 0
9.30817 1
9.30817 0
9.31002 1
9.31002 0
9.31187 1
9.31187 0
9.31372 1
9.31372 0
9.31557 1
9.31557 0
9.31742 1
9.31742 0
9.34344 1
9.34344 0
9.34344 1
9.34436 0
9.34529 1
9.34529 0
9.34529 1
9.34621 0
9.34714 1
9.34714 0
9.34714 1
9.34806 0
9.34899 1
9.34899 0
9.34899 1
9.34991 0
9.35084 1
9.35084 0
9.35084 1
9.35176 0
9.35269 1
9.35269 0
9.35269 1
9.35361 0
9.35454 1
9.35454 0
9.35454 1
9.35546 0
9.35639 1
9.35639 0
9.35639 1
9.35731 0
9.35824 1
9.35824 0
9.35824 1
9.35916 0
9.36009 1
9.36009 0
9.36009 1
9.36101 0
9.36194 1
9.36194 0
9.36194 1
9.36286 0
9.36379 1
9.36379 0
9.36379 1
9.36471 0
9.36564 1
9.36564 0
9.36564 1
9.36656 0
9.36748 1
9.36748 0
9.36748 1
9.36841 0
9.39529 1
9.39529 0
9.39714 1
9.39714 0
9.39899 1
9.39899 0
9.40084 1
9.40084 0
9.40269 1
9.40269 0
9.40454 1
9.40454 0
9.40639 1
9.40639 0
9.40824 1
9.40824 0
9.41009 1
9.41009 0
9.41194 1
9.41194 0
9.41379 1
9.41379 0
9.41564 1
9.41564 0
9.41748 1
9.41748 0
9.41933 1
9.41933 0
9.44536 1
9.44536 0
9.44536 1
9.44628 0
9.44721 1
9.44721 0
9.44721 1
9.44813 0
9.44906 1
9.44906 0
9.44906 1
9.44998 0
9.45091 1
9.45091 0
9.45091 1
9.45091 2
9.45183 1
9.45276 0
9.45276 1
9.45276 2
9.45368 1
9.4546 0
9.4546 1
9.4546 2
9.45553 1
9.45645 0
9.45645 1
9.45645 2
9.45738 1
9.4583 0
9.4583 1
9.4583 2
9.45923 1
9.46015 0
9.46015 1
9.46015 2
9.46108 1
9.462 0
9.462 1
9.462 2
9.46293 1
9.46385 0
9.46385 1
9.46385 2
9.46478 1
9.4657 0
9.4657 1
9.4657 2
9.46663 1
9.46755 0
9.46755 1
9.46755 2
9.46848 1
9.4694 0
9.4694 1
9.4694 2
9.47033 1
9.47125 0
9.49721 1
9.49721 0
9.49906 1
9.49906 0
9.50091 1
9.50091 0
9.50276 1
9.50276 0
9.5046 1
9.5046 0
9.50645 1
9.50645 0
9.5083 1
9.5083 0
9.51015 1
9.51015 0
9.512 1
9.512 0
9.51385 1
9.51385 0
9.5157 1
9.5157 0
9.51755 1
9.51755 0
9.5194 1
9.5194 0
9.52125 1
9.52125 0
9.54727 1
9.54727 0
9.54727 1
9.5482 0
9.54912 1
9.54912 0
9.54912 1
9.55005 0
9.55097 1
9.55097 0
9.55097 1
9.5519 0
9.55282 1
9.55282 0
9.55282 1
9.55375 0
9.55467 1
9.55467 0
9.55467 1
9.5556 0
9.55652 1
9.55652 0
9.55652 1
9.55745 0
9.55837 1
9.55837 0
9.55837 1
9.5593 0
9.56022 1
9.56022 0
9.56022 1
9.56115 0
9.56207 1
9.56207 0
9.56207 1
9.563 0
9.56392 1
9.56392 0
9.56392 1
9.56484 0
9.56577 1
9.56577 0
9.56577 1
9.56669 0
9.56762 1
9.56762 0
9.56762 1
9.56854 0
9.56947 1
9.56947 0
9.56947 1
9.57039 0
9.57132 1
9.57132 0
9.57132 1
9.57224 0
9.5982 1
9.5982 0
9.60005 1
9.60005 0
9.6019 1
9.6019 0
9.60375 1
9.60375 0
9.6056 1
9.6056 0
9.60745 1
9.60745 0
9.6093 1
9.6093 0
9.61115 1
9.61115 0
9.613 1
9.613 0
9.61484 1
9.61484 0
9.61669 1
9.61669 0
9.61854 1
9.61854 0
9.62039 1
9.62039 0
9.62224 1
9.62224 0
9.64827 1
9.64827 0
9.64827 1
9.64919 0
9.65012 1
9.65012 0
9.65012 1
9.65104 0
9.65196 1
9.65196 0
9.65196 1
9.65289 0
9.65381 1
9.65381 0
9.65381 1
9.65474 0
9.65566 1
9.65566 0
9.65566 1
9.65659 0
9.65751 1
9.65751 0
9.65751 1
9.65751 2
9.65844 1
9.65936 0
9.65936 1
9.65936 2
9.66029 1
9.66121 0
9.66121 1
9.66121 2
9.66214 1
9.66306 0
9.66306 1
9.66306 2
9.66399 1
9.66491 0
9.66491 1
9.66491 2
9.66584 1
9.66676 0
9.66676 1
9.66676 2
9.66769 1
9.66861 0
9.66861 1
9.66861 2
9.66954 1
9.67046 0
9.67046 1
9.67046 2
9.67139 1
9.67231 0
9.67231 1
9.67231 2
9.67324 1
9.67416 0
9.69919 1
9.69919 0
9.70104 1
9.70104 0
9.70289 1
9.70289 0
9.70474 1
9.70474 0
9.70659 1
9.70659 0
9.70844 1
9.70844 0
9.71029 1
9.71029 0
9.71214 1
9.71214 0
9.71399 1
9.71399 0
9.71584 1
9.71584 0
9.71769 1
9.71769 0
9.71954 1
9.71954 0
9.72139 1
9.72139 0
9.72324 1
9.72324 0
9.72508 1
9.72508 0
9.74926 1
9.74926 0
9.74926 1
9.75018 0
9.75111 1
9.75111 0
9.75111 1
9.75203 0
9.75296 1
9.75296 0
9.75296 1
9.75388 0
9.75481 1
9.75481 0
9.75481 1
9.75573 0
9.75666 1
9.75666 0
9.75666 1
9.75758 0
9.75851 1
9.75851 0
9.75851 1
9.75943 0
9.76036 1
9.76036 0
9.76036 1
9.76128 0
9.7622 1
9.7622 0
9.7622 1
9.76313 0
9.76405 1
9.76405 0
9.76405 1
9.76498 0
9.7659 1
9.7659 0
9.7659 1
9.76683 0
9.76775 1
9.76775 0
9.76775 1
9.76868 0
9.7696 1
9.7696 0
9.7696 1
9.77053 0
9.77145 1
9.77145 0
9.77145 1
9.77238 0
9.7733 1
9.7733 0
9.7733 1
9.77423 0
9.77515 1
9.77515 0
9.77515 1
9.77608 0
9.80111 1
9.80111 0
9.80296 1
9.80296 0
9.80481 1
9.80481 0
9.80666 1
9.80666 0
9.80851 1
9.80851 0
9.81036 1
9.81036 0
9.8122 1
9.8122 0
9.81405 1
9.81405 0
9.8159 1
9.8159 0
9.81775 1
9.81775 0
9.8196 1
9.8196 0
9.82145 1
9.82145 0
9.8233 1
9.8233 0
9.82515 1
9.82515 0
9.827 1
9.827 0
9.85117 1
9.85117 0
9.85117 1
9.8521 0
9.85302 1
9.85302 0
9.85302 1
9.85395 0
9.85487 1
9.85487 0
9.85487 1
9.8558 0
9.85672 1
9.85672 0
9.85672 1
9.85765 0
9.85857 1
9.85857 0
9.85857 1
9.8595 0
9.86042 1
9.86042 0
9.86042 1
9.86135 0
9.86227 1
9.86227 0
9.86227 1
9.8632 0
9.86412 1
9.86412 0
9.86412 1
9.86505 0
9.86597 1
9.86597 0
9.86597 1
9.86597 2
9.8669 1
9.86782 0
9.86782 1
9.86782 2
9.86875 1
9.86967 0
9.86967 1
9.86967 2
9.8706 1
9.87152 0
9.87152 1
9.87152 2
9.87244 1
9.87337 0
9.87337 1
9.87337 2
9.87429 1
9.87522 0
9.87522 1
9.87522 2
9.87614 1
9.87707 0
9.87707 1
9.87707 2
9.87799 1
9.87892 0
9.90302 1
9.90302 0
9.90487 1
9.90487 0
9.90672 1
9.90672 0
9.90857 1
9.90857 0
9.91042 1
9.91042 0
9.91227 1
9.91227 0
9.91412 1
9.91412 0
9.91597 1
9.91597 0
9.91782 1
9.91782 0
9.91967 1
9.91967 0
9.92152 1
9.92152 0
9.92337 1
9.92337 0
9.92522 1
9.92522 0
9.92707 1
9.92707 0
9.92892 1
9.92892 0
9.95309 1
9.95309 0
9.95309 1
9.95402 0
9.95494 1
9.95494 0
9.95494 1
9.95587 0
9.95679 1
9.95679 0
9.95679 1
9.95772 0
9.95864 1
9.95864 0
9.95864 1
9.95956 0
9.96049 1
9.96049 0
9.96049 1
9.96141 0
9.96234 1
9.96234 0
9.96234 1
9.96326 0
9.96419 1
9.96419 0
9.96419 1
9.96511 0
9.96604 1
9.96604 0
9.96604 1
9.96696 0
9.96789 1
9.96789 0
9.96789 1
9.96881 0
9.96974 1
9.96974 0
9.96974 1
9.97066 0
9.97159 1
9.97159 0
9.97159 1
9.97251 0
9.97344 1
9.97344 0
9.97344 1
9.97436 0
9.97529 1
9.97529 0
9.97529 1
9.97621 0
9.97714 1
9.97714 0
9.97714 1
9.97806 0
9.97899 1
9.97899 0
9.97899 1
9.97991 0
