1.000000 0
1.100134 0
1.100201 1
1.201193 537
1.202118 1073
1.303110 1609
1.304035 2145
1.304960 2681
1.405027 3217
1.405952 3753
1.406876 4289
1.506019 4825
1.506944 5361
1.507868 5897
1.508793 6433
1.509718 6969
1.510643 7505
1.607936 8041
1.608860 8577
1.609785 9113
1.610710 9649
1.611635 10185
1.612560 10721
1.613484 11257
1.614409 11793
1.615334 12329
1.709852 12865
1.710777 13401
1.711702 13937
1.712627 14473
1.713552 15009
1.714476 15545
1.715401 16081
1.716326 16617
1.717251 17153
1.718176 17689
1.719100 18225
1.720025 18761
1.810844 19297
1.811769 19833
1.812694 20369
1.813619 20905
1.814544 21441
1.815468 21977
1.816393 22513
1.817318 23049
1.818243 23585
1.819168 24121
1.820092 24657
1.821017 25193
1.821942 25729
1.822867 26265
1.823792 26801
1.824716 27337
1.825641 27873
1.826566 28409
1.911836 28945
1.912761 29481
1.913686 30017
1.914611 30553
1.915536 31089
1.916460 31625
1.917385 32161
1.918310 32697
1.919235 33233
1.920160 33769
1.921084 34305
1.922009 34841
1.922934 35377
1.923859 35913
1.924784 36449
1.925708 36985
1.926633 37521
1.927558 38057
1.928483 38593
1.929408 39129
1.930332 39665
1.931257 40201
1.932182 40737
1.933107 41273
1.934032 41809
1.934956 42345
1.935881 42881
2.012828 43417
2.013753 43953
2.014678 44489
2.015603 45025
2.016528 45561
2.017452 46097
2.018377 46633
2.019302 47169
2.020227 47705
2.021152 48241
2.022076 48777
2.023001 49313
2.023926 49849
2.024851 50385
2.025776 50921
2.026700 51457
2.027625 51993
2.028550 52529
2.029475 53065
2.030400 53601
2.031324 54137
2.032249 54673
2.033174 55209
2.034099 55745
2.035024 56281
2.035948 56817
2.036873 57353
2.037798 57889
2.038723 58425
2.039648 59497
2.040572 60033
2.041497 61105
2.042422 61641
2.043347 62713
2.044272 63249
2.045196 64321
2.046121 64857
2.114745 65929
2.115670 66465
2.116595 67001
2.117520 67537
2.118444 68073
2.119369 68609
2.120294 69145
2.121219 69681
2.122144 70217
2.123068 70753
2.123993 71289
2.124918 71825
2.125843 72361
2.126768 72897
2.127692 73433
2.128617 73969
2.129542 74505
2.130467 75041
2.131392 75577
2.132316 76113
2.133241 76649
2.134166 77185
2.135091 77721
2.136016 78257
2.136940 78793
2.137865 79329
2.138790 79865
2.139715 80401
2.140640 80937
2.141564 82009
2.142489 82545
2.143414 83617
2.144339 84153
2.145264 85225
2.146188 85761
2.147113 86833
2.148038 87369
2.148963 88441
2.149888 88977
2.150812 58961
2.236083 89513
2.237008 90049
2.237932 90585
2.238857 91121
2.239782 91657
2.240707 92193
2.241632 92729
2.242556 93265
2.243481 93801
2.244406 94337
2.245331 94873
2.246256 95409
2.247180 95945
2.248105 96481
2.249030 97017
2.249955 97553
2.250880 98089
2.251804 60569
2.252729 98625
2.337075 99161
2.338000 99697
2.338924 100233
2.339849 100769
2.340774 101305
2.341699 101841
2.342624 102377
2.343548 102913
2.344473 103449
2.345398 103985
2.346323 104521
2.347248 105057
2.348172 105593
2.349097 106129
2.350022 106665
2.350947 107201
2.351872 107737
2.352796 62177
2.353721 108273
2.354646 108809
2.438067 109345
2.438992 109881
2.439916 110417
2.440841 110953
2.441766 111489
2.442691 112025
2.443616 112561
2.444540 113097
2.445465 113633
2.446390 114169
2.447315 114705
2.448240 115241
2.449164 115777
2.450089 116313
2.451014 116849
2.451939 117385
2.452864 117921
2.453788 63785
2.454713 118457
2.455638 118993
2.456563 119529
2.539059 120065
2.539984 120601
2.540908 121137
2.541833 121673
2.542758 122209
2.543683 122745
2.544608 123281
2.545532 123817
2.546457 124353
2.547382 124889
2.548307 125425
2.549232 125961
2.550156 126497
2.551081 127033
2.552006 127569
2.552931 128105
2.553856 128641
2.554780 65393
2.555705 129177
2.556630 129713
2.557555 130249
2.655772 81473
2.656697 130785
2.657622 131321
2.658547 131857
2.659472 132393
2.660396 132929
2.661321 133465
2.662246 134001
2.663171 134537
2.664096 135073
2.665020 135609
2.665945 140969
2.666870 141505
2.667795 142041
2.756764 83081
2.757689 142577
2.758614 143113
2.759539 143649
2.760464 144185
2.761388 144721
2.762313 145257
2.763238 145793
2.764163 146329
2.765088 146865
2.766012 147401
2.766937 147937
2.857756 84689
2.858681 148473
2.859606 149009
2.860531 149545
2.958748 86297
2.959673 150081
2.960598 150617
2.961523 151153
3.059740 87905
3.060665 151689
3.061590 152225
3.062515 152761
3.163507 136145
3.264499 136681
3.365491 137217
3.466483 137753
3.567475 138289
3.668467 138825
3.769459 139361
3.870451 139897
3.971443 140433
4.072435 153297
4.073360 153833
4.074284 154369
4.075209 154905
4.076134 155441
4.077059 155977
4.077984 156513
4.078908 157049
4.079833 157585
4.080758 158121
4.081683 158657
4.174352 161873
4.175276 162409
4.176201 162945
4.177126 163481
4.178051 164017
4.178976 164553
4.179900 165089
4.180825 165625
4.181750 166161
4.182675 166697
4.275344 167233
4.278118 159193
4.283667 167769
4.376336 168305
4.379110 159729
4.380035 168841
4.384659 169377
4.477328 169913
4.480102 160265
4.481027 170449
4.481952 170985
4.485651 171521
4.578320 172057
4.581094 160801
4.582019 172593
4.582944 173129
4.583868 173665
4.586643 174201
4.679312 174737
4.682086 161337
4.683011 175273
4.683936 175809
4.684860 176345
4.685785 176881
4.687635 177417
4.780304 177953
4.783078 178489
4.784003 179025
4.784928 179561
4.785852 180097
4.786777 180633
4.787702 181169
4.881296 181705
4.882220 182241
4.884995 182777
4.885920 183313
4.886844 183849
4.887769 184385
4.888694 184921
4.889619 185457
4.983212 185993
4.984137 186529
4.986912 187065
4.987836 187601
4.988761 188137
4.989686 188673
4.990611 189209
4.991536 189745
4.992460 190281
5.085129 190817
5.086054 191353
5.088828 191889
5.089753 192425
5.090678 192961
5.091603 193497
5.092528 194033
5.093452 194569
5.186121 195105
5.187046 195641
5.189820 196177
5.190745 196713
5.191670 197249
5.192595 197785
5.193520 198321
5.194444 198857
5.195369 199393
5.287113 199929
5.288038 200465
5.290812 201001
5.291737 201537
5.292662 202073
5.293587 202609
5.294512 203145
5.295436 203681
5.296361 204217
5.297286 204753
5.389030 205289
5.389955 205825
5.392729 206361
5.393654 206897
5.394579 207433
5.395504 207969
5.396428 208505
5.397353 209041
5.398278 209577
5.399203 210113
5.400128 210649
5.490947 211185
5.491872 211721
5.494646 212257
5.495571 212793
5.496496 213329
5.497420 213865
5.498345 214401
5.499270 214937
5.500195 215473
5.501120 216009
5.591939 216545
5.592864 217081
5.595638 217617
5.596563 218153
5.597488 218689
5.598412 219225
5.599337 219761
5.600262 220297
5.601187 220833
5.602112 221369
5.692931 221905
5.693856 222441
5.696630 222977
5.697555 223513
5.698480 224049
5.699404 224585
5.700329 225121
5.701254 225657
5.702179 226193
5.703104 226729
5.704028 227265
5.793923 227801
5.794848 228337
5.797622 228873
5.798547 229409
5.799472 229945
5.800396 230481
5.801321 231017
5.802246 231553
5.803171 232089
5.804096 232625
5.805020 233161
5.805945 233697
5.895840 234233
5.896764 234769
5.899539 235305
5.900464 235841
5.901388 236377
5.902313 236913
5.903238 237449
5.904163 237985
5.905088 238521
5.906012 239057
5.906937 239593
5.907862 240129
5.908787 240665
5.997756 241201
5.998681 241737
6.001456 242273
6.002380 242809
6.003305 243345
6.004230 243881
6.005155 244417
6.006080 244953
6.007004 245489
6.007929 246025
6.008854 246561
6.009779 247097
6.098748 247633
6.099673 248169
6.102448 248705
6.103372 249241
6.104297 249777
6.105222 250313
6.106147 250849
6.107072 251385
6.107996 251921
6.108921 252457
6.109846 252993
6.110771 253529
6.111696 254065
6.199740 254601
6.200665 255137
6.203440 255673
6.204364 256209
6.205289 256745
6.206214 257281
6.207139 257817
6.208064 258353
6.208988 258889
6.209913 259425
6.210838 259961
6.211763 260497
6.212688 261033
6.213612 261569
6.301657 262105
6.302582 262641
6.305356 263177
6.306281 263713
6.307206 264249
6.308131 264785
6.309056 265321
6.309980 265857
6.310905 266393
6.311830 266929
6.312755 267465
6.313680 268001
6.314604 268537
6.315529 269073
6.316454 269609
6.403574 270145
6.404499 270681
6.407273 271217
6.408198 271753
6.409123 272289
6.410048 272825
6.410972 273361
6.411897 273897
6.412822 274433
6.413747 274969
6.414672 275505
6.415596 276041
6.416521 276577
6.417446 277113
6.504566 277649
6.505491 278185
6.508265 278721
6.509190 279257
6.510115 279793
6.511040 280329
6.511964 280865
6.512889 281401
6.513814 281937
6.514739 282473
6.515664 283009
6.516588 283545
6.517513 284081
6.518438 284617
6.605558 285153
6.606483 285689
6.607408 286225
6.609257 286761
6.610182 287297
6.611107 287833
6.612032 288369
6.612956 288905
6.613881 289441
6.614806 289977
6.615731 290513
6.616656 291049
6.617580 291585
6.618505 292121
6.619430 292657
6.706550 293193
6.707475 293729
6.708400 294265
6.709324 294801
6.711174 295337
6.712099 295873
6.713024 296409
6.713948 296945
6.714873 297481
6.715798 298017
6.716723 298553
6.717648 299089
6.718572 299625
6.719497 300161
6.720422 300697
6.721347 301233
6.808467 301769
6.809392 302305
6.810316 302841
6.811241 303377
6.813091 303913
6.814016 304449
6.814940 304985
6.815865 305521
6.816790 306057
6.817715 306593
6.818640 307129
6.819564 307665
6.820489 308201
6.821414 308737
6.822339 309273
6.823264 309809
6.824188 310345
6.910384 310881
6.911308 311417
6.912233 311953
6.913158 312489
6.915008 313025
6.915932 313561
6.916857 314097
6.917782 314633
6.918707 315169
6.919632 315705
6.920556 316241
6.921481 316777
6.922406 317313
6.923331 317849
6.924256 318385
6.925180 318921
7.011376 319457
7.012300 319993
7.013225 320529
7.014150 321065
7.016000 321601
7.016924 322137
7.017849 322673
7.018774 323209
7.019699 323745
7.020624 324281
7.021548 324817
7.022473 325353
7.023398 325889
7.024323 326425
7.025248 326961
7.026172 327497
7.027097 328033
7.112368 328569
7.113292 329105
7.114217 329641
7.115142 330177
7.116992 330713
7.117916 331249
7.118841 331785
7.119766 332321
7.120691 332857
7.121616 333393
7.122540 333929
7.123465 334465
7.124390 335001
7.125315 335537
7.126240 336073
7.127164 336609
7.128089 337145
7.129014 337681
7.214284 338217
7.215209 338753
7.216134 339289
7.217059 339825
7.218908 340361
7.219833 340897
7.220758 341433
7.221683 341969
7.222608 342505
7.223532 343041
7.224457 343577
7.225382 344113
7.226307 344649
7.227232 345185
7.228156 345721
7.229081 346257
7.230006 346793
7.230931 347329
7.231856 347865
7.316201 348401
7.317126 348937
7.318051 349473
7.318976 350009
7.320825 350545
7.321750 351081
7.322675 351617
7.323600 352153
7.324524 352689
7.325449 353225
7.326374 353761
7.327299 354297
7.328224 354833
7.329148 355369
7.330073 355905
7.330998 356441
7.331923 356977
7.332848 357513
7.417193 358049
7.418118 358585
7.419043 359121
7.419968 359657
7.421817 360193
7.422742 360729
7.423667 361265
7.424592 361801
7.425516 362337
7.426441 362873
7.427366 363409
7.428291 363945
7.429216 364481
7.430140 365017
7.431065 365553
7.431990 366089
7.432915 366625
7.433840 367161
7.434764 367697
7.518185 368233
7.519110 368769
7.520035 369305
7.520960 369841
7.522809 370377
7.523734 370913
7.524659 371449
7.525584 371985
7.526508 372521
7.527433 373057
7.528358 373593
7.529283 374129
7.530208 374665
7.531132 375201
7.532057 375737
7.532982 376273
7.533907 376809
7.534832 377345
7.535756 377881
7.536681 378417
7.620102 378953
7.621027 379489
7.621952 380025
7.622876 380561
7.624726 381097
7.625651 381633
7.626576 382169
7.627500 382705
7.628425 383241
7.629350 383777
7.630275 384313
7.631200 384849
7.632124 385385
7.633049 385921
7.633974 386457
7.634899 386993
7.635824 387529
7.636748 388065
7.637673 388601
7.638598 389137
7.639523 389673
7.722019 390209
7.722944 390745
7.723868 391281
7.724793 391817
7.726643 392353
7.727568 392889
7.728492 393425
7.729417 393961
7.730342 394497
7.731267 395033
7.732192 395569
7.733116 396105
7.734041 396641
7.734966 397177
7.735891 397713
7.736816 398249
7.737740 398785
7.738665 399321
7.739590 399857
7.740515 400393
7.823011 400929
7.823936 401465
7.824860 402001
7.825785 402537
7.827635 403073
7.828560 403609
7.829484 404145
7.830409 404681
7.831334 405217
7.832259 405753
7.833184 406289
7.834108 406825
7.835033 407361
7.835958 407897
7.836883 408433
7.837808 408969
7.838732 409505
7.839657 410041
7.840582 410577
7.841507 411113
7.924003 411649
7.924928 412185
7.925852 412721
7.926777 413257
7.927702 413793
7.928627 414329
7.929552 414865
7.930476 415401
7.931401 415937
7.932326 416473
7.933251 417009
7.934176 417545
7.935100 418081
7.936025 418617
7.936950 419153
7.937875 419689
7.938800 420225
7.939724 420761
7.940649 421297
7.941574 421833
7.942499 422369
8.024995 422905
8.025920 423441
8.026844 423977
8.027769 424513
8.028694 425049
8.029619 425585
8.030544 426121
8.031468 426657
8.032393 427193
8.033318 427729
8.034243 428265
8.035168 428801
8.036092 429337
8.037017 429873
8.037942 430409
8.038867 430945
8.039792 431481
8.040716 432017
8.041641 432553
8.042566 433089
8.043491 433625
8.044416 434161
8.126912 434697
8.127836 435233
8.128761 435769
8.129686 436305
8.130611 436841
8.131536 437377
8.132460 437913
8.133385 438449
8.134310 438985
8.135235 439521
8.136160 440057
8.137084 440593
8.138009 441129
8.138934 441665
8.139859 442201
8.140784 442737
8.141708 443273
8.142633 443809
8.143558 444345
8.144483 444881
8.145408 445417
8.146332 445953
8.147257 446489
8.228828 447025
8.229753 447561
8.230678 448097
8.231603 448633
8.232528 449169
8.233452 449705
8.234377 450241
8.235302 450777
8.236227 451313
8.237152 451849
8.238076 452385
8.239001 452921
8.239926 453457
8.240851 453993
8.241776 454529
8.242700 455065
8.243625 455601
8.244550 456137
8.245475 456673
8.246400 457209
8.247324 457745
8.248249 458281
8.329820 458817
8.330745 459353
8.331670 459889
8.332595 460425
8.333520 460961
8.334444 461497
8.335369 462033
8.336294 462569
8.337219 463105
8.338144 463641
8.339068 464177
8.339993 464713
8.340918 465249
8.341843 465785
8.342768 466321
8.343692 466857
8.344617 467393
8.345542 467929
8.346467 468465
8.347392 469001
8.348316 469537
8.349241 470073
8.350166 470609
8.430812 471145
8.431737 471681
8.432662 472217
8.433587 472753
8.434512 473289
8.435436 473825
8.436361 474361
8.437286 474897
8.438211 475433
8.439136 475969
8.440060 476505
8.440985 477041
8.441910 477577
8.442835 478113
8.443760 478649
8.444684 479185
8.445609 479721
8.446534 480257
8.447459 480793
8.448384 481329
8.449308 481865
8.450233 482401
8.451158 482937
8.452083 483473
8.532729 484009
8.533654 484545
8.534579 485081
8.535504 485617
8.536428 486153
8.537353 486689
8.538278 487225
8.539203 487761
8.540128 488297
8.541052 488833
8.541977 489369
8.542902 489905
8.543827 490441
8.544752 490977
8.545676 491513
8.546601 492049
8.547526 492585
8.548451 493121
8.549376 493657
8.550300 494193
8.551225 494729
8.552150 495265
8.553075 495801
8.554000 496337
8.554924 496873
8.634646 497409
8.635571 497945
8.636496 498481
8.637420 499017
8.638345 499553
8.639270 500089
8.640195 500625
8.641120 501161
8.642044 501697
8.642969 502233
8.643894 502769
8.644819 503305
8.645744 503841
8.646668 504377
8.647593 504913
8.648518 505449
8.649443 505985
8.650368 506521
8.651292 507057
8.652217 507593
8.653142 508129
8.654067 508665
8.654992 509201
8.655916 509737
8.735638 510273
8.736563 510809
8.737488 511345
8.738412 511881
8.739337 512417
8.740262 512953
8.741187 513489
8.742112 514025
8.743036 514561
8.743961 515097
8.744886 515633
8.745811 516169
8.746736 516705
8.747660 517241
8.748585 517777
8.749510 518313
8.750435 518849
8.751360 519385
8.752284 519921
8.753209 520457
8.754134 520993
8.755059 521529
8.755984 522065
8.756908 522601
8.757833 523137
8.836630 523673
8.837555 524209
8.838480 524745
8.839404 525281
8.840329 525817
8.841254 526353
8.842179 526889
8.843104 527425
8.844028 527961
8.844953 528497
8.845878 529033
8.846803 529569
8.847728 530105
8.848652 530641
8.849577 531177
8.850502 531713
8.851427 532249
8.852352 532785
8.853276 533321
8.854201 533857
8.855126 534393
8.856051 534929
8.856976 535465
8.857900 536001
8.858825 536537
8.859750 537073
8.938547 537609
8.939472 538145
8.940396 538681
8.941321 539217
8.942246 539753
8.943171 540289
8.944096 540825
8.945020 541361
8.945945 541897
8.946870 542433
8.947795 542969
8.948720 543505
8.949644 544041
8.950569 544577
8.951494 545113
8.952419 545649
8.953344 546185
8.954268 546721
8.955193 547257
8.956118 547793
8.957043 548329
8.957968 548865
8.958892 549401
8.959817 549937
8.960742 550473
8.961667 551009
8.962592 551545
9.040464 552081
9.041388 552617
9.042313 553153
9.043238 553689
9.044163 554225
9.045088 554761
9.046012 555297
9.046937 555833
9.047862 556369
9.048787 556905
9.049712 557441
9.050636 557977
9.051561 558513
9.052486 559049
9.053411 559585
9.054336 560121
9.055260 560657
9.056185 561193
9.057110 561729
9.058035 562265
9.058960 562801
9.059884 563337
9.060809 563873
9.061734 564409
9.062659 564945
9.063584 565481
9.141456 566017
9.142380 566553
9.143305 567089
9.144230 567625
9.145155 568161
9.146080 568697
9.147004 569233
9.147929 569769
9.148854 570305
9.149779 570841
9.150704 571377
9.151628 571913
9.152553 572449
9.153478 572985
9.154403 573521
9.155328 574057
9.156252 574593
9.157177 575129
9.158102 575665
9.159027 576201
9.159952 576737
9.160876 577273
9.161801 577809
9.162726 578345
9.163651 578881
9.164576 579417
9.242448 579953
9.243372 580489
9.244297 581025
9.245222 581561
9.246147 582097
9.247072 582633
9.247996 583169
9.248921 583705
9.249846 584241
9.250771 584777
9.251696 585313
9.252620 585849
9.253545 586385
9.254470 586921
9.255395 587457
9.256320 587993
9.257244 588529
9.258169 589065
9.259094 589601
9.260019 590137
9.260944 590673
9.261868 591209
9.262793 591745
9.263718 592281
9.264643 592817
9.265568 593353
9.266492 593889
9.343440 594425
9.344364 594961
9.345289 595497
9.346214 596033
9.347139 596569
9.348064 597105
9.348988 597641
9.349913 598177
9.350838 598713
9.351763 599249
9.352688 599785
9.353612 600321
9.354537 600857
9.355462 601393
9.356387 601929
9.357312 602465
9.358236 603001
9.359161 603537
9.360086 604073
9.361011 604609
9.361936 605145
9.362860 605681
9.363785 606217
9.364710 606753
9.365635 607289
9.366560 607825
9.367484 608361
9.368409 608897
9.445356 609433
9.446281 609969
9.447206 610505
9.448131 611041
9.449056 611577
9.449980 612113
9.450905 612649
9.451830 613185
9.452755 613721
9.453680 614257
9.454604 614793
9.455529 615329
9.456454 615865
9.457379 616401
9.458304 616937
9.459228 617473
9.460153 618009
9.461078 618545
9.462003 619081
9.462928 619617
9.463852 620153
9.464777 620689
9.465702 621225
9.466627 621761
9.467552 622297
9.468476 622833
9.469401 623369
9.470326 623905
9.471251 624441
9.547273 624977
9.548198 625513
9.549123 626049
9.550048 626585
9.550972 627121
9.551897 627657
9.552822 628193
9.553747 628729
9.554672 629265
9.555596 629801
9.556521 630337
9.557446 630873
9.558371 631409
9.559296 631945
9.560220 632481
9.561145 633017
9.562070 633553
9.562995 634089
9.563920 634625
9.564844 635161
9.565769 635697
9.566694 636233
9.567619 636769
9.568544 637305
9.569468 637841
9.570393 638377
9.571318 638913
9.572243 639449
9.648265 639985
9.649190 640521
9.650115 641057
9.651040 641593
9.651964 642129
9.652889 642665
9.653814 643201
9.654739 643737
9.655664 644273
9.656588 644809
9.657513 645345
9.658438 645881
9.659363 646417
9.660288 646953
9.661212 647489
9.662137 648025
9.663062 648561
9.663987 649097
9.664912 649633
9.665836 650169
9.666761 650705
9.667686 651241
9.668611 651777
9.669536 652313
9.670460 652849
9.671385 653385
9.672310 653921
9.673235 654457
9.674160 654993
9.749257 655529
9.750182 656065
9.751107 656601
9.752032 657137
9.752956 657673
9.753881 658209
9.754806 658745
9.755731 659281
9.756656 659817
9.757580 660353
9.758505 660889
9.759430 661425
9.760355 661961
9.761280 662497
9.762204 663033
9.763129 663569
9.764054 664105
9.764979 664641
9.765904 665177
9.766828 665713
9.767753 666249
9.768678 666785
9.769603 667321
9.770528 667857
9.771452 668393
9.772377 668929
9.773302 669465
9.774227 670001
9.775152 670537
9.776076 671073
9.851174 671609
9.852099 672145
9.853024 672681
9.853948 673217
9.854873 673753
9.855798 674289
9.856723 674825
9.857648 675361
9.858572 675897
9.859497 676433
9.860422 676969
9.861347 677505
9.862272 678041
9.863196 678577
9.864121 679113
9.865046 679649
9.865971 680185
9.866896 680721
9.867820 681257
9.868745 681793
9.869670 682329
9.870595 682865
9.871520 683401
9.872444 683937
9.873369 684473
9.874294 685009
9.875219 685545
9.876144 686081
9.877068 686617
9.877993 687153
9.878918 687689
9.953091 688225
9.954016 688761
9.954940 689297
9.955865 689833
9.956790 690369
9.957715 690905
9.958640 691441
9.959564 691977
9.960489 692513
9.961414 693049
9.962339 693585
9.963264 694121
9.964188 694657
9.965113 695193
9.966038 695729
9.966963 696265
9.967888 696801
9.968812 697337
9.969737 697873
9.970662 698409
9.971587 698945
9.972512 699481
9.973436 700017
9.974361 700553
9.975286 701089
9.976211 701625
9.977136 702161
9.978060 702697
9.978985 703233
9.979910 703769
