1.100134 1
1.201193 537
1.303110 1609
1.405027 2681
1.506019 3753
1.507868 4825
1.607936 5897
1.609785 6969
1.611635 8041
1.709852 9113
1.711702 10185
1.713552 11257
1.715401 12329
1.810844 13401
1.812694 14473
1.814544 15545
1.816393 16617
1.818243 17689
1.820092 18761
1.911836 19833
1.913686 20905
1.915536 21977
1.917385 23049
1.919235 24121
1.921084 25193
1.922934 26265
1.924784 27337
1.926633 28409
2.012828 29481
2.014678 30553
2.016528 31625
2.018377 32697
2.020227 33769
2.022076 34841
2.023926 35913
2.025776 36985
2.027625 38057
2.029475 39129
2.031324 40201
2.033174 41273
2.035024 42345
2.036873 43417
2.114745 44489
2.116595 45561
2.118444 46633
2.120294 47705
2.122144 48777
2.123993 49849
2.125843 50921
2.127692 51993
2.129542 53065
2.131392 54137
2.133241 55209
2.135091 56281
2.136940 57353
2.138790 58425
2.140640 58961
2.141564 58961
2.142489 58961
2.143414 58961
2.144339 58961
2.145264 58961
2.146188 58961
2.147113 58961
2.215737 58961
2.216662 58961
2.217587 58961
2.218512 58961
2.219436 58961
2.220361 58961
2.221286 58961
2.222211 58961
2.223136 58961
2.224060 58961
2.224985 58961
2.225910 58961
2.226835 58961
2.227760 58961
2.228684 58961
2.229609 58961
2.230534 58961
2.231459 58961
2.232384 58961
2.233308 58961
2.234233 58961
2.235158 58961
2.236083 58961
2.237008 58961
2.237932 58961
2.238857 58961
2.239782 58961
2.240707 58961
2.241632 58961
2.242556 58961
2.243481 58961
2.244406 58961
2.245331 58961
2.246256 58961
2.247180 58961
2.248105 58961
2.249030 58961
2.249955 58961
2.250880 58961
2.251804 60569
2.337075 60569
2.338000 60569
2.338924 60569
2.339849 60569
2.340774 60569
2.341699 60569
2.342624 60569
2.343548 60569
2.344473 60569
2.345398 60569
2.346323 60569
2.347248 60569
2.348172 60569
2.349097 60569
2.350022 60569
2.350947 60569
2.351872 60569
2.352796 62177
2.353721 62177
2.438067 62177
2.438992 62177
2.439916 62177
2.440841 62177
2.441766 62177
2.442691 62177
2.443616 62177
2.444540 62177
2.445465 62177
2.446390 62177
2.447315 62177
2.448240 62177
2.449164 62177
2.450089 62177
2.451014 62177
2.451939 62177
2.452864 62177
2.453788 63785
2.454713 63785
2.455638 63785
2.539059 63785
2.539984 63785
2.540908 63785
2.541833 63785
2.542758 63785
2.543683 63785
2.544608 63785
2.545532 63785
2.546457 63785
2.547382 63785
2.548307 63785
2.549232 63785
2.550156 63785
2.551081 63785
2.552006 63785
2.552931 63785
2.553856 63785
2.554780 65393
2.555705 65393
2.556630 65393
2.557555 65393
2.640051 65393
2.640976 65393
2.641900 65393
2.642825 65393
2.643750 65393
2.644675 65393
2.645600 65393
2.646524 65393
2.647449 65393
2.648374 65393
2.649299 65393
2.650224 65393
2.651148 65393
2.652073 65393
2.652998 65393
2.653923 65393
2.654848 65393
2.655772 81473
2.656697 81473
2.657622 81473
2.658547 81473
2.756764 83081
2.757689 83081
2.758614 83081
2.759539 83081
2.760464 83081
2.761388 83081
2.762313 83081
2.763238 83081
2.764163 83081
2.765088 83081
2.766012 83081
2.766937 83081
2.767862 83081
2.768787 83081
2.857756 84689
2.858681 84689
2.859606 84689
2.860531 84689
2.861456 84689
2.862380 84689
2.863305 84689
2.864230 84689
2.865155 84689
2.866080 84689
2.867004 84689
2.867929 84689
2.958748 86297
2.959673 86297
2.960598 86297
2.961523 86297
3.059740 87905
3.060665 87905
3.061590 87905
3.062515 87905
3.160732 136145
3.161657 136145
3.162582 136145
3.163507 136145
3.264499 136681
3.365491 137217
3.466483 137753
3.567475 138289
3.668467 138825
3.769459 139361
3.870451 139897
3.971443 140433
4.072435 153297
4.174352 154369
4.176201 155441
4.178051 156513
4.179900 157585
4.181750 158657
4.275344 159193
4.276268 159193
4.277193 159193
4.278118 159193
4.279043 159193
4.279968 159193
4.280892 159193
4.281817 159193
4.282742 159193
4.283667 159193
4.376336 159193
4.379110 159729
4.384659 159729
4.477328 159729
4.480102 160265
4.481027 160265
4.485651 160265
4.578320 160265
4.581094 160801
4.582019 160801
4.582944 160801
4.586643 160801
4.679312 160801
4.682086 161337
4.683011 161337
4.683936 161337
4.684860 161337
4.687635 161337
4.780304 161337
4.783078 175273
4.784928 176345
4.786777 177417
4.881296 178489
4.884995 179561
4.886844 180633
4.888694 181705
4.983212 182777
4.986912 183849
4.988761 184921
4.990611 185993
5.085129 187065
5.088828 188137
5.090678 189209
5.092528 190281
5.186121 191353
5.189820 192425
5.191670 193497
5.193520 194569
5.287113 195641
5.290812 196713
5.292662 197785
5.294512 198857
5.296361 199929
5.389030 201001
5.392729 202073
5.394579 203145
5.396428 204217
5.398278 205289
5.490947 206361
5.494646 207433
5.496496 208505
5.498345 209577
5.500195 210649
5.591939 211721
5.595638 212793
5.597488 213865
5.599337 214937
5.601187 216009
5.692931 217081
5.696630 218153
5.698480 219225
5.700329 220297
5.702179 221369
5.793923 222441
5.797622 223513
5.799472 224585
5.801321 225657
5.803171 226729
5.805020 227801
5.895840 228873
5.899539 229945
5.901388 231017
5.903238 232089
5.905088 233161
5.906937 234233
5.997756 235305
6.001456 236377
6.003305 237449
6.005155 238521
6.007004 239593
6.008854 240665
6.098748 241737
6.102448 242809
6.104297 243881
6.106147 244953
6.107996 246025
6.109846 247097
6.199740 248169
6.203440 249241
6.205289 250313
6.207139 251385
6.208988 252457
6.210838 253529
6.212688 254601
6.301657 255673
6.305356 256745
6.307206 257817
6.309056 258889
6.310905 259961
6.312755 261033
6.314604 262105
6.403574 263177
6.407273 264249
6.409123 265321
6.410972 266393
6.412822 267465
6.414672 268537
6.416521 269609
6.504566 270681
6.508265 271753
6.510115 272825
6.511964 273897
6.513814 274969
6.515664 276041
6.517513 277113
6.605558 278185
6.609257 279257
6.611107 280329
6.612956 281401
6.614806 282473
6.616656 283545
6.618505 284617
6.706550 285689
6.708400 286761
6.711174 287833
6.713024 288905
6.714873 289977
6.716723 291049
6.718572 292121
6.720422 293193
6.808467 294265
6.810316 295337
6.813091 296409
6.814940 297481
6.816790 298553
6.818640 299625
6.820489 300697
6.822339 301769
6.910384 302841
6.912233 303913
6.915008 304985
6.916857 306057
6.918707 307129
6.920556 308201
6.922406 309273
6.924256 310345
7.011376 311417
7.013225 312489
7.016000 313561
7.017849 314633
7.019699 315705
7.021548 316777
7.023398 317849
7.025248 318921
7.112368 319993
7.114217 321065
7.116992 322137
7.118841 323209
7.120691 324281
7.122540 325353
7.124390 326425
7.126240 327497
7.128089 328569
7.214284 329641
7.216134 330713
7.218908 331785
7.220758 332857
7.222608 333929
7.224457 335001
7.226307 336073
7.228156 337145
7.230006 338217
7.316201 339289
7.318051 340361
7.320825 341433
7.322675 342505
7.324524 343577
7.326374 344649
7.328224 345721
7.330073 346793
7.331923 347865
7.417193 348937
7.419043 350009
7.421817 351081
7.423667 352153
7.425516 353225
7.427366 354297
7.429216 355369
7.431065 356441
7.432915 357513
7.518185 358585
7.520035 359657
7.522809 360729
7.524659 361801
7.526508 362873
7.528358 363945
7.530208 365017
7.532057 366089
7.533907 367161
7.535756 368233
7.620102 369305
7.621952 370377
7.624726 371449
7.626576 372521
7.628425 373593
7.630275 374665
7.632124 375737
7.633974 376809
7.635824 377881
7.637673 378953
7.722019 380025
7.723868 381097
7.726643 382169
7.728492 383241
7.730342 384313
7.732192 385385
7.734041 386457
7.735891 387529
7.737740 388601
7.739590 389673
7.823011 390745
7.824860 391817
7.827635 392889
7.829484 393961
7.831334 395033
7.833184 396105
7.835033 397177
7.836883 398249
7.838732 399321
7.840582 400393
7.924003 401465
7.925852 402537
7.928627 403609
7.930476 404681
7.932326 405753
7.934176 406825
7.936025 407897
7.937875 408969
7.939724 410041
7.941574 411113
8.024995 412185
8.026844 413257
8.028694 414329
8.030544 415401
8.032393 416473
8.034243 417545
8.036092 418617
8.037942 419689
8.039792 420761
8.041641 421833
8.043491 422905
8.126912 423977
8.128761 425049
8.130611 426121
8.132460 427193
8.134310 428265
8.136160 429337
8.138009 430409
8.139859 431481
8.141708 432553
8.143558 433625
8.145408 434697
8.228828 435769
8.230678 436841
8.232528 437913
8.234377 438985
8.236227 440057
8.238076 441129
8.239926 442201
8.241776 443273
8.243625 444345
8.245475 445417
8.247324 446489
8.329820 447561
8.331670 448633
8.333520 449705
8.335369 450777
8.337219 451849
8.339068 452921
8.340918 453993
8.342768 455065
8.344617 456137
8.346467 457209
8.348316 458281
8.430812 459353
8.432662 460425
8.434512 461497
8.436361 462569
8.438211 463641
8.440060 464713
8.441910 465785
8.443760 466857
8.445609 467929
8.447459 469001
8.449308 470073
8.451158 471145
8.532729 472217
8.534579 473289
8.536428 474361
8.538278 475433
8.540128 476505
8.541977 477577
8.543827 478649
8.545676 479721
8.547526 480793
8.549376 481865
8.551225 482937
8.553075 484009
8.634646 485081
8.636496 486153
8.638345 487225
8.640195 488297
8.642044 489369
8.643894 490441
8.645744 491513
8.647593 492585
8.649443 493657
8.651292 494729
8.653142 495801
8.654992 496873
8.735638 497945
8.737488 499017
8.739337 500089
8.741187 501161
8.743036 502233
8.744886 503305
8.746736 504377
8.748585 505449
8.750435 506521
8.752284 507593
8.754134 508665
8.755984 509737
8.836630 510809
8.838480 511881
8.840329 512953
8.842179 514025
8.844028 515097
8.845878 516169
8.847728 517241
8.849577 518313
8.851427 519385
8.853276 520457
8.855126 521529
8.856976 522601
8.858825 523673
8.938547 524745
8.940396 525817
8.942246 526889
8.944096 527961
8.945945 529033
8.947795 530105
8.949644 531177
8.951494 532249
8.953344 533321
8.955193 534393
8.957043 535465
8.958892 536537
8.960742 537609
9.040464 538681
9.042313 539753
9.044163 540825
9.046012 541897
9.047862 542969
9.049712 544041
9.051561 545113
9.053411 546185
9.055260 547257
9.057110 548329
9.058960 549401
9.060809 550473
9.062659 551545
9.141456 552617
9.143305 553689
9.145155 554761
9.147004 555833
9.148854 556905
9.150704 557977
9.152553 559049
9.154403 560121
9.156252 561193
9.158102 562265
9.159952 563337
9.161801 564409
9.163651 565481
9.242448 566553
9.244297 567625
9.246147 568697
9.247996 569769
9.249846 570841
9.251696 571913
9.253545 572985
9.255395 574057
9.257244 575129
9.259094 576201
9.260944 577273
9.262793 578345
9.264643 579417
9.343440 580489
9.345289 581561
9.347139 582633
9.348988 583705
9.350838 584777
9.352688 585849
9.354537 586921
9.356387 587993
9.358236 589065
9.360086 590137
9.361936 591209
9.363785 592281
9.365635 593353
9.367484 594425
9.445356 595497
9.447206 596569
9.449056 597641
9.450905 598713
9.452755 599785
9.454604 600857
9.456454 601929
9.458304 603001
9.460153 604073
9.462003 605145
9.463852 606217
9.465702 607289
9.467552 608361
9.469401 609433
9.547273 610505
9.549123 611577
9.550972 612649
9.552822 613721
9.554672 614793
9.556521 615865
9.558371 616937
9.560220 618009
9.562070 619081
9.563920 620153
9.565769 621225
9.567619 622297
9.569468 623369
9.571318 624441
9.648265 625513
9.650115 626585
9.651964 627657
9.653814 628729
9.655664 629801
9.657513 630873
9.659363 631945
9.661212 633017
9.663062 634089
9.664912 635161
9.666761 636233
9.668611 637305
9.670460 638377
9.672310 639449
9.749257 640521
9.751107 641593
9.752956 642665
9.754806 643737
9.756656 644809
9.758505 645881
9.760355 646953
9.762204 648025
9.764054 649097
9.765904 650169
9.767753 651241
9.769603 652313
9.771452 653385
9.773302 654457
9.775152 655529
9.851174 656601
9.853024 657673
9.854873 658745
9.856723 659817
9.858572 660889
9.860422 661961
9.862272 663033
9.864121 664105
9.865971 665177
9.867820 666249
9.869670 667321
9.871520 668393
9.873369 669465
9.875219 670537
9.877068 671609
9.953091 672681
9.954940 673753
9.956790 674825
9.958640 675897
9.960489 676969
9.962339 678041
9.964188 679113
9.966038 680185
9.967888 681257
9.969737 682329
9.971587 683401
9.973436 684473
9.975286 685545
9.977136 686617
9.978985 687689
