1.0 1
1.0 0
1.00507 1
1.00507 0
1.01013 1
1.01013 0
1.01013 1
1.0102 0
1.01613 1
1.01613 0
1.02119 1
1.02119 0
1.02119 1
1.02212 0
1.22119 1
1.22119 0
1.42712 1
1.42712 0
1.43219 1
1.43219 0
1.43219 1
1.43311 0
1.43904 1
1.43904 0
1.83219 1
1.83219 0
1.83811 1
1.83811 0
1.84318 1
1.84318 0
1.84318 1
1.8441 0
1.85003 1
1.85003 0
1.85509 1
1.85509 0
1.85509 1
1.85602 0
2.05509 1
2.05509 0
2.06102 1
2.06102 0
2.06102 1
2.06109 0
2.06609 1
2.06609 0
2.06609 1
2.06701 0
2.07294 1
2.07294 0
2.46609 1
2.46609 0
2.47201 1
2.47201 0
2.47708 1
2.47708 0
2.47708 1
2.478 0
2.683 1
2.683 0
2.68807 1
2.68807 0
2.694 1
2.694 0
2.88807 1
2.88807 0
3.28807 1
3.28807 0
4.08807 1
4.08807 0
5.68807 1
5.68807 0
8.88807 1
8.88807 0
8.894 1
8.894 0
8.89906 1
8.89906 0
8.89906 1
8.89999 0
9.10499 1
9.10499 0
9.11005 1
9.11005 0
9.33505 1
9.33505 0
9.54098 1
9.54098 0
9.54605 1
9.54605 0
9.54605 1
9.54697 0
9.5529 1
9.5529 0
9.55796 1
9.55796 0
9.55796 1
9.55889 0
9.56481 1
9.56481 0
