1.0 1
1.0 0
1.00507 1
1.00507 0
1.01013 1
1.01013 0
1.01013 1
1.0102 0
1.01613 1
1.01613 0
1.02119 1
1.02119 0
1.02119 1
1.02212 0
1.02804 1
1.02804 0
1.03311 1
1.03311 0
1.03311 1
1.03311 2
1.03404 1
1.03496 0
1.03996 1
1.03996 0
1.04503 1
1.04503 0
1.04503 1
1.04503 2
1.04595 1
1.04688 0
1.05095 1
1.05095 0
1.0528 1
1.0528 0
1.05602 1
1.05602 0
1.05602 1
1.05602 2
1.05694 1
1.05787 0
1.05787 1
1.05787 2
1.05787 3
1.05879 2
1.05972 1
1.06064 0
1.06287 1
1.06287 0
1.06564 1
1.06564 0
1.06657 1
1.06657 0
1.06794 1
1.06794 0
1.06794 1
1.06794 2
1.06886 1
1.06979 0
1.07071 1
1.07071 0
1.07071 1
1.07164 0
1.07386 1
1.07386 0
1.07479 1
1.07479 0
1.07571 1
1.07571 0
1.07664 1
1.07664 0
1.07756 1
1.07756 0
1.07985 1
1.07985 0
1.0817 1
1.0817 0
1.08263 1
1.08263 0
1.08578 1
1.08578 0
1.08855 1
1.08855 0
1.09084 1
1.09084 0
1.09084 1
1.09177 0
1.09362 1
1.09362 0
1.09362 1
1.09454 0
1.09769 1
1.09769 0
1.10047 1
1.10047 0
1.10276 1
1.10276 0
1.10276 1
1.10369 0
1.10554 1
1.10554 0
1.10554 1
1.10646 0
1.10961 1
1.10961 0
1.11239 1
1.11239 0
1.11468 1
1.11468 0
1.11468 1
1.11468 2
1.1156 1
1.11653 0
1.11745 1
1.11745 0
1.11745 1
1.11838 0
1.12153 1
1.12153 0
1.12338 1
1.12338 0
1.1243 1
1.1243 0
1.1266 1
1.1266 0
1.1266 1
1.12752 0
1.13252 1
1.13252 0
1.13344 1
1.13344 0
1.13759 1
1.13759 0
1.13851 1
1.13851 0
1.14351 1
1.14351 0
1.14858 1
1.14858 0
1.1545 1
1.1545 0
1.15957 1
1.15957 0
1.15957 1
1.15957 2
1.1605 1
1.16142 0
1.16642 1
1.16642 0
1.17149 1
1.17149 0
1.17149 1
1.17241 0
1.17741 1
1.17741 0
1.18248 1
1.18248 0
1.18248 1
1.1834 0
1.1884 1
1.1884 0
1.19347 1
1.19347 0
1.19347 1
1.19347 2
1.1944 1
1.19532 0
1.1994 1
1.1994 0
1.20125 1
1.20125 0
1.20446 1
1.20446 0
1.20446 1
1.20539 0
1.20631 1
1.20631 0
1.20631 1
1.20724 0
1.21131 1
1.21131 0
1.21316 1
1.21316 0
1.21638 1
1.21638 0
1.21638 1
1.21731 0
1.21823 1
1.21823 0
1.21823 1
1.21916 0
1.22323 1
1.22323 0
1.22508 1
1.22508 0
1.2283 1
1.2283 0
1.2283 1
1.2283 2
1.22922 1
1.23015 0
1.23015 1
1.23015 2
1.23107 1
1.232 0
1.23515 1
1.23515 0
1.237 1
1.237 0
1.24021 1
1.24021 0
1.24021 1
1.24114 0
1.24206 1
1.24206 0
1.24206 1
1.24299 0
1.24614 1
1.24614 0
1.24799 1
1.24799 0
1.25121 1
1.25121 0
1.25121 1
1.25213 0
1.25306 1
1.25306 0
1.25306 1
1.25306 2
1.25398 1
1.25491 0
1.25713 1
1.25713 0
1.25898 1
1.25898 0
1.26083 1
1.26083 0
1.2622 1
1.2622 0
1.2622 1
1.26312 0
1.26405 1
1.26405 0
1.26405 1
1.26497 0
1.2659 1
1.2659 0
1.2659 1
1.26682 0
1.26905 1
1.26905 0
1.2709 1
1.2709 0
1.27275 1
1.27275 0
1.27412 1
1.27412 0
1.27412 1
1.27504 0
1.27596 1
1.27596 0
1.27596 1
1.27689 0
1.27781 1
1.27781 0
1.27781 1
1.27781 2
1.27874 1
1.27966 0
1.28096 1
1.28096 0
1.28281 1
1.28281 0
1.28559 1
1.28559 0
1.28603 1
1.28603 0
1.28603 1
1.28696 0
1.28788 1
1.28788 0
1.28788 1
1.28881 0
1.29066 1
1.29066 0
1.29196 1
1.29196 0
1.29288 1
1.29288 0
1.29381 1
1.29381 0
1.29473 1
1.29473 0
1.29658 1
1.29658 0
1.29887 1
1.29887 0
1.30165 1
1.30165 0
1.3048 1
1.3048 0
1.30987 1
1.30987 0
1.30987 1
1.31079 0
1.31579 1
1.31579 0
1.31672 1
1.31672 0
1.50987 1
1.50987 0
1.51579 1
1.51579 0
1.52086 1
1.52086 0
1.52086 1
1.52178 0
1.52771 1
1.52771 0
1.53277 1
1.53277 0
1.53277 1
1.5337 0
1.53962 1
1.53962 0
1.73277 1
1.73277 0
1.7387 1
1.7387 0
1.74377 1
1.74377 0
1.74377 1
1.74469 0
1.75062 1
1.75062 0
2.14377 1
2.14377 0
2.14969 1
2.14969 0
2.15476 1
2.15476 0
2.15476 1
2.15568 0
2.16161 1
2.16161 0
2.16668 1
2.16668 0
2.16668 1
2.1676 0
2.36668 1
2.36668 0
2.3726 1
2.3726 0
2.3726 1
2.37267 0
2.37767 1
2.37767 0
2.37767 1
2.37859 0
2.38452 1
2.38452 0
2.38958 1
2.38958 0
2.38958 1
2.39051 0
2.39643 1
2.39643 0
2.4015 1
2.4015 0
2.4015 1
2.40243 0
2.40835 1
2.40835 0
2.41342 1
2.41342 0
2.41342 1
2.41342 2
2.41434 1
2.41527 0
2.42027 1
2.42027 0
2.42533 1
2.42533 0
2.42533 1
2.42626 0
2.43126 1
2.43126 0
2.43633 1
2.43633 0
2.43633 1
2.43725 0
2.44225 1
2.44225 0
2.44732 1
2.44732 0
2.44732 1
2.44732 2
2.44824 1
2.44917 0
2.45324 1
2.45324 0
2.45509 1
2.45509 0
2.45831 1
2.45831 0
2.45831 1
2.45924 0
2.46016 1
2.46016 0
2.46016 1
2.46108 0
2.46516 1
2.46516 0
2.46701 1
2.46701 0
2.47023 1
2.47023 0
2.47023 1
2.47115 0
2.47208 1
2.47208 0
2.47208 1
2.473 0
2.47708 1
2.47708 0
2.47893 1
2.47893 0
2.48214 1
2.48214 0
2.48214 1
2.48214 2
2.48307 1
2.48399 0
2.48399 1
2.48399 2
2.48492 1
2.48584 0
2.48899 1
2.48899 0
2.49084 1
2.49084 0
2.49406 1
2.49406 0
2.49406 1
2.49499 0
2.49591 1
2.49591 0
2.49591 1
2.49684 0
2.49999 1
2.49999 0
2.50184 1
2.50184 0
2.50505 1
2.50505 0
2.50505 1
2.50598 0
2.5069 1
2.5069 0
2.5069 1
2.5069 2
2.50783 1
2.50875 0
2.51098 1
2.51098 0
2.51283 1
2.51283 0
2.51468 1
2.51468 0
2.51604 1
2.51604 0
2.51604 1
2.51697 0
2.51789 1
2.51789 0
2.51789 1
2.51882 0
2.51974 1
2.51974 0
2.51974 1
2.52067 0
2.52289 1
2.52289 0
2.52474 1
2.52474 0
2.52659 1
2.52659 0
2.52796 1
2.52796 0
2.52796 1
2.52889 0
2.52981 1
2.52981 0
2.52981 1
2.53074 0
2.53166 1
2.53166 0
2.53166 1
2.53166 2
2.53259 1
2.53351 0
2.53481 1
2.53481 0
2.53666 1
2.53666 0
2.53851 1
2.53851 0
2.53988 1
2.53988 0
2.53988 1
2.5408 0
2.54173 1
2.54173 0
2.54173 1
2.54265 0
2.54358 1
2.54358 0
2.54358 1
2.5445 0
2.5458 1
2.5458 0
2.54765 1
2.54765 0
2.5495 1
2.5495 0
2.55087 1
2.55087 0
2.55087 1
2.5518 0
2.55272 1
2.55272 0
2.55272 1
2.55364 0
2.55457 1
2.55457 0
2.55457 1
2.55549 0
2.5568 1
2.5568 0
2.55864 1
2.55864 0
2.56049 1
2.56049 0
2.56186 1
2.56186 0
2.56186 1
2.56279 0
2.56371 1
2.56371 0
2.56371 1
2.56371 2
2.56464 1
2.56556 0
2.56556 1
2.56556 2
2.56649 1
2.56741 0
2.56779 1
2.56779 0
2.56964 1
2.56964 0
2.57149 1
2.57149 0
2.57285 1
2.57285 0
2.57285 1
2.57334 2
2.57334 1
2.57378 0
2.5747 1
2.5747 0
2.5747 1
2.57563 0
2.57655 1
2.57655 0
2.57655 1
2.57748 0
2.5784 1
2.5784 0
2.5784 1
2.57933 0
2.5797 1
2.5797 0
2.58155 1
2.58155 0
2.5834 1
2.5834 0
2.58477 1
2.58477 0
2.58477 1
2.58525 2
2.58525 1
2.5857 0
2.58662 1
2.58662 0
2.58662 1
2.58755 0
2.58847 1
2.58847 0
2.58847 1
2.58847 2
2.5894 1
2.59032 0
2.59032 1
2.59032 2
2.59124 1
2.59162 2
2.59162 1
2.59217 0
2.59347 1
2.59347 0
2.59532 1
2.59532 0
2.59669 1
2.59669 0
2.59669 1
2.59717 2
2.59717 1
2.59761 0
2.59809 1
2.59809 0
2.59854 1
2.59854 0
2.59854 1
2.59946 0
2.60039 1
2.60039 0
2.60039 1
2.60131 0
2.60261 1
2.60261 0
2.60354 1
2.60354 0
2.60446 1
2.60446 0
2.60631 1
2.60631 0
2.60724 1
2.60724 0
2.60768 1
2.60768 0
2.61138 1
2.61138 0
2.6123 1
2.6123 0
2.6136 1
2.6136 0
2.6173 1
2.6173 0
2.61823 1
2.61823 0
2.61867 1
2.61867 0
2.61867 1
2.6196 0
2.62237 1
2.62237 0
2.6233 1
2.6233 0
2.6246 1
2.6246 0
2.6283 1
2.6283 0
2.62966 1
2.62966 0
2.63336 1
2.63336 0
2.63336 1
2.63429 0
2.63559 1
2.63559 0
2.64021 1
2.64021 0
2.64066 1
2.64066 0
2.64066 1
2.64066 2
2.64158 1
2.64251 0
2.64528 1
2.64528 0
2.64528 1
2.6462 0
2.64751 1
2.64751 0
2.6512 1
2.6512 0
2.65257 1
2.65257 0
2.65257 1
2.6535 0
2.65627 1
2.65627 0
2.65627 1
2.6572 0
2.6585 1
2.6585 0
2.6622 1
2.6622 0
2.66356 1
2.66356 0
2.66356 1
2.66449 0
2.66726 1
2.66726 0
2.66726 1
2.66726 2
2.66819 1
2.66911 0
2.66949 1
2.66949 0
2.67319 1
2.67319 0
2.67456 1
2.67456 0
2.67456 1
2.67504 2
2.67504 1
2.67548 0
2.67826 1
2.67826 0
2.67826 1
2.67918 0
2.68011 1
2.68011 0
2.68011 1
2.68103 0
2.68141 1
2.68141 0
2.68511 1
2.68511 0
2.68647 1
2.68647 0
2.68647 1
2.68696 2
2.68696 1
2.6874 0
2.69017 1
2.69017 0
2.69017 1
2.6911 0
2.69202 1
2.69202 0
2.69202 1
2.69295 0
2.69332 1
2.69332 0
2.69702 1
2.69702 0
2.69839 1
2.69839 0
2.69839 1
2.69839 2
2.69887 3
2.69887 2
2.69932 1
2.70024 0
2.70209 1
2.70209 0
2.70209 1
2.70301 0
2.70394 1
2.70394 0
2.70394 1
2.70486 0
2.70524 1
2.70524 0
2.70801 1
2.70801 0
2.70986 1
2.70986 0
2.71031 1
2.71031 0
2.71031 1
2.71123 0
2.71308 1
2.71308 0
2.71308 1
2.71401 0
2.71493 1
2.71493 0
2.71493 1
2.71586 0
2.71623 1
2.71623 0
2.71901 1
2.71901 0
2.7213 1
2.7213 0
2.7213 1
2.72178 2
2.72178 1
2.72222 0
2.72407 1
2.72407 0
2.72407 1
2.72407 2
2.725 1
2.72592 0
2.72685 1
2.72685 0
2.72722 1
2.72722 0
2.72815 1
2.72815 0
2.73 1
2.73 0
2.73092 1
2.73092 0
2.73185 1
2.73185 0
2.73277 1
2.73277 0
2.73507 1
2.73507 0
2.73692 1
2.73692 0
2.73784 1
2.73784 0
2.74099 1
2.74099 0
2.74376 1
2.74376 0
2.74606 1
2.74606 0
2.74606 1
2.74698 0
2.74883 1
2.74883 0
2.74883 1
2.74976 0
2.75291 1
2.75291 0
2.75568 1
2.75568 0
2.75797 1
2.75797 0
2.75797 1
2.7589 0
2.76075 1
2.76075 0
2.76075 1
2.76167 0
2.76482 1
2.76482 0
2.7676 1
2.7676 0
2.76989 1
2.76989 0
2.76989 1
2.76989 2
2.77082 1
2.77174 0
2.77267 1
2.77267 0
2.77267 1
2.77359 0
2.77674 1
2.77674 0
2.77859 1
2.77859 0
2.78181 1
2.78181 0
2.78181 1
2.78273 0
2.78366 1
2.78366 0
2.78366 1
2.78458 0
2.78773 1
2.78773 0
2.78958 1
2.78958 0
2.7928 1
2.7928 0
2.7928 1
2.79372 0
2.79465 1
2.79465 0
2.79465 1
2.79465 2
2.79557 1
2.7965 0
2.79872 1
2.79872 0
2.80057 1
2.80057 0
2.80242 1
2.80242 0
2.80379 1
2.80379 0
2.80379 1
2.80472 0
2.80564 1
2.80564 0
2.80564 1
2.80657 0
2.80749 1
2.80749 0
2.80749 1
2.80842 0
2.81064 1
2.81064 0
2.81249 1
2.81249 0
2.81434 1
2.81434 0
2.81571 1
2.81571 0
2.81571 1
2.81663 0
2.81756 1
2.81756 0
2.81756 1
2.81848 0
2.81941 1
2.81941 0
2.81941 1
2.82033 0
2.82256 1
2.82256 0
2.82441 1
2.82441 0
2.82626 1
2.82626 0
2.82763 1
2.82763 0
2.82763 1
2.82763 2
2.82855 1
2.82948 0
2.82948 1
2.82948 2
2.8304 1
2.83132 0
2.83132 1
2.83132 2
2.83225 1
2.83317 0
2.83448 1
2.83448 0
2.83632 1
2.83632 0
2.83817 1
2.83817 0
2.83954 1
2.83954 0
2.83954 1
2.84047 0
2.84139 1
2.84139 0
2.84139 1
2.84232 0
2.84324 1
2.84324 0
2.84324 1
2.84417 0
2.84547 1
2.84547 0
2.84732 1
2.84732 0
2.84917 1
2.84917 0
2.85053 1
2.85053 0
2.85053 1
2.85146 0
2.85238 1
2.85238 0
2.85238 1
2.85238 2
2.85331 1
2.85423 0
2.85423 1
2.85423 2
2.85516 1
2.85608 0
2.85646 1
2.85646 0
2.85831 1
2.85831 0
2.85923 1
2.85923 0
2.86016 1
2.86016 0
2.86108 1
2.86108 0
2.86153 1
2.86153 0
2.86153 1
2.86201 2
2.86201 1
2.86245 0
2.86523 1
2.86523 0
2.86708 1
2.86708 0
2.86838 1
2.86838 0
2.87115 1
2.87115 0
2.873 1
2.873 0
2.87344 1
2.87344 0
2.87622 1
2.87622 0
2.87622 1
2.87714 0
2.87807 1
2.87807 0
2.87937 1
2.87937 0
2.88214 1
2.88214 0
2.88399 1
2.88399 0
2.88444 1
2.88444 0
2.88721 1
2.88721 0
2.88906 1
2.88906 0
2.88906 1
2.88998 0
2.89313 1
2.89313 0
2.89591 1
2.89591 0
2.8982 1
2.8982 0
2.8982 1
2.89913 0
2.90098 1
2.90098 0
2.90098 1
2.9019 0
2.90505 1
2.90505 0
2.90783 1
2.90783 0
2.91012 1
2.91012 0
2.91012 1
2.91012 2
2.91104 1
2.91197 0
2.91289 1
2.91289 0
2.91289 1
2.91382 0
2.91697 1
2.91697 0
2.91882 1
2.91882 0
2.92204 1
2.92204 0
2.92204 1
2.92296 0
2.92388 1
2.92388 0
2.92388 1
2.92481 0
2.92796 1
2.92796 0
2.92981 1
2.92981 0
2.93303 1
2.93303 0
2.93303 1
2.93395 0
2.93488 1
2.93488 0
2.93488 1
2.93488 2
2.9358 1
2.93673 0
2.93988 1
2.93988 0
2.9408 1
2.9408 0
2.94173 1
2.94173 0
2.94265 1
2.94265 0
2.94494 1
2.94494 0
2.94772 1
2.94772 0
2.95087 1
2.95087 0
2.95364 1
2.95364 0
2.95594 1
2.95594 0
2.95871 1
2.95871 0
2.95871 1
2.95964 0
2.96464 1
2.96464 0
2.96556 1
2.96556 0
3.15871 1
3.15871 0
3.16464 1
3.16464 0
3.1697 1
3.1697 0
3.1697 1
3.17063 0
3.17655 1
3.17655 0
3.18162 1
3.18162 0
3.18162 1
3.18254 0
3.18847 1
3.18847 0
3.19354 1
3.19354 0
3.19354 1
3.19446 0
3.20039 1
3.20039 0
3.20545 1
3.20545 0
3.20545 1
3.20545 2
3.20638 1
3.2073 0
3.2123 1
3.2123 0
3.21737 1
3.21737 0
3.21737 1
3.21829 0
3.22329 1
3.22329 0
3.22836 1
3.22836 0
3.22836 1
3.22929 0
3.23521 1
3.23521 0
3.24028 1
3.24028 0
3.24028 1
3.2412 0
3.2462 1
3.2462 0
3.24713 1
3.24713 0
3.44028 1
3.44028 0
3.4462 1
3.4462 0
3.45127 1
3.45127 0
3.45127 1
3.4522 0
3.45812 1
3.45812 0
3.46319 1
3.46319 0
3.46319 1
3.46411 0
3.66319 1
3.66319 0
3.66911 1
3.66911 0
3.66911 1
3.66918 0
3.67418 1
3.67418 0
3.67418 1
3.6751 0
3.8801 1
3.8801 0
3.88517 1
3.88517 0
3.8911 1
3.8911 0
4.28517 1
4.28517 0
4.2911 1
4.2911 0
4.29616 1
4.29616 0
4.29616 1
4.29709 0
4.30301 1
4.30301 0
4.30808 1
4.30808 0
4.30808 1
4.309 0
4.31493 1
4.31493 0
4.32 1
4.32 0
4.32 1
4.32092 0
4.32685 1
4.32685 0
4.33191 1
4.33191 0
4.33191 1
4.33191 2
4.33284 1
4.33376 0
4.33876 1
4.33876 0
4.34383 1
4.34383 0
4.34383 1
4.34476 0
4.34976 1
4.34976 0
4.35068 1
4.35068 0
4.54383 1
4.54383 0
4.54976 1
4.54976 0
4.55482 1
4.55482 0
4.55482 1
4.55575 0
4.56167 1
4.56167 0
4.56674 1
4.56674 0
4.56674 1
4.56766 0
4.57359 1
4.57359 0
4.76674 1
4.76674 0
4.77266 1
4.77266 0
4.77773 1
4.77773 0
4.77773 1
4.77866 0
4.78458 1
4.78458 0
4.78965 1
4.78965 0
4.78965 1
4.79057 0
4.7965 1
4.7965 0
4.80156 1
4.80156 0
4.80156 1
4.80249 0
4.80841 1
4.80841 0
4.81348 1
4.81348 0
4.81348 1
4.81348 2
4.81441 1
4.81533 0
4.82033 1
4.82033 0
4.8254 1
4.8254 0
4.8254 1
4.82632 0
4.83132 1
4.83132 0
4.83639 1
4.83639 0
4.83639 1
4.83732 0
4.84232 1
4.84232 0
4.84738 1
4.84738 0
4.84738 1
4.84738 2
4.84831 1
4.84923 0
4.85331 1
4.85331 0
4.85516 1
4.85516 0
4.85837 1
4.85837 0
4.85837 1
4.8593 0
4.86022 1
4.86022 0
4.86022 1
4.86115 0
4.86522 1
4.86522 0
4.87029 1
4.87029 0
4.87029 1
4.87122 0
4.87622 1
4.87622 0
4.87714 1
4.87714 0
4.88128 1
4.88128 0
4.88721 1
4.88721 0
5.08128 1
5.08128 0
5.08721 1
5.08721 0
5.09228 1
5.09228 0
5.09228 1
5.0932 0
5.09912 1
5.09912 0
5.10419 1
5.10419 0
5.10419 1
5.10512 0
5.11104 1
5.11104 0
5.11611 1
5.11611 0
5.11611 1
5.11703 0
5.12296 1
5.12296 0
5.12803 1
5.12803 0
5.12803 1
5.12803 2
5.12895 1
5.12988 0
5.13488 1
5.13488 0
5.13994 1
5.13994 0
5.13994 1
5.14087 0
5.14587 1
5.14587 0
5.15093 1
5.15093 0
5.15093 1
5.15186 0
5.15686 1
5.15686 0
5.16193 1
5.16193 0
5.16193 1
5.16193 2
5.16285 1
5.16378 0
5.16785 1
5.16785 0
5.1697 1
5.1697 0
5.17292 1
5.17292 0
5.17292 1
5.17384 0
5.17477 1
5.17477 0
5.17477 1
5.17569 0
5.18069 1
5.18069 0
5.18162 1
5.18162 0
5.18576 1
5.18576 0
5.19168 1
5.19168 0
5.38576 1
5.38576 0
5.39168 1
5.39168 0
5.39675 1
5.39675 0
5.39675 1
5.39768 0
5.4036 1
5.4036 0
5.40867 1
5.40867 0
5.40867 1
5.40959 0
5.41552 1
5.41552 0
5.42059 1
5.42059 0
5.42059 1
5.42151 0
5.42744 1
5.42744 0
5.62059 1
5.62059 0
5.62651 1
5.62651 0
5.63158 1
5.63158 0
5.63158 1
5.6325 0
5.63843 1
5.63843 0
5.64349 1
5.64349 0
5.64349 1
5.64442 0
5.65034 1
5.65034 0
5.65541 1
5.65541 0
5.65541 1
5.65634 0
5.66226 1
5.66226 0
5.66733 1
5.66733 0
5.66733 1
5.66733 2
5.66825 1
5.66918 0
5.67418 1
5.67418 0
5.67924 1
5.67924 0
5.67924 1
5.68017 0
5.68517 1
5.68517 0
5.69024 1
5.69024 0
5.69024 1
5.69116 0
5.69616 1
5.69616 0
5.70123 1
5.70123 0
5.70123 1
5.70123 2
5.70215 1
5.70308 0
5.70715 1
5.70715 0
5.709 1
5.709 0
5.71222 1
5.71222 0
5.71222 1
5.71315 0
5.71407 1
5.71407 0
5.71407 1
5.715 0
5.71907 1
5.71907 0
5.72092 1
5.72092 0
5.72414 1
5.72414 0
5.72414 1
5.72506 0
5.72599 1
5.72599 0
5.72599 1
5.72691 0
5.73099 1
5.73099 0
5.73284 1
5.73284 0
5.73605 1
5.73605 0
5.73605 1
5.73605 2
5.73698 1
5.7379 0
5.7379 1
5.7379 2
5.73883 1
5.73975 0
5.7429 1
5.7429 0
5.74475 1
5.74475 0
5.74797 1
5.74797 0
5.74797 1
5.7489 0
5.74982 1
5.74982 0
5.74982 1
5.75075 0
5.7539 1
5.7539 0
5.75575 1
5.75575 0
5.75896 1
5.75896 0
5.75896 1
5.75989 0
5.76081 1
5.76081 0
5.76081 1
5.76081 2
5.76174 1
5.76266 0
5.76581 1
5.76581 0
5.76674 1
5.76674 0
5.76766 1
5.76766 0
5.76859 1
5.76859 0
5.77088 1
5.77088 0
5.77365 1
5.77365 0
5.7768 1
5.7768 0
5.77958 1
5.77958 0
5.78187 1
5.78187 0
5.78465 1
5.78465 0
5.78465 1
5.78557 0
5.79057 1
5.79057 0
5.79564 1
5.79564 0
5.79564 1
5.79656 0
5.80156 1
5.80156 0
5.80663 1
5.80663 0
5.80663 1
5.80756 0
5.81256 1
5.81256 0
5.81762 1
5.81762 0
5.81762 1
5.81762 2
5.81855 1
5.81947 0
5.82355 1
5.82355 0
5.8254 1
5.8254 0
5.82861 1
5.82861 0
5.82861 1
5.82954 0
5.83046 1
5.83046 0
5.83046 1
5.83139 0
5.83639 1
5.83639 0
5.83731 1
5.83731 0
5.84146 1
5.84146 0
5.84738 1
5.84738 0
6.04146 1
6.04146 0
6.04738 1
6.04738 0
6.05245 1
6.05245 0
6.05245 1
6.05337 0
6.0593 1
6.0593 0
6.06436 1
6.06436 0
6.06436 1
6.06529 0
6.07121 1
6.07121 0
6.07628 1
6.07628 0
6.07628 1
6.07721 0
6.08313 1
6.08313 0
6.0882 1
6.0882 0
6.0882 1
6.0882 2
6.08912 1
6.09005 0
6.09505 1
6.09505 0
6.10012 1
6.10012 0
6.10012 1
6.10104 0
6.10696 1
6.10696 0
6.11203 1
6.11203 0
6.11796 1
6.11796 0
6.31203 1
6.31203 0
6.31796 1
6.31796 0
6.32302 1
6.32302 0
6.32302 1
6.32395 0
6.32987 1
6.32987 0
6.33494 1
6.33494 0
6.33494 1
6.33587 0
6.34179 1
6.34179 0
6.34686 1
6.34686 0
6.34686 1
6.34778 0
6.35371 1
6.35371 0
6.35877 1
6.35877 0
6.35877 1
6.35877 2
6.3597 1
6.36062 0
6.36562 1
6.36562 0
6.37069 1
6.37069 0
6.37069 1
6.37162 0
6.37662 1
6.37662 0
6.38168 1
6.38168 0
6.38168 1
6.38261 0
6.57754 1
6.57754 0
6.58168 1
6.58168 0
6.58261 1
6.58261 0
6.58261 1
6.58353 0
6.58761 1
6.58761 0
6.58946 1
6.58946 0
6.59452 1
6.59452 0
6.59452 1
6.59545 0
6.60137 1
6.60137 0
6.60644 1
6.60644 0
6.60644 1
6.60737 0
6.61329 1
6.61329 0
6.61836 1
6.61836 0
6.61836 1
6.61836 2
6.61928 1
6.62021 0
6.62521 1
6.62521 0
6.63028 1
6.63028 0
6.63028 1
6.6312 0
6.6362 1
6.6362 0
6.64127 1
6.64127 0
6.64127 1
6.64219 0
6.64719 1
6.64719 0
6.65226 1
6.65226 0
6.65226 1
6.65226 2
6.65318 1
6.65411 0
6.65911 1
6.65911 0
6.66003 1
6.66003 0
6.66418 1
6.66418 0
6.6701 1
6.6701 0
6.86418 1
6.86418 0
6.8701 1
6.8701 0
6.87517 1
6.87517 0
6.87517 1
6.87609 0
6.88202 1
6.88202 0
6.88708 1
6.88708 0
6.88708 1
6.88801 0
6.89393 1
6.89393 0
6.899 1
6.899 0
6.899 1
6.89993 0
6.90585 1
6.90585 0
6.91092 1
6.91092 0
6.91092 1
6.91092 2
6.91184 1
6.91277 0
6.91777 1
6.91777 0
6.92284 1
6.92284 0
6.92284 1
6.92376 0
6.92876 1
6.92876 0
6.92968 1
6.92968 0
7.12284 1
7.12284 0
7.12876 1
7.12876 0
7.13383 1
7.13383 0
7.13383 1
7.13475 0
7.14068 1
7.14068 0
7.14574 1
7.14574 0
7.14574 1
7.14667 0
7.15259 1
7.15259 0
7.15766 1
7.15766 0
7.15766 1
7.15859 0
7.16451 1
7.16451 0
7.35766 1
7.35766 0
7.36359 1
7.36359 0
7.36865 1
7.36865 0
7.36865 1
7.36958 0
7.57458 1
7.57458 0
7.57964 1
7.57964 0
7.58557 1
7.58557 0
7.77964 1
7.77964 0
7.78557 1
7.78557 0
7.79064 1
7.79064 0
7.79064 1
7.79156 0
7.79749 1
7.79749 0
8.19064 1
8.19064 0
8.19656 1
8.19656 0
8.20163 1
8.20163 0
8.20163 1
8.20255 0
8.20848 1
8.20848 0
8.21355 1
8.21355 0
8.21355 1
8.21447 0
8.2204 1
8.2204 0
8.22546 1
8.22546 0
8.22546 1
8.22639 0
8.23231 1
8.23231 0
8.23738 1
8.23738 0
8.23738 1
8.23738 2
8.2383 1
8.23923 0
8.24423 1
8.24423 0
8.2493 1
8.2493 0
8.2493 1
8.25022 0
8.25522 1
8.25522 0
8.26029 1
8.26029 0
8.26029 1
8.26121 0
8.26621 1
8.26621 0
8.27128 1
8.27128 0
8.27128 1
8.27128 2
8.2722 1
8.27313 0
8.2772 1
8.2772 0
8.27813 1
8.27813 0
8.27905 1
8.27905 0
8.28412 1
8.28412 0
8.29005 1
8.29005 0
8.29511 1
8.29511 0
8.29511 1
8.29604 0
8.30196 1
8.30196 0
8.30703 1
8.30703 0
8.30703 1
8.30796 0
8.31388 1
8.31388 0
8.31895 1
8.31895 0
8.31895 1
8.31895 2
8.31987 1
8.3208 0
8.3258 1
8.3258 0
8.33086 1
8.33086 0
8.33086 1
8.33179 0
8.33679 1
8.33679 0
8.34186 1
8.34186 0
8.34186 1
8.34278 0
8.34778 1
8.34778 0
8.35285 1
8.35285 0
8.35285 1
8.35285 2
8.35377 1
8.3547 0
8.3597 1
8.3597 0
8.36062 1
8.36062 0
8.55285 1
8.55285 0
8.55877 1
8.55877 0
8.56384 1
8.56384 0
8.56384 1
8.56476 0
8.56976 1
8.56976 0
8.57069 1
8.57069 0
8.57483 1
8.57483 0
8.57483 1
8.57576 0
8.58168 1
8.58168 0
8.58675 1
8.58675 0
8.58675 1
8.58767 0
8.5936 1
8.5936 0
8.59867 1
8.59867 0
8.59867 1
8.59867 2
8.59959 1
8.60052 0
8.60552 1
8.60552 0
8.61058 1
8.61058 0
8.61058 1
8.61151 0
8.61651 1
8.61651 0
8.62157 1
8.62157 0
8.62157 1
8.6225 0
8.6275 1
8.6275 0
8.62842 1
8.62842 0
8.82157 1
8.82157 0
9.22157 1
9.22157 0
9.2275 1
9.2275 0
9.23257 1
9.23257 0
9.23257 1
9.23349 0
9.23942 1
9.23942 0
9.24448 1
9.24448 0
9.24448 1
9.24541 0
9.25133 1
9.25133 0
9.2564 1
9.2564 0
9.2564 1
9.25732 0
9.26325 1
9.26325 0
9.26832 1
9.26832 0
9.26832 1
9.26832 2
9.26924 1
9.27017 0
9.27517 1
9.27517 0
9.28023 1
9.28023 0
9.28023 1
9.28116 0
9.28616 1
9.28616 0
9.28708 1
9.28708 0
9.48023 1
9.48023 0
9.48616 1
9.48616 0
9.49123 1
9.49123 0
9.49123 1
9.49215 0
9.49808 1
9.49808 0
9.50314 1
9.50314 0
9.50314 1
9.50407 0
9.50999 1
9.50999 0
9.51506 1
9.51506 0
9.51506 1
9.51598 0
9.52191 1
9.52191 0
9.52698 1
9.52698 0
9.52698 1
9.52698 2
9.5279 1
9.52883 0
9.53475 1
9.53475 0
9.53982 1
9.53982 0
9.54574 1
9.54574 0
9.73982 1
9.73982 0
9.74574 1
9.74574 0
9.75081 1
9.75081 0
9.75081 1
9.75173 0
9.75766 1
9.75766 0
9.76273 1
9.76273 0
9.76273 1
9.76365 0
9.76958 1
9.76958 0
9.77464 1
9.77464 0
9.77464 1
9.77557 0
9.78149 1
9.78149 0
9.78656 1
9.78656 0
9.78656 1
9.78656 2
9.78748 1
9.78841 0
9.79341 1
9.79341 0
9.79848 1
9.79848 0
9.79848 1
9.7994 0
9.8044 1
9.8044 0
9.80947 1
9.80947 0
9.80947 1
9.81039 0
9.81539 1
9.81539 0
9.82046 1
9.82046 0
9.82046 1
9.82046 2
9.82139 1
9.82231 0
9.82639 1
9.82639 0
9.82824 1
9.82824 0
9.83145 1
9.83145 0
9.83145 1
9.83238 0
9.8333 1
9.8333 0
9.8333 1
9.83423 0
9.83923 1
9.83923 0
9.84015 1
9.84015 0
9.84429 1
9.84429 0
9.85022 1
9.85022 0
