1.0 0.0
1.01013 0.0
1.0102 7e-05
1.02119 0.0
1.02212 0.00093
1.03311 0.0
1.03404 0.00093
1.03496 0.00185
1.04503 0.0
1.04595 0.00092
1.04688 0.00185
1.05602 0.0
1.05694 0.00092
1.05787 0.00185
1.05879 0.00092
1.05972 0.00185
1.06064 0.00277
1.06794 0.0
1.06886 0.00092
1.06979 0.00185
1.07071 0.0
1.07164 0.00093
1.07985 0.0
1.0817 0.0
1.08263 0.0
1.09084 0.0
1.09177 0.00093
1.09362 0.0
1.09454 0.00092
1.10276 0.0
1.10369 0.00093
1.10554 0.0
1.10646 0.00092
1.11468 0.0
1.1156 0.00092
1.11653 0.00185
1.11745 0.0
1.11838 0.00093
1.1266 0.0
1.12752 0.00092
1.13759 0.0
1.13851 0.0
1.14858 0.0
1.15957 0.0
1.1605 0.00093
1.16142 0.00185
1.17149 0.0
1.17241 0.00092
1.18248 0.0
1.1834 0.00092
1.19347 0.0
1.1944 0.00093
1.19532 0.00185
1.20446 0.0
1.20539 0.00093
1.20631 0.0
1.20724 0.00093
1.21638 0.0
1.21731 0.00093
1.21823 0.0
1.21916 0.00093
1.2283 0.0
1.22922 0.00092
1.23015 0.00185
1.23107 0.00092
1.232 0.00185
1.24021 0.0
1.24114 0.00093
1.24206 0.0
1.24299 0.00093
1.25121 0.0
1.25213 0.00092
1.25306 0.0
1.25398 0.00092
1.25491 0.00185
1.2622 0.0
1.26312 0.00092
1.26405 0.0
1.26497 0.00092
1.2659 0.0
1.26682 0.00092
1.27412 0.0
1.27504 0.00092
1.27596 0.0
1.27689 0.00093
1.27781 0.0
1.27874 0.00093
1.27966 0.00185
1.28603 0.0
1.28696 0.00093
1.28788 0.0
1.28881 0.00093
1.29066 0.0
1.29887 0.0
1.30165 0.0
1.30987 0.0
1.31079 0.00092
1.50987 0.0
1.52086 0.0
1.52178 0.00092
1.53277 0.0
1.5337 0.00093
1.73277 0.0
1.74377 0.0
1.74469 0.00092
2.14377 0.0
2.15476 0.0
2.15568 0.00092
2.16668 0.0
2.1676 0.00092
2.36668 0.0
2.37767 0.0
2.37859 0.00092
2.38958 0.0
2.39051 0.00093
2.4015 0.0
2.40243 0.00093
2.41342 0.0
2.41434 0.00092
2.41527 0.00185
2.42533 0.0
2.42626 0.00093
2.43633 0.0
2.43725 0.00092
2.44732 0.0
2.44824 0.00092
2.44917 0.00185
2.45831 0.0
2.45924 0.00093
2.46016 0.0
2.46108 0.00092
2.47023 0.0
2.47115 0.00092
2.47208 0.0
2.473 0.00092
2.48214 0.0
2.48307 0.00093
2.48399 0.00185
2.48492 0.00093
2.48584 0.00185
2.49406 0.0
2.49499 0.00093
2.49591 0.0
2.49684 0.00093
2.50505 0.0
2.50598 0.00093
2.5069 0.0
2.50783 0.00093
2.50875 0.00185
2.51604 0.0
2.51697 0.00093
2.51789 0.0
2.51882 0.00093
2.51974 0.0
2.52067 0.00093
2.52796 0.0
2.52889 0.00093
2.52981 0.0
2.53074 0.00093
2.53166 0.0
2.53259 0.00093
2.53351 0.00185
2.53988 0.0
2.5408 0.00092
2.54173 0.0
2.54265 0.00092
2.54358 0.0
2.5445 0.00092
2.55087 0.0
2.5518 0.00093
2.55272 0.0
2.55364 0.00092
2.55457 0.0
2.55549 0.00092
2.56186 0.0
2.56279 0.00093
2.56371 0.0
2.56464 0.00093
2.56556 0.00185
2.56649 0.00093
2.56741 0.00185
2.57285 0.0
2.57378 0.00093
2.5747 0.0
2.57563 0.00093
2.57655 0.0
2.57748 0.00093
2.5784 0.0
2.57933 0.00093
2.58477 0.0
2.5857 0.00093
2.58662 0.0
2.58755 0.00093
2.58847 0.0
2.5894 0.00093
2.59032 0.00185
2.59124 0.00092
2.59217 0.00185
2.59669 0.0
2.59761 0.00092
2.59854 0.0
2.59946 0.00092
2.60039 0.0
2.60131 0.00092
2.60768 0.0
2.61138 0.0
2.6123 0.0
2.61867 0.0
2.6196 0.00093
2.62237 0.0
2.6233 0.0
2.62966 0.0
2.63336 0.0
2.63429 0.00093
2.64066 0.0
2.64158 0.00092
2.64251 0.00185
2.64528 0.0
2.6462 0.00092
2.65257 0.0
2.6535 0.00093
2.65627 0.0
2.6572 0.00093
2.66356 0.0
2.66449 0.00093
2.66726 0.0
2.66819 0.00093
2.66911 0.00185
2.67456 0.0
2.67548 0.00092
2.67826 0.0
2.67918 0.00092
2.68011 0.0
2.68103 0.00092
2.68647 0.0
2.6874 0.00093
2.69017 0.0
2.6911 0.00093
2.69202 0.0
2.69295 0.00093
2.69839 0.0
2.69932 0.00093
2.70024 0.00185
2.70209 0.0
2.70301 0.00092
2.70394 0.0
2.70486 0.00092
2.71031 0.0
2.71123 0.00092
2.71308 0.0
2.71401 0.00093
2.71493 0.0
2.71586 0.00093
2.7213 0.0
2.72222 0.00092
2.72407 0.0
2.725 0.00093
2.72592 0.00185
2.72685 0.0
2.73507 0.0
2.73692 0.0
2.73784 0.0
2.74606 0.0
2.74698 0.00092
2.74883 0.0
2.74976 0.00093
2.75797 0.0
2.7589 0.00093
2.76075 0.0
2.76167 0.00092
2.76989 0.0
2.77082 0.00093
2.77174 0.00185
2.77267 0.0
2.77359 0.00092
2.78181 0.0
2.78273 0.00092
2.78366 0.0
2.78458 0.00092
2.7928 0.0
2.79372 0.00092
2.79465 0.0
2.79557 0.00092
2.7965 0.00185
2.80379 0.0
2.80472 0.00093
2.80564 0.0
2.80657 0.00093
2.80749 0.0
2.80842 0.00093
2.81571 0.0
2.81663 0.00092
2.81756 0.0
2.81848 0.00092
2.81941 0.0
2.82033 0.00092
2.82763 0.0
2.82855 0.00092
2.82948 0.00185
2.8304 0.00092
2.83132 0.00184
2.83225 0.00093
2.83317 0.00185
2.83954 0.0
2.84047 0.00093
2.84139 0.0
2.84232 0.00093
2.84324 0.0
2.84417 0.00093
2.85053 0.0
2.85146 0.00093
2.85238 0.0
2.85331 0.00093
2.85423 0.00185
2.85516 0.00093
2.85608 0.00185
2.86153 0.0
2.86245 0.00092
2.86523 0.0
2.86708 0.0
2.87344 0.0
2.87622 0.0
2.87714 0.00092
2.87807 0.0
2.88444 0.0
2.88721 0.0
2.88906 0.0
2.88998 0.00092
2.8982 0.0
2.89913 0.00093
2.90098 0.0
2.9019 0.00092
2.91012 0.0
2.91104 0.00092
2.91197 0.00185
2.91289 0.0
2.91382 0.00093
2.92204 0.0
2.92296 0.00092
2.92388 0.0
2.92481 0.00093
2.93303 0.0
2.93395 0.00092
2.93488 0.0
2.9358 0.00092
2.93673 0.00185
2.94494 0.0
2.94772 0.0
2.95594 0.0
2.95871 0.0
2.95964 0.00093
3.15871 0.0
3.1697 0.0
3.17063 0.00093
3.18162 0.0
3.18254 0.00092
3.19354 0.0
3.19446 0.00092
3.20545 0.0
3.20638 0.00093
3.2073 0.00185
3.21737 0.0
3.21829 0.00092
3.22836 0.0
3.22929 0.00093
3.24028 0.0
3.2412 0.00092
3.44028 0.0
3.45127 0.0
3.4522 0.00093
3.46319 0.0
3.46411 0.00092
3.66319 0.0
3.67418 0.0
3.6751 0.00092
3.88517 0.0
4.28517 0.0
4.29616 0.0
4.29709 0.000929999999999
4.30808 0.0
4.309 0.00092
4.32 0.0
4.32092 0.00092
4.33191 0.0
4.33284 0.00093
4.33376 0.00185
4.34383 0.0
4.34476 0.00093
4.54383 0.0
4.55482 0.0
4.55575 0.000929999999999
4.56674 0.0
4.56766 0.00092
4.76674 0.0
4.77773 0.0
4.77866 0.00093
4.78965 0.0
4.79057 0.00092
4.80156 0.0
4.80249 0.000929999999999
4.81348 0.0
4.81441 0.000929999999999
4.81533 0.00185
4.8254 0.0
4.82632 0.00092
4.83639 0.0
4.83732 0.00093
4.84738 0.0
4.84831 0.000929999999999
4.84923 0.00185
4.85837 0.0
4.8593 0.00093
4.86022 0.0
4.86115 0.00093
4.87029 0.0
4.87122 0.00093
4.88128 0.0
5.08128 0.0
5.09228 0.0
5.0932 0.000920000000001
5.10419 0.0
5.10512 0.00093
5.11611 0.0
5.11703 0.00092
5.12803 0.0
5.12895 0.00092
5.12988 0.00185
5.13994 0.0
5.14087 0.000929999999999
5.15093 0.0
5.15186 0.00093
5.16193 0.0
5.16285 0.00092
5.16378 0.00185
5.17292 0.0
5.17384 0.00092
5.17477 0.0
5.17569 0.000920000000001
5.18576 0.0
5.38576 0.0
5.39675 0.0
5.39768 0.00093
5.40867 0.0
5.40959 0.00092
5.42059 0.0
5.42151 0.00092
5.62059 0.0
5.63158 0.0
5.6325 0.000920000000001
5.64349 0.0
5.64442 0.00093
5.65541 0.0
5.65634 0.00093
5.66733 0.0
5.66825 0.00092
5.66918 0.00185
5.67924 0.0
5.68017 0.00093
5.69024 0.0
5.69116 0.00092
5.70123 0.0
5.70215 0.00092
5.70308 0.00185
5.71222 0.0
5.71315 0.000929999999999
5.71407 0.0
5.715 0.000929999999999
5.72414 0.0
5.72506 0.00092
5.72599 0.0
5.72691 0.00092
5.73605 0.0
5.73698 0.00093
5.7379 0.00185
5.73883 0.00093
5.73975 0.00185
5.74797 0.0
5.7489 0.00093
5.74982 0.0
5.75075 0.00093
5.75896 0.0
5.75989 0.00093
5.76081 0.0
5.76174 0.000929999999999
5.76266 0.00185
5.77088 0.0
5.77365 0.0
5.78187 0.0
5.78465 0.0
5.78557 0.00092
5.79564 0.0
5.79656 0.000920000000001
5.80663 0.0
5.80756 0.000929999999999
5.81762 0.0
5.81855 0.00093
5.81947 0.00185
5.82861 0.0
5.82954 0.000929999999999
5.83046 0.0
5.83139 0.000929999999999
5.84146 0.0
6.04146 0.0
6.05245 0.0
6.05337 0.00092
6.06436 0.0
6.06529 0.00093
6.07628 0.0
6.07721 0.00093
6.0882 0.0
6.08912 0.000920000000001
6.09005 0.00185
6.10012 0.0
6.10104 0.00092
6.11203 0.0
6.31203 0.0
6.32302 0.0
6.32395 0.00093
6.33494 0.0
6.33587 0.00093
6.34686 0.0
6.34778 0.00092
6.35877 0.0
6.3597 0.00093
6.36062 0.00185
6.37069 0.0
6.37162 0.00093
6.38168 0.0
6.38261 0.000929999999999
6.58168 0.0
6.58261 0.0
6.58353 0.00092
6.59452 0.0
6.59545 0.000929999999999
6.60644 0.0
6.60737 0.00093
6.61836 0.0
6.61928 0.00092
6.62021 0.00185
6.63028 0.0
6.6312 0.00092
6.64127 0.0
6.64219 0.000920000000001
6.65226 0.0
6.65318 0.00092
6.65411 0.00185
6.66418 0.0
6.86418 0.0
6.87517 0.0
6.87609 0.00092
6.88708 0.0
6.88801 0.00093
6.899 0.0
6.89993 0.00093
6.91092 0.0
6.91184 0.00092
6.91277 0.00185
6.92284 0.0
6.92376 0.00092
7.12284 0.0
7.13383 0.0
7.13475 0.000920000000001
7.14574 0.0
7.14667 0.00093
7.15766 0.0
7.15859 0.00093
7.35766 0.0
7.36865 0.0
7.36958 0.00093
7.57964 0.0
7.77964 0.0
7.79064 0.0
7.79156 0.00092
8.19064 0.0
8.20163 0.0
8.20255 0.000920000000001
8.21355 0.0
8.21447 0.000920000000001
8.22546 0.0
8.22639 0.00093
8.23738 0.0
8.2383 0.000920000000001
8.23923 0.00185
8.2493 0.0
8.25022 0.000920000000001
8.26029 0.0
8.26121 0.000920000000001
8.27128 0.0
8.2722 0.000919999999999
8.27313 0.00185
8.28412 0.0
8.29511 0.0
8.29604 0.00093
8.30703 0.0
8.30796 0.00093
8.31895 0.0
8.31987 0.000920000000001
8.3208 0.00185
8.33086 0.0
8.33179 0.00093
8.34186 0.0
8.34278 0.000919999999999
8.35285 0.0
8.35377 0.000920000000001
8.3547 0.00185
8.55285 0.0
8.56384 0.0
8.56476 0.000919999999999
8.57483 0.0
8.57576 0.00093
8.58675 0.0
8.58767 0.000919999999999
8.59867 0.0
8.59959 0.000919999999999
8.60052 0.00185
8.61058 0.0
8.61151 0.00093
8.62157 0.0
8.6225 0.00093
8.82157 0.0
9.22157 0.0
9.23257 0.0
9.23349 0.000919999999999
9.24448 0.0
9.24541 0.00093
9.2564 0.0
9.25732 0.000920000000001
9.26832 0.0
9.26924 0.000920000000001
9.27017 0.00185
9.28023 0.0
9.28116 0.00093
9.48023 0.0
9.49123 0.0
9.49215 0.000920000000001
9.50314 0.0
9.50407 0.00093
9.51506 0.0
9.51598 0.000920000000001
9.52698 0.0
9.5279 0.000920000000001
9.52883 0.00185
9.53982 0.0
9.73982 0.0
9.75081 0.0
9.75173 0.000920000000001
9.76273 0.0
9.76365 0.000920000000001
9.77464 0.0
9.77557 0.00093
9.78656 0.0
9.78748 0.000920000000001
9.78841 0.00185
9.79848 0.0
9.7994 0.000920000000001
9.80947 0.0
9.81039 0.000920000000001
9.82046 0.0
9.82139 0.000929999999999
9.82231 0.00185
9.83145 0.0
9.83238 0.00093
9.8333 0.0
9.83423 0.00093
9.84429 0.0
