1.010134 1
1.021193 537
1.033110 1609
1.045027 2681
1.056019 3753
1.057868 4825
1.067936 5897
1.070710 6433
1.071635 6433
1.078928 6433
1.079852 6433
1.080777 6433
1.081702 6433
1.082627 6433
1.090844 10721
1.093619 11793
1.102761 12865
1.105536 13937
1.114678 15009
1.117452 16081
1.126595 17153
1.128444 17153
1.129369 17153
1.137587 17153
1.138512 17153
1.148579 19833
1.159571 20905
1.171488 21977
1.182480 23049
1.193472 24121
1.204464 25193
1.206313 26265
1.216380 27337
1.218230 28409
1.228297 29481
1.230147 30553
1.240214 31625
1.242064 32697
1.251206 33769
1.253056 34841
1.262198 35913
1.264048 36985
1.265897 38057
1.274115 39129
1.275964 40201
1.277814 41273
1.286032 42345
1.287881 43417
1.290656 43953
1.297024 43953
1.297948 43953
1.298873 43953
1.299798 43953
1.301648 43953
1.309865 47705
1.320857 47705
1.321782 47705
1.520857 49313
1.532774 50385
1.544691 50385
1.743766 51457
1.755683 51457
2.154758 52529
2.166675 53601
2.377667 54137
2.377734 54137
2.389584 55209
2.401500 56281
2.413417 57353
2.425334 58425
2.436326 59497
2.447318 60569
2.458310 61641
2.460160 62713
2.470227 63785
2.472076 64857
2.482144 65929
2.483993 67001
2.494060 68073
2.495910 69145
2.505052 70217
2.506902 71289
2.516044 72361
2.517894 73433
2.519744 74505
2.527961 75577
2.529811 76649
2.531660 77721
2.539878 78793
2.541728 79865
2.543577 80937
2.550870 82009
2.552720 83081
2.554569 84153
2.561862 85225
2.563712 86297
2.565561 87369
2.572854 88441
2.574704 89513
2.576553 90585
2.578403 91657
2.584771 92729
2.586620 93801
2.588470 94873
2.590320 95945
2.596688 97017
2.598537 98089
2.600387 99161
2.602236 99161
2.603161 99161
2.607680 99161
2.608604 99161
2.609529 99161
2.611379 99161
2.612304 99161
2.618672 102377
2.622371 102377
2.623296 102377
2.629664 105057
2.633363 106129
2.640656 107201
2.645280 108273
2.652572 109345
2.656272 110417
2.663564 111489
2.667264 112561
2.674556 113633
2.678256 114705
2.680105 115777
2.686473 116849
2.690172 117921
2.692022 118993
2.698390 120065
2.702089 121137
2.703939 122209
2.710307 123281
2.713081 124353
2.714931 125425
2.721299 126497
2.724073 127569
2.726848 128105
2.732291 128105
2.733216 128105
2.735065 128105
2.735990 128105
2.736915 128105
2.737840 128105
2.746057 132393
2.748832 133465
2.757974 134537
2.760748 135609
2.769891 136681
2.772665 137753
2.781808 138825
2.783657 139897
2.792800 140969
2.794649 142041
2.803792 143113
2.805641 144185
2.807491 145257
2.815708 146329
2.817558 147401
2.819408 148473
2.827625 149545
2.829475 150617
2.831324 151689
2.839542 152761
2.841392 153833
2.843241 154905
2.850534 155977
2.852384 157049
2.854233 158121
2.861526 159193
2.863376 159193
2.864300 159193
2.865225 159193
2.866150 159193
2.867075 159193
2.873443 159193
2.876217 162409
2.878067 162409
2.884435 162409
2.887209 164553
2.889059 165625
2.898201 166697
2.900976 167769
2.910118 168841
2.912892 169913
2.922035 170985
2.923884 172057
2.933027 173129
2.934876 174201
2.944944 174737
2.945868 174737
2.946793 174737
2.947718 174737
2.955936 174737
2.958710 177953
2.969702 177953
2.970627 177953
3.169702 179561
3.181619 180633
3.193536 181705
3.205452 182777
3.217369 183849
3.228361 184921
3.240278 185457
3.251270 185457
3.252195 185457
3.451270 187601
3.463187 188673
3.674179 189209
3.674246 189209
3.885171 189745
3.896163 189745
4.296163 190817
4.308080 191889
4.319996 192961
4.331913 194033
4.343830 195105
4.354822 195105
4.355747 195105
4.554822 196713
4.566739 197785
4.578656 197785
4.777731 198857
4.789648 199929
4.801564 201001
4.813481 202073
4.825398 203145
4.836390 204217
4.847382 205289
4.858374 206361
4.860224 207433
4.870291 208505
4.881283 209041
4.882208 209041
4.892275 209041
5.092275 211185
5.104192 212257
5.116108 213329
5.128025 214401
5.139942 215473
5.150934 216545
5.161926 217617
5.172918 218689
5.174768 219761
5.185760 220297
5.186684 220297
5.196752 220297
5.396752 222441
5.408668 223513
5.420585 224585
5.432502 224585
5.631577 225657
5.643494 226729
5.655411 227801
5.667328 228873
5.679244 229945
5.690236 231017
5.701228 232089
5.712220 233161
5.714070 234233
5.724137 235305
5.725987 236377
5.736054 237449
5.737904 238521
5.747971 239593
5.749820 240665
5.758963 241737
5.760812 242809
5.770880 243345
5.771804 243345
5.772729 243345
5.773654 243345
5.781872 243345
5.784646 246561
5.795638 247633
5.806630 248705
5.817622 249777
5.828614 250849
5.830464 251921
5.841456 252457
5.842380 252457
5.852448 252457
6.052448 254601
6.064364 255673
6.076281 256745
6.088198 257817
6.100115 258889
6.112032 259425
6.123024 259425
6.323024 261033
6.334940 262105
6.346857 263177
6.358774 264249
6.370691 265321
6.381683 266393
6.582608 266929
6.592675 266929
6.594524 268001
6.606441 269073
6.618358 270145
6.630275 271217
6.641267 272289
6.652259 273361
6.664176 273897
6.665100 273897
6.675168 273897
6.875168 276041
6.887084 277113
6.899001 278185
6.910918 279257
6.922835 280329
6.933827 280329
6.934752 280329
7.133827 281937
7.145744 283009
7.157660 284081
7.169577 284081
7.368652 285153
7.579644 285689
7.590636 285689
7.790636 286761
7.802553 286761
8.201628 287833
8.213545 288905
8.225462 289977
8.237379 291049
8.249296 292121
8.260288 293193
8.271280 294265
8.282272 294265
8.283196 294265
8.284121 294265
8.295113 296409
8.307030 297481
8.318947 298553
8.330864 299625
8.341856 300697
8.352848 301769
8.364764 301769
8.365689 301769
8.563840 302305
8.574832 303913
8.575756 303913
8.586748 304985
8.598665 306057
8.610582 307129
8.621574 308201
8.632566 308201
8.633491 308201
9.232566 309809
9.244483 310881
9.256400 311953
9.268316 313025
9.280233 314097
9.291225 314097
9.292150 314097
9.491225 315705
9.503142 316777
9.515059 317849
9.526976 318921
9.539817 319457
9.550809 319457
9.750809 321065
9.762726 322137
9.774643 323209
9.786560 324281
9.798476 325353
9.809468 326425
9.820460 327497
9.831452 328569
9.833302 329641
9.844294 330177
9.845219 330177
9.855286 330177
