1.000000 0
1.010134 0
1.010201 1
1.021193 537
1.022118 1073
1.033110 1609
1.034035 2145
1.034960 2681
1.045027 3217
1.045952 3753
1.046876 4289
1.056019 4825
1.056944 5361
1.057868 5897
1.058793 6433
1.059718 6969
1.060643 7505
1.067936 8041
1.068860 8577
1.069785 9113
1.070710 9649
1.071635 10185
1.079852 6433
1.081702 10721
1.082627 11257
1.090844 11793
1.091769 12329
1.093619 12865
1.094544 13401
1.102761 13937
1.103686 14473
1.105536 15009
1.106460 15545
1.114678 16081
1.115603 16617
1.116528 17153
1.117452 17689
1.118377 18225
1.126595 18761
1.127520 19297
1.137587 17153
1.138512 19833
1.148579 20369
1.159571 20905
1.160496 21441
1.161420 21977
1.171488 22513
1.172412 23049
1.182480 23585
1.183404 24121
1.193472 24657
1.194396 25193
1.195321 25729
1.204464 26265
1.205388 26801
1.206313 27337
1.207238 27873
1.216380 28409
1.217305 28945
1.218230 29481
1.219155 30017
1.228297 30553
1.229222 31089
1.230147 31625
1.231072 32161
1.231996 32697
1.240214 33233
1.241139 33769
1.242064 34305
1.242988 34841
1.251206 35377
1.252131 35913
1.253056 36449
1.253980 36985
1.254905 37521
1.262198 38057
1.263123 38593
1.264048 39129
1.264972 39665
1.265897 40201
1.266822 40737
1.274115 41273
1.275040 41809
1.275964 42345
1.276889 42881
1.277814 43417
1.278739 43953
1.279664 44489
1.286032 45025
1.286956 45561
1.287881 46097
1.288806 46633
1.290656 47169
1.298873 43953
1.301648 47705
1.309865 48241
1.310790 48777
1.509865 47705
1.520857 49313
1.521782 49849
1.532774 50385
1.533699 50921
1.732774 50385
1.743766 51457
1.744691 51993
2.143766 51457
2.154758 52529
2.155683 53065
2.166675 53601
2.167600 54137
2.366675 53601
2.377667 54137
2.378592 54673
2.389584 55209
2.390508 55745
2.401500 56281
2.402425 56817
2.413417 57353
2.414342 57889
2.415267 58425
2.425334 58961
2.426259 59497
2.436326 60033
2.437251 60569
2.447318 61105
2.448243 61641
2.449168 62177
2.458310 62713
2.459235 63249
2.460160 63785
2.461084 64321
2.470227 64857
2.471152 65393
2.472076 65929
2.473001 66465
2.482144 67001
2.483068 67537
2.483993 68073
2.484918 68609
2.485843 69145
2.494060 69681
2.494985 70217
2.495910 70753
2.496835 71289
2.505052 71825
2.505977 72361
2.506902 72897
2.507827 73433
2.508752 73969
2.516044 74505
2.516969 75041
2.517894 75577
2.518819 76113
2.519744 76649
2.520668 77185
2.527961 77721
2.528886 78257
2.529811 78793
2.530736 79329
2.531660 79865
2.532585 80401
2.533510 80937
2.539878 81473
2.540803 82009
2.541728 82545
2.542652 83081
2.543577 83617
2.544502 84153
2.550870 84689
2.551795 85225
2.552720 85761
2.553644 86297
2.554569 86833
2.555494 87369
2.561862 87905
2.562787 88441
2.563712 88977
2.564636 89513
2.565561 90049
2.566486 90585
2.567411 91121
2.572854 91657
2.573779 92193
2.574704 92729
2.575628 93265
2.576553 93801
2.577478 94337
2.578403 94873
2.579328 95409
2.584771 95945
2.585696 96481
2.586620 97017
2.587545 97553
2.588470 98089
2.589395 98625
2.590320 99161
2.591244 99697
2.592169 100233
2.596688 100769
2.597612 101305
2.598537 101841
2.599462 102377
2.600387 102913
2.601312 103449
2.607680 99161
2.611379 103985
2.612304 104521
2.618672 102377
2.619596 105057
2.622371 105593
2.623296 106129
2.629664 106665
2.633363 107201
2.634288 107737
2.640656 108273
2.641580 108809
2.642505 109345
2.645280 109881
2.646204 110417
2.652572 110953
2.653497 111489
2.656272 112025
2.657196 112561
2.663564 113097
2.664489 113633
2.667264 114169
2.668188 114705
2.669113 115241
2.674556 115777
2.675481 116313
2.678256 116849
2.679180 117385
2.680105 117921
2.681030 118457
2.686473 118993
2.687398 119529
2.690172 120065
2.691097 120601
2.692022 121137
2.692947 121673
2.698390 122209
2.699315 122745
2.700240 123281
2.702089 123817
2.703014 124353
2.703939 124889
2.704864 125425
2.710307 125961
2.711232 126497
2.713081 127033
2.714006 127569
2.714931 128105
2.715856 128641
2.721299 129177
2.722224 129713
2.724073 130249
2.724998 130785
2.725923 131321
2.726848 131857
2.735065 128105
2.736915 132393
2.737840 132929
2.746057 133465
2.746982 134001
2.748832 134537
2.749756 135073
2.757974 135609
2.758899 136145
2.760748 136681
2.761673 137217
2.769891 137753
2.770816 138289
2.771740 138825
2.772665 139361
2.773590 139897
2.781808 140433
2.782732 140969
2.783657 141505
2.784582 142041
2.792800 142577
2.793724 143113
2.794649 143649
2.795574 144185
2.796499 144721
2.803792 145257
2.804716 145793
2.805641 146329
2.806566 146865
2.807491 147401
2.808416 147937
2.815708 148473
2.816633 149009
2.817558 149545
2.818483 150081
2.819408 150617
2.820332 151153
2.827625 151689
2.828550 152225
2.829475 152761
2.830400 153297
2.831324 153833
2.832249 154369
2.833174 154905
2.839542 155441
2.840467 155977
2.841392 156513
2.842316 157049
2.843241 157585
2.844166 158121
2.850534 158657
2.851459 159193
2.852384 159729
2.853308 160265
2.854233 160801
2.855158 161337
2.856083 161873
2.861526 162409
2.862451 162945
2.865225 159193
2.867075 163481
2.873443 164017
2.876217 162409
2.877142 164553
2.878067 165089
2.884435 165625
2.887209 166161
2.889059 166697
2.889984 167233
2.898201 167769
2.899126 168305
2.900976 168841
2.901900 169377
2.910118 169913
2.911043 170449
2.911968 170985
2.912892 171521
2.913817 172057
2.922035 172593
2.922960 173129
2.923884 173665
2.924809 174201
2.933027 174737
2.933952 175273
2.934876 175809
2.935801 176345
2.936726 176881
2.944944 177417
2.947718 174737
2.955936 177953
2.958710 178489
2.959635 179025
3.158710 177953
3.169702 179561
3.170627 180097
3.181619 180633
3.182544 181169
3.193536 181705
3.194460 182241
3.205452 182777
3.206377 183313
3.207302 183849
3.217369 184385
3.218294 184921
3.228361 185457
3.229286 185993
3.240278 186529
3.241203 187065
3.440278 185457
3.451270 187601
3.452195 188137
3.463187 188673
3.464112 189209
3.663187 188673
3.674179 189209
3.675104 189745
3.885171 190281
4.285171 189745
4.296163 190817
4.297088 191353
4.308080 191889
4.309004 192425
4.319996 192961
4.320921 193497
4.331913 194033
4.332838 194569
4.333763 195105
4.343830 195641
4.344755 196177
4.543830 195105
4.554822 196713
4.555747 197249
4.566739 197785
4.567664 198321
4.766739 197785
4.777731 198857
4.778656 199393
4.789648 199929
4.790572 200465
4.801564 201001
4.802489 201537
4.813481 202073
4.814406 202609
4.815331 203145
4.825398 203681
4.826323 204217
4.836390 204753
4.837315 205289
4.847382 205825
4.848307 206361
4.849232 206897
4.858374 207433
4.859299 207969
4.860224 208505
4.861148 209041
4.870291 209577
4.871216 210113
4.881283 210649
5.081283 209041
5.092275 211185
5.093200 211721
5.104192 212257
5.105116 212793
5.116108 213329
5.117033 213865
5.128025 214401
5.128950 214937
5.129875 215473
5.139942 216009
5.140867 216545
5.150934 217081
5.151859 217617
5.161926 218153
5.162851 218689
5.163776 219225
5.172918 219761
5.173843 220297
5.174768 220833
5.175692 221369
5.185760 221905
5.385760 220297
5.396752 222441
5.397676 222977
5.408668 223513
5.409593 224049
5.420585 224585
5.421510 225121
5.620585 224585
5.631577 225657
5.632502 226193
5.643494 226729
5.644419 227265
5.655411 227801
5.656336 228337
5.667328 228873
5.668252 229409
5.669177 229945
5.679244 230481
5.680169 231017
5.690236 231553
5.691161 232089
5.701228 232625
5.702153 233161
5.703078 233697
5.712220 234233
5.713145 234769
5.714070 235305
5.714995 235841
5.724137 236377
5.725062 236913
5.725987 237449
5.726912 237985
5.736054 238521
5.736979 239057
5.737904 239593
5.738828 240129
5.739753 240665
5.747971 241201
5.748896 241737
5.749820 242273
5.750745 242809
5.758963 243345
5.759888 243881
5.760812 244417
5.761737 244953
5.762662 245489
5.770880 246025
5.773654 243345
5.781872 246561
5.784646 247097
5.785571 247633
5.795638 248169
5.796563 248705
5.806630 249241
5.807555 249777
5.817622 250313
5.818547 250849
5.819472 251385
5.828614 251921
5.829539 252457
5.830464 252993
5.831388 253529
5.841456 254065
6.041456 252457
6.052448 254601
6.053372 255137
6.064364 255673
6.065289 256209
6.076281 256745
6.077206 257281
6.088198 257817
6.089123 258353
6.090048 258889
6.100115 259425
6.101040 259961
6.112032 260497
6.312032 259425
6.323024 261033
6.323948 261569
6.334940 262105
6.335865 262641
6.346857 263177
6.347782 263713
6.358774 264249
6.359699 264785
6.360624 265321
6.370691 265857
6.371616 266393
6.381683 266929
6.382608 267465
6.581683 266393
6.582608 266929
6.583532 267465
6.594524 268001
6.595449 268537
6.606441 269073
6.607366 269609
6.618358 270145
6.619283 270681
6.620208 271217
6.630275 271753
6.631200 272289
6.641267 272825
6.642192 273361
6.652259 273897
6.653184 274433
6.654108 274969
6.664176 275505
6.864176 273897
6.875168 276041
6.876092 276577
6.887084 277113
6.888009 277649
6.899001 278185
6.899926 278721
6.910918 279257
6.911843 279793
6.912768 280329
6.922835 280865
6.923760 281401
7.122835 280329
7.133827 281937
7.134752 282473
7.145744 283009
7.146668 283545
7.157660 284081
7.158585 284617
7.357660 284081
7.368652 285153
7.369577 285689
7.579644 286225
7.779644 285689
7.790636 286761
7.791561 287297
8.190636 286761
8.201628 287833
8.202553 288369
8.213545 288905
8.214470 289441
8.225462 289977
8.226387 290513
8.237379 291049
8.238304 291585
8.239228 292121
8.249296 292657
8.250220 293193
8.260288 293729
8.261212 294265
8.271280 294801
8.272204 295337
8.273129 295873
8.284121 294265
8.295113 296409
8.296038 296945
8.307030 297481
8.307955 298017
8.318947 298553
8.319872 299089
8.320796 299625
8.330864 300161
8.331788 300697
8.341856 301233
8.342780 301769
8.352848 302305
8.353772 302841
8.354697 303377
8.552848 301769
8.563840 302305
8.564764 302841
8.574832 303913
8.575756 304449
8.586748 304985
8.587673 305521
8.598665 306057
8.599590 306593
8.600515 307129
8.610582 307665
8.611507 308201
8.621574 308737
8.622499 309273
8.821574 308201
9.221574 308201
9.232566 309809
9.233491 310345
9.244483 310881
9.245408 311417
9.256400 311953
9.257324 312489
9.268316 313025
9.269241 313561
9.270166 314097
9.280233 314633
9.281158 315169
9.480233 314097
9.491225 315705
9.492150 316241
9.503142 316777
9.504067 317313
9.515059 317849
9.515984 318385
9.526976 318921
9.527900 319457
9.528825 319993
9.539817 320529
9.739817 319457
9.750809 321065
9.751734 321601
9.762726 322137
9.763651 322673
9.774643 323209
9.775568 323745
9.786560 324281
9.787484 324817
9.788409 325353
9.798476 325889
9.799401 326425
9.809468 326961
9.810393 327497
9.820460 328033
9.821385 328569
9.822310 329105
9.831452 329641
9.832377 330177
9.833302 330713
9.834227 331249
9.844294 331785
