1.010134 1
1.021193 537
1.033110 1609
1.045027 2681
1.056019 3753
1.057868 4825
1.067936 5897
1.069785 6969
1.071635 8041
1.079852 9113
1.081702 10185
1.083552 11257
1.085401 12329
1.090844 13401
1.092694 14473
1.094544 15545
1.096393 16617
1.098243 17689
1.100092 18761
1.101942 19833
1.103792 20905
1.105641 21977
1.107491 23049
1.109340 24121
1.111190 25193
1.113040 26265
1.114889 27337
1.116739 28409
1.118588 29481
1.120438 30553
1.122288 31625
1.124137 32697
1.125987 33233
1.126912 33233
1.127836 33233
1.128761 33233
1.129686 33233
1.130611 33233
1.131536 33233
1.132460 33233
1.133385 33233
1.134310 33233
1.135235 33233
1.136160 33233
1.137084 33233
1.138009 33233
1.138934 33233
1.139859 33233
1.140784 33233
1.141708 33233
1.142633 33233
1.143558 33233
1.144483 33233
1.145408 33233
1.146332 34841
1.153625 34841
1.154550 34841
1.155475 34841
1.156400 34841
1.166467 36449
1.377459 38057
1.388451 39665
1.389376 39665
1.399443 41273
1.400368 41273
1.401292 41273
1.410435 42881
1.411360 42881
1.412284 42881
1.413209 44489
1.421427 44489
1.422352 44489
1.423276 46097
1.424201 46097
1.425126 46097
1.426051 47705
1.426976 47705
1.427900 47705
1.434268 49313
1.435193 49313
1.436118 49313
1.437043 53065
1.437968 53065
1.438892 53065
1.439817 53065
1.440742 53065
1.445260 53065
1.446185 53065
1.448035 54137
1.449884 55209
1.451734 56281
1.453584 57353
1.455433 58425
1.456358 58425
1.464576 59497
1.466425 60569
1.475568 61641
1.477417 62713
1.479267 63785
1.487484 64857
1.489334 65929
1.491184 67001
1.499401 68073
1.501251 69145
1.503100 70217
1.510393 71289
1.512243 72361
1.514092 73433
1.521385 74505
1.523235 75577
1.525084 76649
1.532377 77721
1.534227 78793
1.536076 79865
1.537926 80937
1.544294 82009
1.546144 83081
1.547993 84153
1.549843 85225
1.556211 86297
1.558060 87369
1.559910 88441
1.561760 89513
1.567203 90585
1.569052 91657
1.570902 92729
1.572752 93801
1.578195 94873
1.580044 95945
1.581894 97017
1.583744 98089
1.585593 99161
1.590112 100233
1.591961 101305
1.593811 102377
1.595660 103449
1.597510 104521
1.602028 105593
1.603878 106665
1.605728 107737
1.607577 108809
1.609427 109881
1.613020 110953
1.614870 112025
1.616720 113097
1.618569 114169
1.620419 115241
1.624012 116313
1.625862 117385
1.627712 118457
1.629561 119529
1.631411 120601
1.635004 121673
1.636854 122745
1.638704 123817
1.640553 124889
1.642403 125961
1.644252 127033
1.646921 128105
1.648771 129177
1.650620 130249
1.652470 131321
1.654320 132393
1.656169 133465
1.658838 134537
1.660688 135609
1.662537 136681
1.664387 137753
1.666236 138825
1.668086 139897
1.669936 140969
1.671785 142041
1.673635 143113
1.675484 144185
1.677334 145257
1.679184 146329
1.681033 147401
1.682883 148473
1.684732 149545
1.686582 150617
1.688432 151689
1.690281 152761
1.692131 153833
1.693980 154905
1.695830 155977
1.697680 157049
1.699529 158121
1.701379 159193
1.703228 160265
1.705078 161337
1.706928 162409
1.708777 163481
1.710627 164553
1.712476 165625
1.714326 166697
1.716176 167769
1.718025 168841
1.719875 169913
1.721724 170985
1.723574 172057
1.725424 173129
1.727273 174201
1.729123 175273
1.730972 176345
1.732822 177417
1.734672 178489
1.736521 179561
1.738371 180633
1.740220 181705
1.742070 182777
1.743920 183849
1.745769 184921
1.747619 185993
1.749468 187065
1.751318 188137
1.753168 189209
1.755017 190281
1.756867 191353
1.758716 192425
1.760566 193497
1.762416 194569
1.764265 195641
1.766115 196713
1.767964 197785
1.769814 198857
1.771664 199929
1.773513 201001
1.775363 202073
1.777212 203145
1.779062 204217
1.780912 205289
1.782761 206361
1.784611 207433
1.786460 208505
1.788310 209577
1.790160 210649
1.792009 211721
1.793859 212793
1.795708 213865
1.797558 214937
1.799408 216009
1.801257 217081
1.803107 218153
1.804956 219225
1.806806 220297
1.808656 221369
1.810505 222441
1.812355 223513
1.814204 224585
1.816054 225657
1.817904 226729
1.819753 227801
1.821603 228873
1.823452 229945
1.825302 231017
1.827152 232089
1.829001 233161
1.830851 234233
1.832700 235305
1.834550 236377
1.836400 237449
1.838249 238521
1.840099 239593
1.841948 240665
1.843798 241737
1.845648 242809
1.847497 243881
1.849347 244953
1.851196 246025
1.853046 247097
1.854896 248169
1.856745 249241
1.858595 250313
1.860444 251385
1.862294 252457
1.864144 253529
1.865993 254601
1.867843 255673
1.869692 256745
1.871542 257817
1.873392 258889
1.875241 259961
1.877091 261033
1.878940 262105
1.880790 263177
1.882640 264249
1.884489 265321
1.886339 266393
1.888188 267465
1.890038 268537
1.891888 269609
1.893737 270681
1.895587 271753
1.897436 272825
1.899286 273897
1.901136 274969
1.902985 276041
1.904835 277113
1.906684 278185
1.908534 279257
1.910384 280329
1.912233 281401
1.914083 282473
1.915932 283545
1.917782 284617
1.919632 285689
1.921481 286761
1.923331 287833
1.925180 288905
1.927030 289977
1.928880 291049
1.930729 292121
1.932579 293193
1.934428 294265
1.936278 295337
1.938128 296409
1.939977 297481
1.941827 298553
1.943676 299625
1.945526 300697
1.947376 301769
1.949225 302841
1.951075 303913
1.952924 304985
1.954774 306057
1.956624 307129
1.958473 308201
1.960323 309273
1.962172 310345
1.964022 311417
1.965872 312489
1.967721 313561
1.969571 314097
1.970496 314097
1.971420 314097
1.972345 314097
1.973270 314097
1.974195 314097
1.975120 314097
1.976044 314097
1.976969 314097
1.977894 314097
1.978819 314097
1.979744 314097
1.980668 314097
1.981593 314097
1.982518 314097
1.983443 314097
1.984368 314097
1.985292 314097
1.986217 314097
1.987142 314097
1.988067 314097
1.988992 325889
1.992585 326961
1.994435 328033
1.996284 329105
1.998134 330177
1.999984 331249
2.003577 332321
2.005427 333393
2.007276 334465
2.009126 335537
2.010976 336609
2.014569 337681
2.016419 338753
2.018268 339825
2.020118 340897
2.021968 341969
2.025561 343041
2.027411 344113
2.029260 345185
2.031110 346257
2.032960 347329
2.034809 348401
2.037478 349473
2.039328 350545
2.041177 351617
2.043027 352689
2.044876 353761
2.046726 354833
2.049395 355905
2.051244 356977
2.053094 358049
2.054944 359121
2.056793 360193
2.058643 361265
2.060492 362337
2.062342 363409
2.064192 364481
2.066041 365553
2.067891 366625
2.069740 367697
2.071590 368769
2.073440 369841
2.075289 370913
2.077139 371985
2.078988 373057
2.080838 374129
2.082688 375201
2.084537 376273
2.086387 377345
2.088236 378417
2.090086 379489
2.091936 380561
2.093785 381633
2.095635 382705
2.097484 383777
2.099334 384849
2.101184 385921
2.103033 386993
2.104883 388065
2.106732 389137
2.108582 390209
2.110432 391281
2.112281 392353
2.114131 393425
2.115980 394497
2.117830 395569
2.119680 396641
2.121529 397713
2.123379 398785
2.125228 399857
2.127078 400929
2.128928 402001
2.130777 403073
2.132627 404145
2.134476 405217
2.136326 406289
2.138176 407361
2.140025 408433
2.141875 409505
2.143724 410577
2.145574 411649
2.147424 412721
2.149273 413793
2.151123 414865
2.152972 415937
2.154822 417009
2.156672 418081
2.158521 419153
2.160371 420225
2.162220 421297
2.164070 422369
2.165920 423441
2.167769 424513
2.169619 425585
2.171468 426657
2.173318 427729
2.175168 428801
2.177017 429873
2.178867 430945
2.180716 432017
2.182566 433089
2.184416 434161
2.186265 435233
2.188115 436305
2.189964 437377
2.191814 438449
2.193664 439521
2.195513 440593
2.197363 441665
2.199212 442737
2.201062 443809
2.202912 444881
2.204761 445953
2.206611 447025
2.208460 448097
2.210310 449169
2.212160 450241
2.214009 451313
2.215859 452385
2.217708 453457
2.219558 454529
2.221408 455601
2.223257 456673
2.225107 457745
2.226956 458817
2.228806 459889
2.230656 460961
2.232505 462033
2.234355 463105
2.236204 464177
2.238054 465249
2.239904 466321
2.241753 467393
2.243603 468465
2.245452 469537
2.247302 470609
2.249152 471681
2.251001 472753
2.252851 473825
2.254700 474897
2.256550 475969
2.258400 477041
2.260249 478113
2.262099 479185
2.263948 480257
2.265798 481329
2.267648 482401
2.269497 483473
2.271347 484545
2.273196 485617
2.275046 486689
2.276896 487761
2.278745 488833
2.280595 489905
2.282444 490977
2.284294 492049
2.286144 493121
2.287993 494193
2.289843 495265
2.291692 496337
2.293542 497409
2.295392 498481
2.297241 499553
2.299091 500625
2.300940 501697
2.302790 502769
2.304640 503841
2.306489 504913
2.308339 505985
2.310188 507057
2.312038 508129
2.313888 509201
2.315737 510273
2.317587 511345
2.319436 512417
2.321286 513489
2.323136 514561
2.324985 515633
2.326835 516705
2.328684 517777
2.330534 518849
2.332384 519921
2.334233 520993
2.336083 522065
2.337932 523137
2.339782 524209
2.341632 525281
2.343481 526353
2.345331 527425
2.347180 528497
2.349030 529569
2.350880 530641
2.352729 531713
2.354579 532785
2.356428 533857
2.358278 534393
2.359203 534393
2.360128 534393
2.361052 534393
2.361977 534393
2.362902 534393
2.363827 534393
2.364752 534393
2.365676 534393
2.366601 534393
2.367526 534393
2.368451 534393
2.369376 534393
2.370300 534393
2.371225 534393
2.372150 534393
2.373075 534393
2.374000 534393
2.374924 534393
2.375849 534393
2.376774 534393
2.377699 546185
2.381292 547257
2.383142 548329
2.384992 549401
2.386841 550473
2.388691 551545
2.392284 552617
2.394134 553689
2.395984 554761
2.397833 555833
2.399683 556905
2.403276 557977
2.405126 559049
2.406976 560121
2.408825 561193
2.410675 562265
2.414268 563337
2.416118 564409
2.417968 565481
2.419817 566553
2.421667 567625
2.423516 568697
2.426185 569769
2.428035 570841
2.429884 571913
2.431734 572985
2.433584 574057
2.435433 575129
2.438102 576201
2.439952 577273
2.441801 578345
2.443651 579417
2.445500 580489
2.447350 581561
2.449200 582633
2.451049 583705
2.452899 584777
2.454748 585849
2.456598 586921
2.458448 587993
2.460297 589065
2.462147 590137
2.463996 591209
2.465846 592281
2.467696 593353
2.469545 594425
2.471395 595497
2.473244 596569
2.475094 597641
2.476944 598713
2.478793 599785
2.480643 600857
2.482492 601929
2.484342 603001
2.486192 604073
2.488041 605145
2.489891 606217
2.491740 607289
2.493590 608361
2.495440 609433
2.497289 610505
2.499139 611577
2.500988 612649
2.502838 613721
2.504688 614793
2.506537 615865
2.508387 616937
2.510236 618009
2.512086 619081
2.513936 620153
2.515785 621225
2.517635 622297
2.519484 623369
2.521334 624441
2.523184 625513
2.525033 626585
2.526883 627657
2.528732 628729
2.530582 629801
2.532432 630873
2.534281 631945
2.536131 633017
2.537980 634089
2.539830 635161
2.541680 636233
2.543529 637305
2.545379 638377
2.547228 639449
2.549078 640521
2.550928 641593
2.552777 642665
2.554627 643737
2.556476 644809
2.558326 645881
2.560176 646953
2.562025 648025
2.563875 649097
2.565724 650169
2.567574 651241
2.569424 652313
2.571273 653385
2.573123 654457
2.574972 655529
2.576822 656601
2.578672 657673
2.580521 658745
2.582371 659817
2.584220 660889
2.586070 661961
2.587920 663033
2.589769 664105
2.591619 665177
2.593468 666249
2.595318 667321
2.597168 668393
2.599017 669465
2.600867 670537
2.602716 671609
2.604566 672681
2.606416 673753
2.608265 674825
2.610115 675897
2.611964 676969
2.613814 678041
2.615664 679113
2.617513 680185
2.619363 681257
2.621212 682329
2.623062 683401
2.624912 684473
2.626761 685545
2.628611 686617
2.630460 687689
2.632310 688761
2.634160 689833
2.636009 690905
2.637859 691977
2.639708 693049
2.641558 694121
2.643408 695193
2.645257 696265
2.647107 697337
2.648956 698409
2.650806 699481
2.652656 700553
2.654505 701625
2.656355 702697
2.658204 703769
2.660054 704841
2.661904 705913
2.663753 706985
2.665603 708057
2.667452 709129
2.669302 710201
2.671152 711273
2.673001 712345
2.674851 713417
2.676700 714489
2.678550 715561
2.680400 716633
2.682249 717705
2.684099 718777
2.685948 719849
2.687798 720921
2.689648 721993
2.691497 723065
2.693347 724137
2.695196 725209
2.697046 726281
2.698896 727353
2.700745 728425
2.702595 729497
2.704444 730569
2.706294 731641
2.708144 732713
2.709993 733785
2.711843 734857
2.713692 735929
2.715542 737001
2.717392 738073
2.719241 739145
2.721091 740217
2.722940 741289
2.724790 742361
2.726640 743433
2.728489 744505
2.730339 745577
2.732188 746649
2.734038 747721
2.735888 748793
2.737737 749865
2.739587 750937
2.741436 752009
2.743286 753081
2.745136 754153
2.746985 754689
2.747910 754689
2.748835 754689
2.749760 754689
2.750684 754689
2.751609 754689
2.752534 754689
2.753459 754689
2.754384 754689
2.755308 754689
2.756233 754689
2.757158 754689
2.758083 754689
2.759008 754689
2.759932 754689
2.760857 754689
2.761782 754689
2.762707 754689
2.763632 754689
2.764556 754689
2.765481 754689
2.766406 766481
2.770000 767553
2.771849 768625
2.773699 769697
2.775548 770769
2.777398 771841
2.780992 772913
2.782841 773985
2.784691 775057
2.786540 776129
2.788390 777201
2.791984 778273
2.793833 779345
2.795683 780417
2.797532 781489
2.799382 782561
2.802976 783633
2.804825 784705
2.806675 785777
2.808524 786849
2.810374 787921
2.812224 788993
2.814892 790065
2.816742 791137
2.818592 792209
2.820441 793281
2.822291 794353
2.824140 795425
2.826809 796497
2.828659 797569
2.830508 798641
2.832358 799713
2.834208 800785
2.836057 801857
2.837907 802929
2.839756 804001
2.841606 805073
2.843456 806145
2.845305 807217
2.847155 808289
2.849004 809361
2.850854 810433
2.852704 811505
2.854553 812577
2.856403 813649
2.858252 814721
2.860102 815793
2.861952 816865
2.863801 817937
2.865651 819009
2.867500 820081
2.869350 821153
2.871200 822225
2.873049 823297
2.874899 824369
2.876748 825441
2.878598 826513
2.880448 827585
2.882297 828657
2.884147 829729
2.885996 830801
2.887846 831873
2.889696 832945
2.891545 834017
2.893395 835089
2.895244 836161
2.897094 837233
2.898944 838305
2.900793 839377
2.902643 840449
2.904492 841521
2.906342 842593
2.908192 843665
2.910041 844737
2.911891 845809
2.913740 846881
2.915590 847953
2.917440 849025
2.919289 850097
2.921139 851169
2.922988 852241
2.924838 853313
2.926688 854385
2.928537 855457
2.930387 856529
2.932236 857601
2.934086 858673
2.935936 859745
2.937785 860817
2.939635 861889
2.941484 862961
2.943334 864033
2.945184 865105
2.947033 866177
2.948883 867249
2.950732 868321
2.952582 869393
2.954432 870465
2.956281 871537
2.958131 872609
2.959980 873681
2.961830 874753
2.963680 875825
2.965529 876897
2.967379 877969
2.969228 879041
2.971078 880113
2.972928 881185
2.974777 882257
2.976627 883329
2.978476 884401
2.980326 885473
2.982176 886545
2.984025 887617
2.985875 888689
2.987724 889761
2.989574 890833
2.991424 891905
2.993273 892977
2.995123 894049
2.996972 895121
2.998822 896193
3.000672 897265
3.002521 898337
3.004371 899409
3.006220 900481
3.008070 901553
3.009920 902625
3.011769 903697
3.013619 904769
3.015468 905841
3.017318 906913
3.019168 907985
3.021017 909057
3.022867 910129
3.024716 911201
3.026566 912273
3.028416 913345
3.030265 914417
3.032115 915489
3.033964 916561
3.035814 917633
3.037664 918705
3.039513 919777
3.041363 920849
3.043212 921921
3.045062 922993
3.046912 924065
3.048761 925137
3.050611 926209
3.052460 927281
3.054310 928353
3.056160 929425
3.058009 930497
3.059859 931569
3.061708 932641
3.063558 933713
3.065408 934785
3.067257 935857
3.069107 936929
3.070956 938001
3.072806 939073
3.074656 940145
3.076505 941217
3.078355 942289
3.080204 943361
3.082054 944433
3.083904 945505
3.085753 946577
3.087603 947649
3.089452 948721
3.091302 949793
3.093152 950865
3.095001 951937
3.096851 953009
3.098700 954081
3.100550 955153
3.102400 956225
3.104249 957297
3.106099 958369
3.107948 959441
3.109798 960513
3.111648 961585
3.113497 962657
3.115347 963729
3.117196 964801
3.119046 965873
3.120896 966945
3.122745 968017
3.124595 969089
3.126444 970161
3.128294 971233
3.130144 972305
3.131993 973377
3.133843 974449
3.135692 974985
3.136617 974985
3.137542 974985
3.138467 974985
3.139392 974985
3.140316 974985
3.141241 974985
3.142166 974985
3.143091 974985
3.144016 974985
3.144940 974985
3.145865 974985
3.146790 974985
3.147715 974985
3.148640 974985
3.149564 974985
3.150489 974985
3.151414 974985
3.152339 974985
3.153264 974985
3.154188 974985
3.155113 986777
3.158707 987849
3.160556 988921
3.162406 989993
3.164256 991065
3.166105 992137
3.169699 993209
3.171548 994281
3.173398 995353
3.175248 996425
3.177097 997497
3.180691 998569
3.182540 999641
3.184390 1000713
3.186240 1001785
3.188089 1002857
3.191683 1003929
3.193532 1005001
3.195382 1006073
3.197232 1007145
3.199081 1008217
3.200931 1009289
3.203600 1010361
3.205449 1011433
3.207299 1012505
3.209148 1013577
3.210998 1014649
3.212848 1015721
3.215516 1016793
3.217366 1017865
3.219216 1018937
3.221065 1020009
3.222915 1021081
3.224764 1022153
3.226614 1023225
3.228464 1024297
3.230313 1025369
3.232163 1026441
3.234012 1027513
3.235862 1028585
3.237712 1029657
3.239561 1030729
3.241411 1031801
3.243260 1032873
3.245110 1033945
3.246960 1035017
3.248809 1036089
3.250659 1037161
3.252508 1038233
3.254358 1039305
3.256208 1040377
3.258057 1041449
3.259907 1042521
3.261756 1043593
3.263606 1044665
3.265456 1045737
3.267305 1046809
3.269155 1047881
3.271004 1048953
3.272854 1050025
3.274704 1051097
3.276553 1052169
3.278403 1053241
3.280252 1054313
3.282102 1055385
3.283952 1056457
3.285801 1057529
3.287651 1058601
3.289500 1059673
3.291350 1060745
3.293200 1061817
3.295049 1062889
3.296899 1063961
3.298748 1065033
3.300598 1066105
3.302448 1067177
3.304297 1068249
3.306147 1069321
3.307996 1070393
3.309846 1071465
3.311696 1072537
3.313545 1073609
3.315395 1074681
3.317244 1075753
3.319094 1076825
3.320944 1077897
3.322793 1078969
3.324643 1080041
3.326492 1081113
3.328342 1082185
3.330192 1082185
3.331116 1082185
3.332041 1082185
3.332966 1082185
3.333891 1082185
3.334816 1082185
3.335740 1082185
3.336665 1082185
3.337590 1082185
3.338515 1082185
3.339440 1082185
3.340364 1082185
3.341289 1082185
3.342214 1082185
3.343139 1082185
3.344064 1082185
3.344988 1091297
3.350432 1092369
3.352281 1093441
3.354131 1094513
3.355980 1095585
3.362348 1096657
3.364198 1097729
3.366048 1098801
3.367897 1099873
3.373340 1100945
3.375190 1102017
3.377040 1103089
3.378889 1104161
3.384332 1105233
3.386182 1106305
3.388032 1107377
3.389881 1108449
3.395324 1109521
3.397174 1110593
3.399024 1111665
3.400873 1112737
3.402723 1113809
3.407241 1114881
3.409091 1115953
3.410940 1117025
3.412790 1118097
3.414640 1119169
3.419158 1120241
3.421008 1121313
3.422857 1122385
3.424707 1123457
3.426556 1124529
3.430150 1125601
3.432000 1126673
3.433849 1127745
3.435699 1128817
3.437548 1129889
3.441142 1130961
3.442992 1132033
3.444841 1133105
3.446691 1134177
3.448540 1135249
3.450390 1136321
3.453059 1137393
3.454908 1138465
3.456758 1139537
3.458608 1140609
3.460457 1141681
3.462307 1142753
3.464976 1143825
3.466825 1144897
3.468675 1145969
3.470524 1147041
3.472374 1148113
3.474224 1149185
3.476073 1150257
3.477923 1151329
3.479772 1152401
3.481622 1153473
3.483472 1154545
3.485321 1155617
3.487171 1156689
3.489020 1157761
3.490870 1158833
3.492720 1159905
3.494569 1160977
3.496419 1162049
3.498268 1163121
3.500118 1164193
3.501968 1165265
3.503817 1166337
3.505667 1167409
3.507516 1168481
3.509366 1169553
3.511216 1170625
3.513065 1171697
3.514915 1172769
3.516764 1173841
3.518614 1174913
3.520464 1175985
3.522313 1177057
3.524163 1178129
3.526012 1179201
3.527862 1180273
3.529712 1181345
3.531561 1182417
3.533411 1183489
3.535260 1184561
3.537110 1185633
3.538960 1186705
3.540809 1187777
3.542659 1188849
3.544508 1189921
3.546358 1190993
3.548208 1192065
3.550057 1193137
3.551907 1194209
3.553756 1195281
3.555606 1196353
3.557456 1197425
3.559305 1198497
3.561155 1199569
3.563004 1200641
3.564854 1201713
3.566704 1202785
3.568553 1203857
3.570403 1204929
3.572252 1206001
3.574102 1207073
3.575952 1208145
3.577801 1209217
3.579651 1210289
3.581500 1211361
3.583350 1212433
3.585200 1213505
3.587049 1214577
3.588899 1215649
3.590748 1216721
3.592598 1217793
3.594448 1218865
3.596297 1219937
3.598147 1221009
3.599996 1222081
3.601846 1223153
3.603696 1224225
3.605545 1225297
3.607395 1226369
3.609244 1227441
3.611094 1228513
3.612944 1229585
3.614793 1230657
3.616643 1231729
3.618492 1232801
3.620342 1233873
3.622192 1234945
3.624041 1236017
3.625891 1237089
3.627740 1238161
3.629590 1239233
3.631440 1240305
3.633289 1241377
3.635139 1242449
3.636988 1243521
3.638838 1244593
3.640688 1245665
3.642537 1246737
3.644387 1247809
3.646236 1248881
3.648086 1249953
3.649936 1251025
3.651785 1252097
3.653635 1253169
3.655484 1254241
3.657334 1255313
3.659184 1256385
3.661033 1257457
3.662883 1258529
3.664732 1259601
3.666582 1260673
3.668432 1261745
3.670281 1262817
3.672131 1263889
3.673980 1264961
3.675830 1266033
3.677680 1267105
3.679529 1268177
3.681379 1269249
3.683228 1270321
3.685078 1271393
3.686928 1272465
3.688777 1273537
3.690627 1274609
3.692476 1275681
3.694326 1276753
3.696176 1277825
3.698025 1278897
3.699875 1279969
3.701724 1281041
3.703574 1282113
3.705424 1283185
3.707273 1284257
3.709123 1285329
3.710972 1286401
3.712822 1287473
3.714672 1288545
3.716521 1289617
3.718371 1290689
3.720220 1291761
3.722070 1292833
3.723920 1293905
3.725769 1294977
3.727619 1296049
3.729468 1297121
3.731318 1298193
3.733168 1299265
3.735017 1300337
3.736867 1301409
3.738716 1302481
3.740566 1303553
3.742416 1304625
3.744265 1305697
3.746115 1306769
3.747964 1307841
3.749814 1308913
3.751664 1309985
3.753513 1311057
3.755363 1312129
3.757212 1313201
3.759062 1314273
3.760912 1315345
3.762761 1316417
3.764611 1317489
3.766460 1318561
3.768310 1319633
3.770160 1320705
3.772009 1321777
3.773859 1322849
3.775708 1323921
3.777558 1324993
3.779408 1325529
3.780332 1325529
3.781257 1325529
3.782182 1325529
3.783107 1325529
3.784032 1325529
3.784956 1325529
3.785881 1325529
3.786806 1325529
3.787731 1325529
3.788656 1325529
3.789580 1325529
3.790505 1325529
3.791430 1325529
3.792355 1325529
3.793280 1325529
3.794204 1325529
3.795129 1325529
3.796054 1325529
3.796979 1325529
3.797904 1325529
3.798828 1337321
3.802422 1338393
3.804272 1339465
3.806121 1340537
3.807971 1341609
3.809820 1342681
3.813414 1343753
3.815264 1344825
3.817113 1345897
3.818963 1346969
3.820812 1348041
3.824406 1349113
3.826256 1350185
3.828105 1351257
3.829955 1352329
3.831804 1353401
3.835398 1354473
3.837248 1355545
3.839097 1356617
3.840947 1357689
3.842796 1358761
3.844646 1359833
3.847315 1360905
3.849164 1361977
3.851014 1363049
3.852864 1364121
3.854713 1365193
3.856563 1366265
3.859232 1367337
3.861081 1368409
3.862931 1369481
3.864780 1370553
3.866630 1371625
3.868480 1372697
3.870329 1373769
3.872179 1374841
3.874028 1375913
3.875878 1376985
3.877728 1378057
3.879577 1379129
3.881427 1380201
3.883276 1381273
3.885126 1382345
3.886976 1383417
3.888825 1384489
3.890675 1385561
3.892524 1386633
3.894374 1387705
3.896224 1388777
3.898073 1389849
3.899923 1390921
3.901772 1391993
3.903622 1393065
3.905472 1394137
3.907321 1395209
3.909171 1396281
3.911020 1397353
3.912870 1398425
3.914720 1399497
3.916569 1400569
3.918419 1401641
3.920268 1402713
3.922118 1403785
3.923968 1404857
3.925817 1405929
3.927667 1407001
3.929516 1408073
3.931366 1409145
3.933216 1410217
3.935065 1411289
3.936915 1412361
3.938764 1413433
3.940614 1414505
3.942464 1415577
3.944313 1416649
3.946163 1417721
3.948012 1418793
3.949862 1419865
3.951712 1420937
3.953561 1422009
3.955411 1423081
3.957260 1424153
3.959110 1425225
3.960960 1426297
3.962809 1427369
3.964659 1428441
3.966508 1429513
3.968358 1430585
3.970208 1431657
3.972057 1432729
3.973907 1433801
3.975756 1434873
3.977606 1435945
3.979456 1437017
3.981305 1438089
3.983155 1439161
3.985004 1440233
3.986854 1441305
3.988704 1442377
3.990553 1443449
3.992403 1444521
3.994252 1445593
3.996102 1446665
3.997952 1447737
3.999801 1448809
4.001651 1449881
4.003500 1450953
4.005350 1452025
4.007200 1453097
4.009049 1454169
4.010899 1455241
4.012748 1456313
4.014598 1457385
4.016448 1458457
4.018297 1459529
4.020147 1460601
4.021996 1461673
4.023846 1462745
4.025696 1463817
4.027545 1464889
4.029395 1465961
4.031244 1467033
4.033094 1468105
4.034944 1469177
4.036793 1470249
4.038643 1471321
4.040492 1472393
4.042342 1473465
4.044192 1474537
4.046041 1475609
4.047891 1476681
4.049740 1477753
4.051590 1478825
4.053440 1479897
4.055289 1480969
4.057139 1482041
4.058988 1483113
4.060838 1484185
4.062688 1485257
4.064537 1486329
4.066387 1487401
4.068236 1488473
4.070086 1489545
4.071936 1490617
4.073785 1491689
4.075635 1492761
4.077484 1493833
4.079334 1494905
4.081184 1495977
4.083033 1497049
4.084883 1498121
4.086732 1499193
4.088582 1500265
4.090432 1501337
4.092281 1502409
4.094131 1503481
4.095980 1504553
4.097830 1505625
4.099680 1506697
4.101529 1507769
4.103379 1508841
4.105228 1509913
4.107078 1510985
4.108928 1512057
4.110777 1513129
4.112627 1514201
4.114476 1515273
4.116326 1516345
4.118176 1517417
4.120025 1518489
4.121875 1519561
4.123724 1520633
4.125574 1521705
4.127424 1522777
4.129273 1523849
4.131123 1524921
4.132972 1525993
4.134822 1527065
4.136672 1528137
4.138521 1529209
4.140371 1530281
4.142220 1531353
4.144070 1532425
4.145920 1533497
4.147769 1534569
4.149619 1535641
4.151468 1536713
4.153318 1537785
4.155168 1538857
4.157017 1539929
4.158867 1541001
4.160716 1542073
4.162566 1543145
4.164416 1544217
4.166265 1545289
4.168115 1545825
4.169040 1545825
4.169964 1545825
4.170889 1545825
4.171814 1545825
4.172739 1545825
4.173664 1545825
4.174588 1545825
4.175513 1545825
4.176438 1545825
4.177363 1545825
4.178288 1545825
4.179212 1545825
4.180137 1545825
4.181062 1545825
4.181987 1545825
4.182912 1545825
4.183836 1545825
4.184761 1545825
4.185686 1545825
4.186611 1545825
4.187536 1557617
4.191129 1558689
4.192979 1559761
4.194828 1560833
4.196678 1561905
4.198528 1562977
4.202121 1564049
4.203971 1565121
4.205820 1566193
4.207670 1567265
4.209520 1568337
4.213113 1569409
4.214963 1570481
4.216812 1571553
4.218662 1572625
4.220512 1573697
4.224105 1574769
4.225955 1575841
4.227804 1576913
4.229654 1577985
4.231504 1579057
4.233353 1580129
4.236022 1581201
4.237872 1582273
4.239721 1583345
4.241571 1584417
4.243420 1585489
4.245270 1586561
4.247939 1587633
4.249788 1588705
4.251638 1589777
4.253488 1590849
4.255337 1591921
4.257187 1592993
4.259036 1594065
4.260886 1595137
4.262736 1596209
4.264585 1597281
4.266435 1598353
4.268284 1599425
4.270134 1600497
4.271984 1601569
4.273833 1602641
4.275683 1603713
4.277532 1604785
4.279382 1605857
4.281232 1606929
4.283081 1608001
4.284931 1609073
4.286780 1610145
4.288630 1611217
4.290480 1612289
4.292329 1613361
4.294179 1614433
4.296028 1615505
4.297878 1616577
4.299728 1617649
4.301577 1618721
4.303427 1619793
4.305276 1620865
4.307126 1621937
4.308976 1623009
4.310825 1624081
4.312675 1625153
4.314524 1626225
4.316374 1627297
4.318224 1628369
4.320073 1629441
4.321923 1630513
4.323772 1631585
4.325622 1632657
4.327472 1633729
4.329321 1634801
4.331171 1635873
4.333020 1636945
4.334870 1638017
4.336720 1639089
4.338569 1640161
4.340419 1641233
4.342268 1642305
4.344118 1643377
4.345968 1644449
4.347817 1645521
4.349667 1646593
4.351516 1647665
4.353366 1648737
4.355216 1649809
4.357065 1650881
4.358915 1651953
4.360764 1653025
4.362614 1654097
4.364464 1655169
4.366313 1656241
4.368163 1657313
4.370012 1658385
4.371862 1659457
4.373712 1660529
4.375561 1661601
4.377411 1662673
4.379260 1663745
4.381110 1664817
4.382960 1665889
4.384809 1666961
4.386659 1668033
4.388508 1669105
4.390358 1670177
4.392208 1671249
4.394057 1672321
4.395907 1673393
4.397756 1674465
4.399606 1675537
4.401456 1676609
4.403305 1677681
4.405155 1678753
4.407004 1679825
4.408854 1680897
4.410704 1681969
4.412553 1683041
4.414403 1684113
4.416252 1685185
4.418102 1686257
4.419952 1687329
4.421801 1688401
4.423651 1689473
4.425500 1690545
4.427350 1691617
4.429200 1692689
4.431049 1693761
4.432899 1694833
4.434748 1695905
4.436598 1696977
4.438448 1698049
4.440297 1699121
4.442147 1700193
4.443996 1701265
4.445846 1702337
4.447696 1703409
4.449545 1704481
4.451395 1705553
4.453244 1706625
4.455094 1707697
4.456944 1708769
4.458793 1709841
4.460643 1710913
4.462492 1711985
4.464342 1713057
4.466192 1714129
4.468041 1715201
4.469891 1716273
4.471740 1717345
4.473590 1718417
4.475440 1719489
4.477289 1720561
4.479139 1721633
4.480988 1722705
4.482838 1723777
4.484688 1724849
4.486537 1725921
4.488387 1726993
4.490236 1728065
4.492086 1729137
4.493936 1730209
4.495785 1731281
4.497635 1732353
4.499484 1733425
4.501334 1734497
4.503184 1735569
4.505033 1736641
4.506883 1737713
4.508732 1738785
4.510582 1739857
4.512432 1740929
4.514281 1742001
4.516131 1743073
4.517980 1744145
4.519830 1745217
4.521680 1746289
4.523529 1747361
4.525379 1748433
4.527228 1749505
4.529078 1750577
4.530928 1751649
4.532777 1752721
4.534627 1753793
4.536476 1754865
4.538326 1755937
4.540176 1757009
4.542025 1758081
4.543875 1759153
4.545724 1760225
4.547574 1761297
4.549424 1762369
4.551273 1763441
4.553123 1764513
4.554972 1765585
4.556822 1766121
4.557747 1766121
4.558672 1766121
4.559596 1766121
4.560521 1766121
4.561446 1766121
4.562371 1766121
4.563296 1766121
4.564220 1766121
4.565145 1766121
4.566070 1766121
4.566995 1766121
4.567920 1766121
4.568844 1766121
4.569769 1766121
4.570694 1766121
4.571619 1766121
4.572544 1766121
4.573468 1766121
4.574393 1766121
4.575318 1766121
4.576243 1777913
4.579836 1778985
4.581686 1780057
4.583536 1781129
4.585385 1782201
4.587235 1783273
4.590828 1784345
4.592678 1785417
4.594528 1786489
4.596377 1787561
4.598227 1788633
4.601820 1789705
4.603670 1790777
4.605520 1791849
4.607369 1792921
4.609219 1793993
4.612812 1795065
4.614662 1796137
4.616512 1797209
4.618361 1798281
4.620211 1799353
4.622060 1800425
4.624729 1801497
4.626579 1802569
4.628428 1803641
4.630278 1804713
4.632128 1805785
4.633977 1806857
4.636646 1807929
4.638496 1809001
4.640345 1810073
4.642195 1811145
4.644044 1812217
4.645894 1813289
4.647744 1814361
4.649593 1815433
4.651443 1816505
4.653292 1817577
4.655142 1818649
4.656992 1819721
4.658841 1820793
4.660691 1821865
4.662540 1822937
4.664390 1824009
4.666240 1825081
4.668089 1826153
4.669939 1827225
4.671788 1828297
4.673638 1829369
4.675488 1830441
4.677337 1831513
4.679187 1832585
4.681036 1833657
4.682886 1834729
4.684736 1835801
4.686585 1836873
4.688435 1837945
4.690284 1839017
4.692134 1840089
4.693984 1841161
4.695833 1842233
4.697683 1843305
4.699532 1844377
4.701382 1845449
4.703232 1846521
4.705081 1847593
4.706931 1848665
4.708780 1849737
4.710630 1850809
4.712480 1851881
4.714329 1852953
4.716179 1854025
4.718028 1855097
4.719878 1856169
4.721728 1857241
4.723577 1858313
4.725427 1859385
4.727276 1860457
4.729126 1861529
4.730976 1862601
4.732825 1863673
4.734675 1864745
4.736524 1865817
4.738374 1866889
4.740224 1867961
4.742073 1869033
4.743923 1870105
4.745772 1871177
4.747622 1872249
4.749472 1873321
4.751321 1874393
4.753171 1875465
4.755020 1876537
4.756870 1877609
4.758720 1878681
4.760569 1879753
4.762419 1880825
4.764268 1881897
4.766118 1882969
4.767968 1884041
4.769817 1885113
4.771667 1886185
4.773516 1887257
4.775366 1888329
4.777216 1889401
4.779065 1890473
4.780915 1891545
4.782764 1892617
4.784614 1893689
4.786464 1894761
4.788313 1895833
4.790163 1896905
4.792012 1897977
4.793862 1899049
4.795712 1900121
4.797561 1901193
4.799411 1902265
4.801260 1903337
4.803110 1904409
4.804960 1905481
4.806809 1906553
4.808659 1907625
4.810508 1908697
4.812358 1909769
4.814208 1910841
4.816057 1911913
4.817907 1912985
4.819756 1914057
4.821606 1915129
4.823456 1916201
4.825305 1917273
4.827155 1918345
4.829004 1919417
4.830854 1920489
4.832704 1921561
4.834553 1922633
4.836403 1923705
4.838252 1924777
4.840102 1925849
4.841952 1926921
4.843801 1927993
4.845651 1929065
4.847500 1930137
4.849350 1931209
4.851200 1932281
4.853049 1933353
4.854899 1934425
4.856748 1935497
4.858598 1936569
4.860448 1937641
4.862297 1938713
4.864147 1939785
4.865996 1940857
4.867846 1941929
4.869696 1943001
4.871545 1944073
4.873395 1945145
4.875244 1946217
4.877094 1947289
4.878944 1948361
4.880793 1949433
4.882643 1950505
4.884492 1951577
4.886342 1952649
4.888192 1953721
4.890041 1954793
4.891891 1955865
4.893740 1956937
4.895590 1958009
4.897440 1959081
4.899289 1960153
4.901139 1961225
4.902988 1962297
4.904838 1963369
4.906688 1964441
4.908537 1965513
4.910387 1966585
4.912236 1967657
4.914086 1968729
4.915936 1969801
4.917785 1970873
4.919635 1971945
4.921484 1973017
4.923334 1974089
4.925184 1975161
4.927033 1976233
4.928883 1977305
4.930732 1978377
4.932582 1979449
4.934432 1980521
4.936281 1981593
4.938131 1982665
4.939980 1983737
4.941830 1984809
4.943680 1985881
4.945529 1986417
4.946454 1986417
4.947379 1986417
4.948304 1986417
4.949228 1986417
4.950153 1986417
4.951078 1986417
4.952003 1986417
4.952928 1986417
4.953852 1986417
4.954777 1986417
4.955702 1986417
4.956627 1986417
4.957552 1986417
4.958476 1986417
4.959401 1986417
4.960326 1986417
4.961251 1986417
4.962176 1986417
4.963100 1986417
4.964025 1986417
4.964950 1998209
4.968544 1999281
4.970393 2000353
4.972243 2001425
4.974092 2002497
4.975942 2003569
4.979536 2004641
4.981385 2005713
4.983235 2006785
4.985084 2007857
4.986934 2008929
4.990528 2010001
4.992377 2011073
4.994227 2012145
4.996076 2013217
4.997926 2014289
5.001520 2015361
5.003369 2016433
5.005219 2017505
5.007068 2018577
5.008918 2019649
5.010768 2020721
5.013436 2021793
5.015286 2022865
5.017136 2023937
5.018985 2025009
5.020835 2026081
5.022684 2027153
5.025353 2028225
5.027203 2029297
5.029052 2030369
5.030902 2031441
5.032752 2032513
5.034601 2033585
5.036451 2034657
5.038300 2035729
5.040150 2036801
5.042000 2037873
5.043849 2038945
5.045699 2040017
5.047548 2041089
5.049398 2042161
5.051248 2043233
5.053097 2044305
5.054947 2045377
5.056796 2046449
5.058646 2047521
5.060496 2048593
5.062345 2049665
5.064195 2050737
5.066044 2051809
5.067894 2052881
5.069744 2053953
5.071593 2055025
5.073443 2056097
5.075292 2057169
5.077142 2058241
5.078992 2059313
5.080841 2060385
5.082691 2061457
5.084540 2062529
5.086390 2063601
5.088240 2064673
5.090089 2065745
5.091939 2066817
5.093788 2067889
5.095638 2068961
5.097488 2070033
5.099337 2071105
5.101187 2072177
5.103036 2073249
5.104886 2074321
5.106736 2075393
5.108585 2076465
5.110435 2077537
5.112284 2078609
5.114134 2079681
5.115984 2080753
5.117833 2081825
5.119683 2082897
5.121532 2083969
5.123382 2085041
5.125232 2086113
5.127081 2087185
5.128931 2088257
5.130780 2089329
5.132630 2090401
5.134480 2091473
5.136329 2092545
5.138179 2093617
5.140028 2094689
5.141878 2095761
5.143728 2096833
5.145577 2097905
5.147427 2098977
5.149276 2100049
5.151126 2101121
5.152976 2102193
5.154825 2103265
5.156675 2104337
5.158524 2105409
5.160374 2106481
5.162224 2107553
5.164073 2108625
5.165923 2109697
5.167772 2110769
5.169622 2111841
5.171472 2112913
5.173321 2113985
5.175171 2115057
5.177020 2116129
5.178870 2117201
5.180720 2118273
5.182569 2119345
5.184419 2120417
5.186268 2121489
5.188118 2122561
5.189968 2123633
5.191817 2124705
5.193667 2125777
5.195516 2126849
5.197366 2127921
5.199216 2128993
5.201065 2130065
5.202915 2131137
5.204764 2132209
5.206614 2133281
5.208464 2134353
5.210313 2135425
5.212163 2136497
5.214012 2137569
5.215862 2138641
5.217712 2139713
5.219561 2140785
5.221411 2141857
5.223260 2142929
5.225110 2144001
5.226960 2145073
5.228809 2146145
5.230659 2147217
5.232508 2148289
5.234358 2149361
5.236208 2150433
5.238057 2151505
5.239907 2152577
5.241756 2153649
5.243606 2154721
5.245456 2155793
5.247305 2156865
5.249155 2157937
5.251004 2159009
5.252854 2160081
5.254704 2161153
5.256553 2162225
5.258403 2163297
5.260252 2164369
5.262102 2165441
5.263952 2166513
5.265801 2167585
5.267651 2168657
5.269500 2169729
5.271350 2170801
5.273200 2171873
5.275049 2172945
5.276899 2174017
5.278748 2175089
5.280598 2176161
5.282448 2177233
5.284297 2178305
5.286147 2179377
5.287996 2180449
5.289846 2181521
5.291696 2182593
5.293545 2183665
5.295395 2184737
5.297244 2185809
5.299094 2186881
5.300944 2187953
5.302793 2189025
5.304643 2190097
5.306492 2191169
5.308342 2192241
5.310192 2193313
5.312041 2194385
5.313891 2195457
5.315740 2196529
5.317590 2197601
5.319440 2198673
5.321289 2199745
5.323139 2200817
5.324988 2201889
5.326838 2202961
5.328688 2204033
5.330537 2205105
5.332387 2206177
5.334236 2206713
5.335161 2206713
5.336086 2206713
5.337011 2206713
5.337936 2206713
5.338860 2206713
5.339785 2206713
5.340710 2206713
5.341635 2206713
5.342560 2206713
5.343484 2206713
5.344409 2206713
5.345334 2206713
5.346259 2206713
5.347184 2206713
5.348108 2206713
5.349033 2206713
5.349958 2206713
5.350883 2206713
5.351808 2206713
5.352732 2206713
5.353657 2218505
5.357251 2219577
5.359100 2220649
5.360950 2221721
5.362800 2222793
5.364649 2223865
5.368243 2224937
5.370092 2226009
5.371942 2227081
5.373792 2228153
5.375641 2229225
5.379235 2230297
5.381084 2231369
5.382934 2232441
5.384784 2233513
5.386633 2234585
5.390227 2235657
5.392076 2236729
5.393926 2237801
5.395776 2238873
5.397625 2239945
5.399475 2241017
5.402144 2242089
5.403993 2243161
5.405843 2244233
5.407692 2245305
5.409542 2246377
5.411392 2247449
5.414060 2248521
5.415910 2249593
5.417760 2250665
5.419609 2251737
5.421459 2252809
5.423308 2253881
5.425158 2254953
5.427008 2256025
5.428857 2257097
5.430707 2258169
5.432556 2259241
5.434406 2260313
5.436256 2261385
5.438105 2262457
5.439955 2263529
5.441804 2264601
5.443654 2265673
5.445504 2266745
5.447353 2267817
5.449203 2268889
5.451052 2269961
5.452902 2271033
5.454752 2272105
5.456601 2273177
5.458451 2274249
5.460300 2275321
5.462150 2276393
5.464000 2277465
5.465849 2278537
5.467699 2279609
5.469548 2280681
5.471398 2281753
5.473248 2282825
5.475097 2283897
5.476947 2284969
5.478796 2286041
5.480646 2287113
5.482496 2288185
5.484345 2289257
5.486195 2290329
5.488044 2291401
5.489894 2292473
5.491744 2293545
5.493593 2294617
5.495443 2295689
5.497292 2296761
5.499142 2297833
5.500992 2298905
5.502841 2299977
5.504691 2301049
5.506540 2302121
5.508390 2303193
5.510240 2304265
5.512089 2305337
5.513939 2306409
5.515788 2307481
5.517638 2308553
5.519488 2309625
5.521337 2310697
5.523187 2311769
5.525036 2312841
5.526886 2313913
5.528736 2314985
5.530585 2316057
5.532435 2317129
5.534284 2318201
5.536134 2319273
5.537984 2320345
5.539833 2321417
5.541683 2322489
5.543532 2323561
5.545382 2324633
5.547232 2325705
5.549081 2326777
5.550931 2327849
5.552780 2328921
5.554630 2329993
5.556480 2331065
5.558329 2332137
5.560179 2333209
5.562028 2334281
5.563878 2335353
5.565728 2336425
5.567577 2337497
5.569427 2338569
5.571276 2339641
5.573126 2340713
5.574976 2341785
5.576825 2342857
5.578675 2343929
5.580524 2345001
5.582374 2346073
5.584224 2347145
5.586073 2348217
5.587923 2349289
5.589772 2350361
5.591622 2351433
5.593472 2352505
5.595321 2353577
5.597171 2354649
5.599020 2355721
5.600870 2356793
5.602720 2357865
5.604569 2358937
5.606419 2360009
5.608268 2361081
5.610118 2362153
5.611968 2363225
5.613817 2364297
5.615667 2365369
5.617516 2366441
5.619366 2367513
5.621216 2368585
5.623065 2369657
5.624915 2370729
5.626764 2371801
5.628614 2372873
5.630464 2373945
5.632313 2375017
5.634163 2376089
5.636012 2377161
5.637862 2378233
5.639712 2379305
5.641561 2380377
5.643411 2381449
5.645260 2382521
5.647110 2383593
5.648960 2384665
5.650809 2385737
5.652659 2386809
5.654508 2387881
5.656358 2388953
5.658208 2390025
5.660057 2391097
5.661907 2392169
5.663756 2393241
5.665606 2394313
5.667456 2395385
5.669305 2396457
5.671155 2397529
5.673004 2398601
5.674854 2399673
5.676704 2400745
5.678553 2401817
5.680403 2402889
5.682252 2403961
5.684102 2405033
5.685952 2406105
5.687801 2407177
5.689651 2408249
5.691500 2409321
5.693350 2410393
5.695200 2411465
5.697049 2412537
5.698899 2413609
5.700748 2414681
5.702598 2415753
5.704448 2416825
5.706297 2417897
5.708147 2418969
5.709996 2420041
5.711846 2421113
5.713696 2422185
5.715545 2423257
5.717395 2424329
5.719244 2425401
5.721094 2426473
5.722944 2427009
5.723868 2427009
5.724793 2427009
5.725718 2427009
5.726643 2427009
5.727568 2427009
5.728492 2427009
5.729417 2427009
5.730342 2427009
5.731267 2427009
5.732192 2427009
5.733116 2427009
5.734041 2427009
5.734966 2427009
5.735891 2427009
5.736816 2427009
5.737740 2427009
5.738665 2427009
5.739590 2427009
5.740515 2427009
5.741440 2427009
5.742364 2438801
5.745958 2439873
5.747808 2440945
5.749657 2442017
5.751507 2443089
5.753356 2444161
5.756950 2445233
5.758800 2446305
5.760649 2447377
5.762499 2448449
5.764348 2449521
5.767942 2450593
5.769792 2451665
5.771641 2452737
5.773491 2453809
5.775340 2454881
5.778934 2455953
5.780784 2457025
5.782633 2458097
5.784483 2459169
5.786332 2460241
5.788182 2461313
5.790851 2462385
5.792700 2463457
5.794550 2464529
5.796400 2465601
5.798249 2466673
5.800099 2467745
5.802768 2468817
5.804617 2469889
5.806467 2470961
5.808316 2472033
5.810166 2473105
5.812016 2474177
5.813865 2475249
5.815715 2476321
5.817564 2477393
5.819414 2478465
5.821264 2479537
5.823113 2480609
5.824963 2481681
5.826812 2482753
5.828662 2483825
5.830512 2484897
5.832361 2485969
5.834211 2487041
5.836060 2488113
5.837910 2489185
5.839760 2490257
5.841609 2491329
5.843459 2492401
5.845308 2493473
5.847158 2494545
5.849008 2495617
5.850857 2496689
5.852707 2497761
5.854556 2498833
5.856406 2499905
5.858256 2500977
5.860105 2502049
5.861955 2503121
5.863804 2504193
5.865654 2505265
5.867504 2506337
5.869353 2507409
5.871203 2508481
5.873052 2509553
5.874902 2510625
5.876752 2511697
5.878601 2512769
5.880451 2513841
5.882300 2514913
5.884150 2515985
5.886000 2517057
5.887849 2518129
5.889699 2519201
5.891548 2520273
5.893398 2521345
5.895248 2522417
5.897097 2523489
5.898947 2524561
5.900796 2525633
5.902646 2526705
5.904496 2527777
5.906345 2528849
5.908195 2529921
5.910044 2530993
5.911894 2532065
5.913744 2533137
5.915593 2534209
5.917443 2535281
5.919292 2536353
5.921142 2537425
5.922992 2538497
5.924841 2539569
5.926691 2540641
5.928540 2541713
5.930390 2542785
5.932240 2543857
5.934089 2544929
5.935939 2546001
5.937788 2547073
5.939638 2548145
5.941488 2549217
5.943337 2550289
5.945187 2551361
5.947036 2552433
5.948886 2553505
5.950736 2554577
5.952585 2555649
5.954435 2556721
5.956284 2557793
5.958134 2558865
5.959984 2559937
5.961833 2561009
5.963683 2562081
5.965532 2563153
5.967382 2564225
5.969232 2565297
5.971081 2566369
5.972931 2567441
5.974780 2568513
5.976630 2569585
5.978480 2570657
5.980329 2571729
5.982179 2572801
5.984028 2573873
5.985878 2574945
5.987728 2576017
5.989577 2577089
5.991427 2578161
5.993276 2579233
5.995126 2580305
5.996976 2581377
5.998825 2582449
6.000675 2583521
6.002524 2584593
6.004374 2585665
6.006224 2586737
6.008073 2587809
6.009923 2588881
6.011772 2589953
6.013622 2591025
6.015472 2592097
6.017321 2593169
6.019171 2594241
6.021020 2595313
6.022870 2596385
6.024720 2597457
6.026569 2598529
6.028419 2599601
6.030268 2600673
6.032118 2601745
6.033968 2602817
6.035817 2603889
6.037667 2604961
6.039516 2606033
6.041366 2607105
6.043216 2608177
6.045065 2609249
6.046915 2610321
6.048764 2611393
6.050614 2612465
6.052464 2613537
6.054313 2614609
6.056163 2615681
6.058012 2616753
6.059862 2617825
6.061712 2618897
6.063561 2619969
6.065411 2621041
6.067260 2622113
6.069110 2623185
6.070960 2624257
6.072809 2625329
6.074659 2626401
6.076508 2627473
6.078358 2628545
6.080208 2629617
6.082057 2630689
6.083907 2631761
6.085756 2632833
6.087606 2633905
6.089456 2634977
6.091305 2636049
6.093155 2637121
6.095004 2638193
6.096854 2639265
6.098704 2640337
6.100553 2641409
6.102403 2642481
6.104252 2643553
6.106102 2644625
6.107952 2645697
6.109801 2646769
6.111651 2647305
6.112576 2647305
6.113500 2647305
6.114425 2647305
6.115350 2647305
6.116275 2647305
6.117200 2647305
6.118124 2647305
6.119049 2647305
6.119974 2647305
6.120899 2647305
6.121824 2647305
6.122748 2647305
6.123673 2647305
6.124598 2647305
6.125523 2647305
6.126448 2647305
6.127372 2647305
6.128297 2647305
6.129222 2647305
6.130147 2647305
6.131072 2659097
6.134665 2660169
6.136515 2661241
6.138364 2662313
6.140214 2663385
6.142064 2664457
6.145657 2665529
6.147507 2666601
6.149356 2667673
6.151206 2668745
6.153056 2669817
6.156649 2670889
6.158499 2671961
6.160348 2673033
6.162198 2674105
6.164048 2675177
6.167641 2676249
6.169491 2677321
6.171340 2678393
6.173190 2679465
6.175040 2680537
6.176889 2681609
6.179558 2682681
6.181408 2683753
6.183257 2684825
6.185107 2685897
6.186956 2686969
6.188806 2688041
6.191475 2689113
6.193324 2690185
6.195174 2691257
6.197024 2692329
6.198873 2693401
6.200723 2694473
6.202572 2695545
6.204422 2696617
6.206272 2697689
6.208121 2698761
6.209971 2699833
6.211820 2700905
6.213670 2701977
6.215520 2703049
6.217369 2704121
6.219219 2705193
6.221068 2706265
6.222918 2707337
6.224768 2708409
6.226617 2709481
6.228467 2710553
6.230316 2711625
6.232166 2712697
6.234016 2713769
6.235865 2714841
6.237715 2715913
6.239564 2716985
6.241414 2718057
6.243264 2719129
6.245113 2720201
6.246963 2721273
6.248812 2722345
6.250662 2723417
6.252512 2724489
6.254361 2725561
6.256211 2726633
6.258060 2727705
6.259910 2728777
6.261760 2729849
6.263609 2730921
6.265459 2731993
6.267308 2733065
6.269158 2734137
6.271008 2735209
6.272857 2736281
6.274707 2737353
6.276556 2738425
6.278406 2739497
6.280256 2740569
6.282105 2741641
6.283955 2742713
6.285804 2743785
6.287654 2744857
6.289504 2745929
6.291353 2747001
6.293203 2748073
6.295052 2749145
6.296902 2750217
6.298752 2751289
6.300601 2752361
6.302451 2753433
6.304300 2754505
6.306150 2755577
6.308000 2756649
6.309849 2757721
6.311699 2758793
6.313548 2759865
6.315398 2760937
6.317248 2762009
6.319097 2763081
6.320947 2764153
6.322796 2765225
6.324646 2766297
6.326496 2767369
6.328345 2768441
6.330195 2769513
6.332044 2770585
6.333894 2771657
6.335744 2772729
6.337593 2773801
6.339443 2774873
6.341292 2775945
6.343142 2777017
6.344992 2778089
6.346841 2779161
6.348691 2780233
6.350540 2781305
6.352390 2782377
6.354240 2783449
6.356089 2784521
6.357939 2785593
6.359788 2786665
6.361638 2787737
6.363488 2788809
6.365337 2789881
6.367187 2790953
6.369036 2792025
6.370886 2793097
6.372736 2794169
6.374585 2795241
6.376435 2796313
6.378284 2797385
6.380134 2798457
6.381984 2799529
6.383833 2800601
6.385683 2801673
6.387532 2802745
6.389382 2803817
6.391232 2804889
6.393081 2805961
6.394931 2807033
6.396780 2808105
6.398630 2809177
6.400480 2810249
6.402329 2811321
6.404179 2812393
6.406028 2813465
6.407878 2814537
6.409728 2815609
6.411577 2816681
6.413427 2817753
6.415276 2818825
6.417126 2819897
6.418976 2820969
6.420825 2822041
6.422675 2823113
6.424524 2824185
6.426374 2825257
6.428224 2826329
6.430073 2827401
6.431923 2828473
6.433772 2829545
6.435622 2830617
6.437472 2831689
6.439321 2832761
6.441171 2833833
6.443020 2834905
6.444870 2835977
6.446720 2837049
6.448569 2838121
6.450419 2839193
6.452268 2840265
6.454118 2841337
6.455968 2842409
6.457817 2843481
6.459667 2844553
6.461516 2845625
6.463366 2846697
6.465216 2847769
6.467065 2848841
6.468915 2849913
6.470764 2850985
6.472614 2852057
6.474464 2853129
6.476313 2854201
6.478163 2855273
6.480012 2856345
6.481862 2857417
6.483712 2858489
6.485561 2859561
6.487411 2860633
6.489260 2861705
6.491110 2862777
6.492960 2863849
6.494809 2864921
6.496659 2865993
6.498508 2867065
6.500358 2867601
6.501283 2867601
6.502208 2867601
6.503132 2867601
6.504057 2867601
6.504982 2867601
6.505907 2867601
6.506832 2867601
6.507756 2867601
6.508681 2867601
6.509606 2867601
6.510531 2867601
6.511456 2867601
6.512380 2867601
6.513305 2867601
6.514230 2867601
6.515155 2867601
6.516080 2867601
6.517004 2867601
6.517929 2867601
6.518854 2867601
6.519779 2879393
6.523372 2880465
6.525222 2881537
6.527072 2882609
6.528921 2883681
6.530771 2884753
6.534364 2885825
6.536214 2886897
6.538064 2887969
6.539913 2889041
6.541763 2890113
6.545356 2891185
6.547206 2892257
6.549056 2893329
6.550905 2894401
6.552755 2895473
6.556348 2896545
6.558198 2897617
6.560048 2898689
6.561897 2899761
6.563747 2900833
6.565596 2901905
6.568265 2902977
6.570115 2904049
6.571964 2905121
6.573814 2906193
6.575664 2907265
6.577513 2908337
6.580182 2909409
6.582032 2910481
6.583881 2911553
6.585731 2912625
6.587580 2913697
6.589430 2914769
6.591280 2915841
6.593129 2916913
6.594979 2917985
6.596828 2919057
6.598678 2920129
6.600528 2921201
6.602377 2922273
6.604227 2923345
6.606076 2924417
6.607926 2925489
6.609776 2926561
6.611625 2927633
6.613475 2928705
6.615324 2929777
6.617174 2930849
6.619024 2931921
6.620873 2932993
6.622723 2934065
6.624572 2935137
6.626422 2936209
6.628272 2937281
6.630121 2938353
6.631971 2939425
6.633820 2940497
6.635670 2941569
6.637520 2942641
6.639369 2943713
6.641219 2944785
6.643068 2945857
6.644918 2946929
6.646768 2948001
6.648617 2949073
6.650467 2950145
6.652316 2951217
6.654166 2952289
6.656016 2953361
6.657865 2954433
6.659715 2955505
6.661564 2956577
6.663414 2957649
6.665264 2958721
6.667113 2959793
6.668963 2960865
6.670812 2961937
6.672662 2963009
6.674512 2964081
6.676361 2965153
6.678211 2966225
6.680060 2967297
6.681910 2968369
6.683760 2969441
6.685609 2970513
6.687459 2971585
6.689308 2972657
6.691158 2973729
6.693008 2974801
6.694857 2975873
6.696707 2976945
6.698556 2978017
6.700406 2979089
6.702256 2980161
6.704105 2981233
6.705955 2982305
6.707804 2983377
6.709654 2984449
6.711504 2985521
6.713353 2986593
6.715203 2987665
6.717052 2988737
6.718902 2989809
6.720752 2990881
6.722601 2991953
6.724451 2993025
6.726300 2994097
6.728150 2995169
6.730000 2996241
6.731849 2997313
6.733699 2998385
6.735548 2999457
6.737398 3000529
6.739248 3001601
6.741097 3002673
6.742947 3003745
6.744796 3004817
6.746646 3005889
6.748496 3006961
6.750345 3008033
6.752195 3009105
6.754044 3010177
6.755894 3011249
6.757744 3012321
6.759593 3013393
6.761443 3014465
6.763292 3015537
6.765142 3016609
6.766992 3017681
6.768841 3018753
6.770691 3019825
6.772540 3020897
6.774390 3021969
6.776240 3023041
6.778089 3024113
6.779939 3025185
6.781788 3026257
6.783638 3027329
6.785488 3028401
6.787337 3029473
6.789187 3030545
6.791036 3031617
6.792886 3032689
6.794736 3033761
6.796585 3034833
6.798435 3035905
6.800284 3036977
6.802134 3038049
6.803984 3039121
6.805833 3040193
6.807683 3041265
6.809532 3042337
6.811382 3043409
6.813232 3044481
6.815081 3045553
6.816931 3046625
6.818780 3047697
6.820630 3048769
6.822480 3049841
6.824329 3050913
6.826179 3051985
6.828028 3053057
6.829878 3054129
6.831728 3055201
6.833577 3056273
6.835427 3057345
6.837276 3058417
6.839126 3059489
6.840976 3060561
6.842825 3061633
6.844675 3062705
6.846524 3063777
6.848374 3064849
6.850224 3065921
6.852073 3066993
6.853923 3068065
6.855772 3069137
6.857622 3070209
6.859472 3071281
6.861321 3072353
6.863171 3073425
6.865020 3074497
6.866870 3075569
6.868720 3076641
6.870569 3077713
6.872419 3078785
6.874268 3079857
6.876118 3080929
6.877968 3082001
6.879817 3083073
6.881667 3084145
6.883516 3085217
6.885366 3086289
6.887216 3087361
6.889065 3087897
6.889990 3087897
6.890915 3087897
6.891840 3087897
6.892764 3087897
6.893689 3087897
6.894614 3087897
6.895539 3087897
6.896464 3087897
6.897388 3087897
6.898313 3087897
6.899238 3087897
6.900163 3087897
6.901088 3087897
6.902012 3087897
6.902937 3087897
6.903862 3087897
6.904787 3087897
6.905712 3087897
6.906636 3087897
6.907561 3087897
6.908486 3099689
6.912080 3100761
6.913929 3101833
6.915779 3102905
6.917628 3103977
6.919478 3105049
6.923072 3106121
6.924921 3107193
6.926771 3108265
6.928620 3109337
6.930470 3110409
6.934064 3111481
6.935913 3112553
6.937763 3113625
6.939612 3114697
6.941462 3115769
6.945056 3116841
6.946905 3117913
6.948755 3118985
6.950604 3120057
6.952454 3121129
6.954304 3122201
6.956972 3123273
6.958822 3124345
6.960672 3125417
6.962521 3126489
6.964371 3127561
6.966220 3128633
6.968889 3129705
6.970739 3130777
6.972588 3131849
6.974438 3132921
6.976288 3133993
6.978137 3135065
6.979987 3136137
6.981836 3137209
6.983686 3138281
6.985536 3139353
6.987385 3140425
6.989235 3141497
6.991084 3142569
6.992934 3143641
6.994784 3144713
6.996633 3145785
6.998483 3146857
7.000332 3147929
7.002182 3149001
7.004032 3150073
7.005881 3151145
7.007731 3152217
7.009580 3153289
7.011430 3154361
7.013280 3155433
7.015129 3156505
7.016979 3157577
7.018828 3158649
7.020678 3159721
7.022528 3160793
7.024377 3161865
7.026227 3162937
7.028076 3164009
7.029926 3165081
7.031776 3166153
7.033625 3167225
7.035475 3168297
7.037324 3169369
7.039174 3170441
7.041024 3171513
7.042873 3172585
7.044723 3173657
7.046572 3174729
7.048422 3175801
7.050272 3176873
7.052121 3177945
7.053971 3179017
7.055820 3180089
7.057670 3181161
7.059520 3182233
7.061369 3183305
7.063219 3184377
7.065068 3185449
7.066918 3186521
7.068768 3187593
7.070617 3188665
7.072467 3189737
7.074316 3190809
7.076166 3191881
7.078016 3192953
7.079865 3194025
7.081715 3195097
7.083564 3196169
7.085414 3197241
7.087264 3198313
7.089113 3199385
7.090963 3200457
7.092812 3201529
7.094662 3202601
7.096512 3203673
7.098361 3204745
7.100211 3205817
7.102060 3206889
7.103910 3207961
7.105760 3209033
7.107609 3210105
7.109459 3211177
7.111308 3212249
7.113158 3213321
7.115008 3214393
7.116857 3215465
7.118707 3216537
7.120556 3217609
7.122406 3218681
7.124256 3219753
7.126105 3220825
7.127955 3221897
7.129804 3222969
7.131654 3224041
7.133504 3225113
7.135353 3226185
7.137203 3227257
7.139052 3228329
7.140902 3229401
7.142752 3230473
7.144601 3231545
7.146451 3232617
7.148300 3233689
7.150150 3234761
7.152000 3235833
7.153849 3236905
7.155699 3237977
7.157548 3239049
7.159398 3240121
7.161248 3241193
7.163097 3242265
7.164947 3243337
7.166796 3244409
7.168646 3245481
7.170496 3246553
7.172345 3247625
7.174195 3248697
7.176044 3249769
7.177894 3250841
7.179744 3251913
7.181593 3252985
7.183443 3254057
7.185292 3255129
7.187142 3256201
7.188992 3257273
7.190841 3258345
7.192691 3259417
7.194540 3260489
7.196390 3261561
7.198240 3262633
7.200089 3263705
7.201939 3264777
7.203788 3265849
7.205638 3266921
7.207488 3267993
7.209337 3269065
7.211187 3270137
7.213036 3271209
7.214886 3272281
7.216736 3273353
7.218585 3274425
7.220435 3275497
7.222284 3276569
7.224134 3277641
7.225984 3278713
7.227833 3279785
7.229683 3280857
7.231532 3281929
7.233382 3283001
7.235232 3284073
7.237081 3285145
7.238931 3286217
7.240780 3287289
7.242630 3288361
7.244480 3289433
7.246329 3290505
7.248179 3291577
7.250028 3292649
7.251878 3293721
7.253728 3294793
7.255577 3295865
7.257427 3296937
7.259276 3298009
7.261126 3299081
7.262976 3300153
7.264825 3301225
7.266675 3302297
7.268524 3303369
7.270374 3304441
7.272224 3305513
7.274073 3306585
7.275923 3307657
7.277772 3308193
7.278697 3308193
7.279622 3308193
7.280547 3308193
7.281472 3308193
7.282396 3308193
7.283321 3308193
7.284246 3308193
7.285171 3308193
7.286096 3308193
7.287020 3308193
7.287945 3308193
7.288870 3308193
7.289795 3308193
7.290720 3308193
7.291644 3308193
7.292569 3308193
7.293494 3308193
7.294419 3308193
7.295344 3308193
7.296268 3308193
7.297193 3319985
7.300787 3321057
7.302636 3322129
7.304486 3323201
7.306336 3324273
7.308185 3325345
7.311779 3326417
7.313628 3327489
7.315478 3328561
7.317328 3329633
7.319177 3330705
7.322771 3331777
7.324620 3332849
7.326470 3333921
7.328320 3334993
7.330169 3336065
7.333763 3337137
7.335612 3338209
7.337462 3339281
7.339312 3340353
7.341161 3341425
7.343011 3342497
7.345680 3343569
7.347529 3344641
7.349379 3345713
7.351228 3346785
7.353078 3347857
7.354928 3348929
7.357596 3350001
7.359446 3351073
7.361296 3352145
7.363145 3353217
7.364995 3354289
7.366844 3355361
7.368694 3356433
7.370544 3357505
7.372393 3358577
7.374243 3359649
7.376092 3360721
7.377942 3361793
7.379792 3362865
7.381641 3363937
7.383491 3365009
7.385340 3366081
7.387190 3367153
7.389040 3368225
7.390889 3369297
7.392739 3370369
7.394588 3371441
7.396438 3372513
7.398288 3373585
7.400137 3374657
7.401987 3375729
7.403836 3376801
7.405686 3377873
7.407536 3378945
7.409385 3380017
7.411235 3381089
7.413084 3382161
7.414934 3383233
7.416784 3384305
7.418633 3385377
7.420483 3386449
7.422332 3387521
7.424182 3388593
7.426032 3389665
7.427881 3390737
7.429731 3391809
7.431580 3392881
7.433430 3393953
7.435280 3395025
7.437129 3396097
7.438979 3397169
7.440828 3398241
7.442678 3399313
7.444528 3400385
7.446377 3401457
7.448227 3402529
7.450076 3403601
7.451926 3404673
7.453776 3405745
7.455625 3406817
7.457475 3407889
7.459324 3408961
7.461174 3410033
7.463024 3411105
7.464873 3412177
7.466723 3413249
7.468572 3414321
7.470422 3415393
7.472272 3416465
7.474121 3417537
7.475971 3418609
7.477820 3419681
7.479670 3420753
7.481520 3421825
7.483369 3422897
7.485219 3423969
7.487068 3425041
7.488918 3426113
7.490768 3427185
7.492617 3428257
7.494467 3429329
7.496316 3430401
7.498166 3431473
7.500016 3432545
7.501865 3433617
7.503715 3434689
7.505564 3435761
7.507414 3436833
7.509264 3437905
7.511113 3438977
7.512963 3440049
7.514812 3441121
7.516662 3442193
7.518512 3443265
7.520361 3444337
7.522211 3445409
7.524060 3446481
7.525910 3447553
7.527760 3448625
7.529609 3449697
7.531459 3450769
7.533308 3451841
7.535158 3452913
7.537008 3453985
7.538857 3455057
7.540707 3456129
7.542556 3457201
7.544406 3458273
7.546256 3459345
7.548105 3460417
7.549955 3461489
7.551804 3462561
7.553654 3463633
7.555504 3464705
7.557353 3465777
7.559203 3466849
7.561052 3467921
7.562902 3468993
7.564752 3470065
7.566601 3471137
7.568451 3472209
7.570300 3473281
7.572150 3474353
7.574000 3475425
7.575849 3476497
7.577699 3477569
7.579548 3478641
7.581398 3479713
7.583248 3480785
7.585097 3481857
7.586947 3482929
7.588796 3484001
7.590646 3485073
7.592496 3486145
7.594345 3487217
7.596195 3488289
7.598044 3489361
7.599894 3490433
7.601744 3491505
7.603593 3492577
7.605443 3493649
7.607292 3494721
7.609142 3495793
7.610992 3496865
7.612841 3497937
7.614691 3499009
7.616540 3500081
7.618390 3501153
7.620240 3502225
7.622089 3503297
7.623939 3504369
7.625788 3505441
7.627638 3506513
7.629488 3507585
7.631337 3508657
7.633187 3509729
7.635036 3510801
7.636886 3511873
7.638736 3512945
7.640585 3514017
7.642435 3515089
7.644284 3516161
7.646134 3517233
7.647984 3518305
7.649833 3519377
7.651683 3520449
7.653532 3521521
7.655382 3522593
7.657232 3523665
7.659081 3524737
7.660931 3525809
7.662780 3526881
7.664630 3527953
7.666480 3528489
7.667404 3528489
7.668329 3528489
7.669254 3528489
7.670179 3528489
7.671104 3528489
7.672028 3528489
7.672953 3528489
7.673878 3528489
7.674803 3528489
7.675728 3528489
7.676652 3528489
7.677577 3528489
7.678502 3528489
7.679427 3528489
7.680352 3528489
7.681276 3528489
7.682201 3528489
7.683126 3528489
7.684051 3528489
7.684976 3528489
7.685900 3540281
7.689494 3541353
7.691344 3542425
7.693193 3543497
7.695043 3544569
7.696892 3545641
7.700486 3546713
7.702336 3547785
7.704185 3548857
7.706035 3549929
7.707884 3551001
7.711478 3552073
7.713328 3553145
7.715177 3554217
7.717027 3555289
7.718876 3556361
7.722470 3557433
7.724320 3558505
7.726169 3559577
7.728019 3560649
7.729868 3561721
7.731718 3562793
7.734387 3563865
7.736236 3564937
7.738086 3566009
7.739936 3567081
7.741785 3568153
7.743635 3569225
7.746304 3570297
7.748153 3571369
7.750003 3572441
7.751852 3573513
7.753702 3574585
7.755552 3575657
7.757401 3576729
7.759251 3577801
7.761100 3578873
7.762950 3579945
7.764800 3581017
7.766649 3582089
7.768499 3583161
7.770348 3584233
7.772198 3585305
7.774048 3586377
7.775897 3587449
7.777747 3588521
7.779596 3589593
7.781446 3590665
7.783296 3591737
7.785145 3592809
7.786995 3593881
7.788844 3594953
7.790694 3596025
7.792544 3597097
7.795318 3597633
7.796243 3597633
7.797168 3597633
7.798092 3597633
7.799017 3597633
7.799942 3597633
7.800867 3597633
7.801792 3597633
7.802716 3597633
7.803641 3597633
7.804566 3597633
7.805491 3597633
7.806416 3597633
7.807340 3597633
7.809084 3605673
7.815558 3606745
7.817408 3607817
7.820076 3608889
7.826550 3609961
7.828400 3611033
7.831068 3612105
7.832918 3613177
7.838467 3614249
7.840316 3615321
7.842985 3616393
7.844835 3617465
7.850384 3618537
7.852233 3619609
7.854902 3620681
7.856752 3621753
7.862300 3622825
7.864150 3623897
7.866000 3624969
7.867849 3626041
7.873292 3627113
7.875142 3628185
7.876992 3629257
7.878841 3630329
7.884284 3631401
7.886134 3632473
7.887984 3633545
7.889833 3634617
7.891683 3635689
7.896201 3636761
7.898051 3637833
7.899900 3638905
7.901750 3639977
7.903600 3641049
7.908118 3642121
7.909968 3643193
7.911817 3644265
7.913667 3645337
7.915516 3646409
7.919110 3647481
7.920960 3648553
7.922809 3649625
7.924659 3650697
7.926508 3651769
7.930102 3652841
7.931952 3653913
7.933801 3654985
7.935651 3656057
7.937500 3657129
7.941094 3658201
7.942944 3659273
7.944793 3660345
7.946643 3661417
7.948492 3662489
7.950342 3663561
7.953011 3664633
7.954860 3665705
7.956710 3666777
7.958560 3667849
7.960409 3668921
7.962259 3669993
7.964928 3671065
7.966777 3672137
7.968627 3673209
7.970476 3674281
7.972326 3675353
7.974176 3676425
7.976025 3677497
7.977875 3678569
7.979724 3679641
7.981574 3680713
7.983424 3681785
7.985273 3682857
7.987123 3683929
7.988972 3685001
7.990822 3686073
7.992672 3687145
7.994521 3688217
7.996371 3689289
7.998220 3690361
8.000070 3691433
8.001920 3692505
8.003769 3693577
8.005619 3694649
8.007468 3695721
8.009318 3696793
8.011168 3697865
8.013017 3698937
8.014867 3700009
8.016716 3701081
8.018566 3702153
8.020416 3703225
8.022265 3704297
8.024115 3705369
8.025964 3706441
8.027814 3707513
8.029664 3708585
8.031513 3709657
8.033363 3710729
8.035212 3711801
8.037062 3712873
8.038912 3713945
8.040761 3715017
8.042611 3716089
8.044460 3717161
8.046310 3718233
8.048160 3719305
8.050009 3720377
8.051859 3721449
8.053708 3722521
8.055558 3723593
8.057408 3724665
8.059257 3725737
8.061107 3726809
8.062956 3727881
8.064806 3728953
8.066656 3730025
8.068505 3731097
8.070355 3732169
8.072204 3733241
8.074054 3734313
8.075904 3735385
8.077753 3736457
8.079603 3737529
8.081452 3738601
8.083302 3739673
8.085152 3740745
8.087001 3741817
8.088851 3742889
8.090700 3743961
8.092550 3745033
8.094400 3746105
8.096249 3747177
8.098099 3748249
8.099948 3749321
8.101798 3750393
8.103648 3751465
8.105497 3752537
8.107347 3753609
8.109196 3754681
8.111046 3755753
8.112896 3756825
8.114745 3757897
8.116595 3758969
8.118444 3760041
8.120294 3761113
8.122144 3762185
8.123993 3763257
8.125843 3764329
8.127692 3765401
8.129542 3766473
8.131392 3767545
8.133241 3768617
8.135091 3769689
8.136940 3770761
8.138790 3771833
8.140640 3772905
8.142489 3773977
8.144339 3775049
8.146188 3776121
8.148038 3777193
8.149888 3778265
8.151737 3779337
8.153587 3780409
8.155436 3781481
8.157286 3782553
8.159136 3783625
8.160985 3784697
8.162835 3785769
8.164684 3786841
8.166534 3787913
8.168384 3788985
8.170233 3790057
8.172083 3791129
8.173932 3792201
8.175782 3793273
8.177632 3794345
8.179481 3795417
8.181331 3796489
8.183180 3797561
8.185030 3798633
8.186880 3799705
8.188729 3800777
8.190579 3801849
8.192428 3802921
8.194278 3803993
8.196128 3805065
8.197977 3806137
8.199827 3807209
8.201676 3808281
8.203526 3809353
8.205376 3810425
8.207225 3811497
8.209075 3812569
8.210924 3813641
8.212774 3814713
8.214624 3815785
8.216473 3816857
8.218323 3817929
8.220172 3819001
8.222022 3820073
8.223872 3821145
8.225721 3822217
8.227571 3823289
8.229420 3824361
8.231270 3825433
8.233120 3826505
8.234969 3827577
8.236819 3828649
8.238668 3829721
8.240518 3830793
8.242368 3831865
8.244217 3832937
8.246067 3834009
8.247916 3835081
8.249766 3836153
8.251616 3837225
8.253465 3838297
8.255315 3839369
8.257164 3840441
8.259014 3841513
8.260864 3842585
8.262713 3843657
8.264563 3844729
8.266412 3845801
8.268262 3846873
8.270112 3847945
8.271961 3848481
8.272886 3848481
8.273811 3848481
8.274736 3848481
8.275660 3848481
8.276585 3848481
8.277510 3848481
8.278435 3848481
8.279360 3848481
8.280284 3848481
8.281209 3848481
8.282134 3848481
8.283059 3848481
8.283984 3848481
8.284908 3848481
8.285833 3848481
8.286758 3848481
8.287683 3848481
8.288608 3848481
8.289532 3848481
8.290457 3848481
8.291382 3860273
8.294976 3861345
8.296825 3862417
8.298675 3863489
8.300524 3864561
8.302374 3865633
8.305968 3866705
8.307817 3867777
8.309667 3868849
8.311516 3869921
8.313366 3870993
8.316960 3872065
8.318809 3873137
8.320659 3874209
8.322508 3875281
8.324358 3876353
8.327952 3877425
8.329801 3878497
8.331651 3879569
8.333500 3880641
8.335350 3881713
8.337200 3882785
8.339868 3883857
8.341718 3884929
8.343568 3886001
8.345417 3887073
8.347267 3888145
8.349116 3889217
8.351785 3890289
8.353635 3891361
8.355484 3892433
8.357334 3893505
8.359184 3894577
8.361033 3895649
8.362883 3896721
8.364732 3897793
8.366582 3898865
8.368432 3899937
8.370281 3901009
8.372131 3902081
8.373980 3903153
8.375830 3904225
8.377680 3905297
8.379529 3906369
8.381379 3907441
8.383228 3908513
8.385078 3909585
8.386928 3910657
8.388777 3911729
8.390627 3912801
8.392476 3913873
8.394326 3914945
8.396176 3916017
8.398025 3917089
8.399875 3918161
8.401724 3919233
8.403574 3920305
8.405424 3921377
8.407273 3922449
8.409123 3923521
8.410972 3923521
8.411897 3923521
8.412822 3923521
8.413747 3923521
8.414672 3923521
8.415596 3923521
8.416521 3923521
8.417446 3923521
8.418371 3923521
8.419296 3923521
8.420220 3923521
8.421145 3923521
8.422070 3923521
8.422995 3923521
8.423920 3931561
8.430288 3932633
8.432137 3933705
8.433987 3934777
8.441280 3935849
8.443129 3936921
8.444979 3937993
8.446828 3939065
8.453196 3940137
8.455046 3941209
8.456896 3942281
8.458745 3943353
8.465113 3944425
8.466963 3945497
8.468812 3946569
8.470662 3947641
8.477030 3948713
8.478880 3949785
8.480729 3950857
8.482579 3951929
8.488022 3953001
8.489872 3954073
8.491721 3955145
8.493571 3956217
8.499014 3957289
8.500864 3958361
8.502713 3959433
8.504563 3960505
8.506412 3961577
8.510931 3962649
8.512780 3963721
8.514630 3964793
8.516480 3965865
8.518329 3966937
8.522848 3968009
8.524697 3969081
8.526547 3970153
8.528396 3971225
8.530246 3972297
8.533840 3973369
8.535689 3974441
8.537539 3975513
8.539388 3976585
8.541238 3977657
8.544832 3978729
8.546681 3979801
8.548531 3980873
8.550380 3981945
8.552230 3983017
8.555824 3984089
8.557673 3985161
8.559523 3986233
8.561372 3987305
8.563222 3988377
8.565072 3989449
8.567740 3990521
8.569590 3991593
8.571440 3992665
8.573289 3993737
8.575139 3994809
8.576988 3995881
8.579657 3996953
8.581507 3998025
8.583356 3999097
8.585206 4000169
8.587056 4001241
8.588905 4002313
8.590755 4003385
8.592604 4004457
8.594454 4005529
8.596304 4006601
8.598153 4007673
8.600003 4008745
8.601852 4009817
8.603702 4010889
8.605552 4011961
8.607401 4013033
8.609251 4014105
8.611100 4015177
8.612950 4016249
8.614800 4017321
8.616649 4018393
8.618499 4019465
8.620348 4020537
8.622198 4021609
8.624048 4022681
8.625897 4023753
8.627747 4024825
8.629596 4025897
8.631446 4026969
8.633296 4028041
8.635145 4029113
8.636995 4030185
8.638844 4031257
8.640694 4032329
8.642544 4033401
8.644393 4034473
8.646243 4035545
8.648092 4036617
8.649942 4037689
8.651792 4038761
8.653641 4039833
8.655491 4040905
8.657340 4041977
8.659190 4043049
8.661040 4044121
8.662889 4045193
8.664739 4046265
8.666588 4047337
8.668438 4048409
8.670288 4049481
8.672137 4050553
8.673987 4051625
8.675836 4052697
8.677686 4053769
8.679536 4054841
8.681385 4055913
8.683235 4056985
8.685084 4058057
8.686934 4059129
8.688784 4060201
8.690633 4061273
8.692483 4062345
8.694332 4063417
8.696182 4064489
8.698032 4065561
8.699881 4066633
8.701731 4067705
8.703580 4068777
8.705430 4069849
8.707280 4070921
8.709129 4071993
8.710979 4073065
8.712828 4074137
8.714678 4075209
8.716528 4076281
8.718377 4077353
8.720227 4078425
8.722076 4079497
8.723926 4080569
8.725776 4081641
8.727625 4082713
8.729475 4083785
8.731324 4084857
8.733174 4085929
8.735024 4087001
8.736873 4088073
8.738723 4089145
8.740572 4090217
8.742422 4091289
8.744272 4092361
8.746121 4093433
8.747971 4094505
8.749820 4095577
8.751670 4096649
8.753520 4097721
8.755369 4098793
8.757219 4099865
8.759068 4100937
8.760918 4102009
8.762768 4103081
8.764617 4104153
8.766467 4105225
8.768316 4106297
8.770166 4107369
8.772016 4108441
8.773865 4109513
8.775715 4110585
8.777564 4111657
8.779414 4112729
8.781264 4113801
8.783113 4114873
8.784963 4115945
8.786812 4117017
8.788662 4118089
8.790512 4119161
8.792361 4120233
8.794211 4121305
8.796060 4122377
8.797910 4123449
8.799760 4124521
8.801609 4125593
8.803459 4126665
8.805308 4127737
8.807158 4128809
8.809008 4129881
8.810857 4130953
8.812707 4132025
8.814556 4133097
8.816406 4134169
8.818256 4135241
8.820105 4136313
8.821955 4137385
8.823804 4138457
8.825654 4139529
8.827504 4140601
8.829353 4141673
8.831203 4142745
8.833052 4143817
8.834902 4144889
8.836752 4145961
8.838601 4147033
8.840451 4148105
8.842300 4149177
8.844150 4150249
8.846000 4151321
8.847849 4152393
8.849699 4153465
8.851548 4154537
8.853398 4155609
8.855248 4156681
8.857097 4157753
8.858947 4158825
8.860796 4159897
8.862646 4160969
8.864496 4162041
8.866345 4163113
8.868195 4164185
8.870044 4165257
8.871894 4166329
8.873744 4167401
8.875593 4168473
8.877443 4169545
8.879292 4170617
8.881142 4171689
8.882992 4172761
8.884841 4173833
8.886691 4174369
8.887616 4174369
8.888540 4174369
8.889465 4174369
8.890390 4174369
8.891315 4174369
8.892240 4174369
8.893164 4174369
8.894089 4174369
8.895014 4174369
8.895939 4174369
8.896864 4174369
8.897788 4174369
8.898713 4174369
8.899638 4174369
8.900563 4174369
8.901488 4174369
8.902412 4174369
8.903337 4174369
8.904262 4174369
8.905187 4174369
8.906112 4186161
8.909705 4187233
8.911555 4188305
8.913404 4189377
8.915254 4190449
8.917104 4191521
8.920697 4192593
8.922547 4193665
8.924396 4194737
8.926246 4195809
8.928096 4196881
8.931689 4197953
8.933539 4199025
8.935388 4200097
8.937238 4201169
8.939088 4202241
8.942681 4203313
8.944531 4204385
8.946380 4205457
8.948230 4206529
8.950080 4207601
8.951929 4208673
8.954598 4209745
8.956448 4210817
8.958297 4211889
8.960147 4212961
8.961996 4214033
8.963846 4215105
8.966515 4216177
8.968364 4217249
8.970214 4218321
8.972064 4219393
8.973913 4220465
8.975763 4221537
8.977612 4222609
8.979462 4223681
8.981312 4224753
8.983161 4225825
8.985011 4226897
8.986860 4227969
8.988710 4229041
8.990560 4230113
8.992409 4231185
8.994259 4232257
8.996108 4233329
8.997958 4234401
8.999808 4235473
9.001657 4236545
9.003507 4237617
9.005356 4238689
9.007206 4239761
9.009056 4240833
9.010905 4241905
9.012755 4242977
9.014604 4244049
9.016454 4245121
9.018304 4246193
9.020153 4247265
9.022003 4248337
9.023852 4249409
9.025702 4250481
9.027552 4251553
9.029401 4252625
9.031251 4253697
9.033100 4254769
9.034950 4255841
9.036800 4256913
9.038649 4257985
9.040499 4259057
9.042348 4260129
9.044198 4261201
9.046048 4262273
9.047897 4263345
9.049747 4264417
9.051596 4265489
9.053446 4266561
9.055296 4267633
9.057145 4268705
9.058995 4269777
9.060844 4270849
9.062694 4271921
9.064544 4272993
9.066393 4274065
9.068243 4275137
9.070092 4276209
9.071942 4277281
9.073792 4278353
9.075641 4279425
9.077491 4280497
9.079340 4281569
9.081190 4282641
9.083040 4283713
9.084889 4284785
9.086739 4285857
9.088588 4286929
9.090438 4288001
9.092288 4289073
9.094137 4290145
9.095987 4291217
9.097836 4292289
9.099686 4293361
9.101536 4294433
9.103385 4295505
9.105235 4296577
9.107084 4297649
9.108934 4298721
9.110784 4299793
9.112633 4300865
9.114483 4301937
9.116332 4303009
9.118182 4304081
9.120032 4305153
9.121881 4306225
9.123731 4307297
9.125580 4308369
9.127430 4309441
9.129280 4310513
9.131129 4311585
9.132979 4312657
9.134828 4313729
9.136678 4314801
9.138528 4315873
9.140377 4316945
9.142227 4318017
9.144076 4319089
9.145926 4320161
9.147776 4321233
9.149625 4322305
9.151475 4323377
9.153324 4324449
9.155174 4325521
9.157024 4326593
9.158873 4327665
9.160723 4328737
9.162572 4329809
9.164422 4330881
9.166272 4331953
9.168121 4333025
9.169971 4334097
9.171820 4335169
9.173670 4336241
9.175520 4337313
9.177369 4338385
9.179219 4339457
9.181068 4340529
9.182918 4341601
9.184768 4342673
9.186617 4343745
9.188467 4344817
9.190316 4345889
9.192166 4346961
9.194016 4348033
9.195865 4349105
9.197715 4350177
9.199564 4351249
9.201414 4352321
9.203264 4353393
9.205113 4354465
9.206963 4355537
9.208812 4356609
9.210662 4357681
9.212512 4358753
9.214361 4359825
9.216211 4360897
9.218060 4361969
9.219910 4363041
9.221760 4364113
9.223609 4365185
9.225459 4366257
9.227308 4367329
9.229158 4368401
9.231008 4369473
9.232857 4370545
9.234707 4371617
9.236556 4372689
9.238406 4373761
9.240256 4374833
9.242105 4375905
9.243955 4376977
9.245804 4378049
9.247654 4379121
9.249504 4380193
9.251353 4381265
9.253203 4382337
9.255052 4383409
9.256902 4384481
9.258752 4385553
9.260601 4386625
9.262451 4387697
9.264300 4388769
9.266150 4389841
9.268000 4390913
9.269849 4391985
9.271699 4393057
9.273548 4394129
9.275398 4394665
9.276323 4394665
9.277248 4394665
9.278172 4394665
9.279097 4394665
9.280022 4394665
9.280947 4394665
9.281872 4394665
9.282796 4394665
9.283721 4394665
9.284646 4394665
9.285571 4394665
9.286496 4394665
9.287420 4394665
9.288345 4394665
9.289270 4394665
9.290195 4394665
9.291120 4394665
9.292044 4394665
9.292969 4394665
9.293894 4394665
9.294819 4406457
9.298412 4407529
9.300262 4408601
9.302112 4409673
9.303961 4410745
9.305811 4411817
9.309404 4412889
9.311254 4413961
9.313104 4415033
9.314953 4416105
9.316803 4417177
9.320396 4418249
9.322246 4419321
9.324096 4420393
9.325945 4421465
9.327795 4422537
9.331388 4423609
9.333238 4424681
9.335088 4425753
9.336937 4426825
9.338787 4427897
9.340636 4428969
9.343305 4430041
9.345155 4431113
9.347004 4432185
9.348854 4433257
9.350704 4434329
9.352553 4435401
9.355222 4436473
9.357072 4437545
9.358921 4438617
9.360771 4439689
9.362620 4440761
9.364470 4441833
9.366320 4442905
9.368169 4443977
9.370019 4445049
9.371868 4446121
9.373718 4447193
9.375568 4448265
9.377417 4449337
9.379267 4450409
9.381116 4451481
9.382966 4452553
9.384816 4453625
9.386665 4454697
9.388515 4455769
9.390364 4456841
9.392214 4457913
9.394064 4458985
9.395913 4460057
9.397763 4461129
9.399612 4462201
9.401462 4463273
9.404236 4463809
9.405161 4463809
9.406086 4463809
9.407011 4463809
9.407936 4463809
9.408860 4463809
9.409785 4463809
9.410710 4463809
9.411635 4463809
9.412560 4463809
9.413484 4463809
9.414409 4463809
9.415334 4463809
9.416259 4463809
9.418003 4471849
9.424476 4472921
9.426326 4473993
9.428995 4475065
9.435468 4476137
9.437318 4477209
9.439987 4478281
9.441836 4479353
9.447385 4480425
9.449235 4481497
9.451904 4482569
9.453753 4483641
9.459302 4484713
9.461152 4485785
9.463820 4486857
9.465670 4487929
9.471219 4489001
9.473068 4490073
9.474918 4491145
9.476768 4492217
9.482211 4493289
9.484060 4494361
9.485910 4495433
9.487760 4496505
9.493203 4497577
9.495052 4498649
9.496902 4499721
9.498752 4500793
9.500601 4501865
9.505120 4502937
9.506969 4504009
9.508819 4505081
9.510668 4506153
9.512518 4507225
9.517036 4508297
9.518886 4509369
9.520736 4510441
9.522585 4511513
9.525360 4512049
9.528028 4512049
9.528953 4512049
9.529878 4512049
9.530803 4512049
9.531728 4512049
9.532652 4512049
9.533577 4512049
9.534502 4512049
9.536352 4512049
9.540870 4517945
9.545494 4519017
9.551862 4520089
9.556486 4521161
9.562854 4522233
9.564704 4523305
9.568403 4524377
9.574771 4525449
9.576620 4526521
9.580320 4527593
9.586688 4528665
9.588537 4529737
9.592236 4530809
9.597680 4531881
9.599529 4532953
9.603228 4534025
9.608672 4535097
9.610521 4536169
9.614220 4537241
9.619664 4538313
9.621513 4539385
9.623363 4540457
9.626137 4541529
9.631580 4542601
9.633430 4543673
9.635280 4544745
9.638054 4545817
9.643497 4546889
9.645347 4547961
9.647196 4549033
9.649046 4550105
9.654489 4551177
9.656339 4552249
9.658188 4553321
9.660038 4554393
9.665481 4555465
9.667331 4556537
9.669180 4557609
9.671030 4558681
9.672880 4559753
9.677398 4560825
9.679248 4561897
9.681097 4562969
9.682947 4564041
9.684796 4565113
9.689315 4566185
9.691164 4567257
9.693014 4568329
9.694864 4569401
9.696713 4570473
9.701232 4571545
9.703081 4572617
9.704931 4573689
9.706780 4574761
9.708630 4575833
9.712224 4576905
9.714073 4577977
9.715923 4579049
9.717772 4580121
9.719622 4581193
9.723216 4582265
9.725065 4583337
9.726915 4584409
9.728764 4585481
9.730614 4586553
9.732464 4587625
9.735132 4588697
9.736982 4589769
9.738832 4590841
9.740681 4591913
9.742531 4592985
9.744380 4594057
9.747049 4595129
9.748899 4596201
9.750748 4597273
9.752598 4598345
9.754448 4599417
9.756297 4600489
9.758147 4601561
9.759996 4602633
9.761846 4603705
9.763696 4604777
9.765545 4605849
9.767395 4606921
9.769244 4607993
9.771094 4609065
9.772944 4610137
9.774793 4611209
9.776643 4612281
9.778492 4613353
9.780342 4614425
9.782192 4615497
9.784041 4616569
9.785891 4617641
9.787740 4618713
9.789590 4619785
9.791440 4620857
9.793289 4621929
9.795139 4623001
9.796988 4624073
9.798838 4625145
9.800688 4626217
9.802537 4627289
9.804387 4628361
9.806236 4629433
9.808086 4630505
9.809936 4631577
9.811785 4632649
9.813635 4633721
9.815484 4634793
9.817334 4635865
9.819184 4636937
9.821033 4638009
9.822883 4639081
9.824732 4640153
9.826582 4641225
9.828432 4642297
9.830281 4643369
9.832131 4644441
9.833980 4645513
9.835830 4646585
9.837680 4647657
9.839529 4648729
9.841379 4649801
9.843228 4650873
9.845078 4651945
9.846928 4653017
9.848777 4654089
9.850627 4655161
9.852476 4656233
9.854326 4657305
9.856176 4658377
9.858025 4659449
9.859875 4660521
9.861724 4661593
9.863574 4662665
9.865424 4663737
9.867273 4664809
9.869123 4665881
9.870972 4666953
9.872822 4668025
9.874672 4669097
9.876521 4670169
9.878371 4671241
9.880220 4672313
9.882070 4673385
9.883920 4674457
9.885769 4675529
9.887619 4676601
9.889468 4677673
9.891318 4678745
9.893168 4679817
9.895017 4680889
9.896867 4681961
9.898716 4683033
9.900566 4684105
9.902416 4685177
9.904265 4686249
9.906115 4687321
9.907964 4688393
9.909814 4689465
9.911664 4690537
9.913513 4691609
9.915363 4692681
9.917212 4693753
9.919062 4694825
9.920912 4695897
9.922761 4696969
9.924611 4698041
9.926460 4699113
9.928310 4700185
9.930160 4701257
9.932009 4702329
9.933859 4703401
9.935708 4704473
9.937558 4705545
9.939408 4706617
9.941257 4707689
9.943107 4708761
9.944956 4709833
9.946806 4710905
9.948656 4711977
9.950505 4713049
9.952355 4714121
9.954204 4715193
9.956054 4716265
9.957904 4717337
9.959753 4718409
9.961603 4719481
9.963452 4720553
9.965302 4721625
9.967152 4722697
9.969001 4723769
9.970851 4724841
9.972700 4725913
9.974550 4726985
9.976400 4728057
9.978249 4729129
9.980099 4730201
9.981948 4731273
9.983798 4732345
9.985648 4733417
9.987497 4734489
9.989347 4735561
9.991196 4736633
9.993046 4737705
9.994896 4738777
9.996745 4739849
9.998595 4740921
