start
2.06102 47168
3.294 34304
5.694 8576
8.894 4288
end
start
2.14969 441664
3.16464 1054848
4.2911 107200
5.39168 270144
6.57754 385920
7.58557 171520
8.59267 175808
9.74574 141504
end
start
2.0053 3361792
3.00694 4107904
4.01207 3824896
5.01506 2649984
6.0156 3447552
7.01566 3293184
8.01619 4035008
9.01756 4339456
end
start
2.0058 4172224
3.00609 4558144
4.00656 4506688
5.00839 4540992
6.00929 4545280
7.00987 4519552
8.01074 4403776
9.01141 4356608
end
start
2.0058 4172224
3.00609 4558144
4.00667 4519552
5.00675 4540992
6.00754 4536704
7.00813 4519552
8.00842 4558144
9.009 4519552
end
start
2.0058 4172224
3.00609 4558144
4.00667 4519552
5.00675 4540992
6.00754 4536704
7.00813 4519552
8.00842 4558144
9.009 4519552
end
