1.010134 1
1.021193 537
1.033110 1609
1.045027 2681
1.056019 3753
1.057868 4825
1.067936 5897
1.069785 6969
1.071635 8041
1.079852 9113
1.081702 10185
1.083552 11257
1.085401 12329
1.090844 13401
1.092694 14473
1.094544 15545
1.096393 16617
1.098243 17689
1.100092 18761
1.101942 19833
1.103792 20905
1.105641 21977
1.107491 23049
1.109340 24121
1.111190 25193
1.113040 26265
1.114889 27337
1.116739 28409
1.118588 29481
1.120438 30553
1.122288 31625
1.124137 32697
1.125987 33233
1.126912 33233
1.127836 33233
1.128761 33233
1.129686 33233
1.130611 33233
1.131536 33233
1.132460 33233
1.133385 33233
1.134310 33233
1.135235 33233
1.136160 33233
1.137084 33233
1.138009 33233
1.138934 33233
1.139859 33233
1.140784 33233
1.141708 33233
1.142633 33233
1.143558 33233
1.144483 33233
1.145408 33233
1.146332 34841
1.153625 34841
1.154550 34841
1.155475 34841
1.156400 34841
1.157324 36449
1.158249 36449
1.164617 36449
1.165542 36449
1.166467 36449
1.167392 36449
1.168316 38057
1.169241 38057
1.170166 38057
1.175609 38057
1.176534 38057
1.177459 38057
1.178384 38057
1.179308 39665
1.180233 39665
1.181158 39665
1.182083 39665
1.186601 39665
1.187526 39665
1.188451 39665
1.189376 39665
1.190300 41273
1.191225 41273
1.192150 41273
1.193075 41273
1.194000 41273
1.197593 41273
1.198518 41273
1.199443 41273
1.200368 41273
1.201292 42881
1.202217 42881
1.203142 42881
1.204067 42881
1.204992 42881
1.205916 42881
1.208585 42881
1.209510 42881
1.210435 42881
1.211360 42881
1.212284 44489
1.213209 44489
1.214134 44489
1.215059 44489
1.215984 44489
1.216908 44489
1.217833 44489
1.219577 44489
1.220502 44489
1.221427 44489
1.222352 44489
1.223276 46097
1.224201 46097
1.225126 46097
1.226051 46097
1.226976 46097
1.227900 46097
1.228825 46097
1.229750 46097
1.230675 46097
1.231600 46097
1.232524 46097
1.233449 46097
1.234374 47705
1.235299 47705
1.236224 47705
1.237148 47705
1.238073 47705
1.238998 47705
1.239923 47705
1.240848 47705
1.241772 47705
1.242697 47705
1.243622 47705
1.244547 47705
1.245472 47705
1.246396 49313
1.247321 49313
1.248246 49313
1.249171 49313
1.250096 49313
1.251020 49313
1.251945 49313
1.252870 49313
1.253795 49313
1.254720 49313
1.255644 49313
1.256569 49313
1.257494 49313
1.258419 49313
1.259344 96481
1.261193 97553
1.263043 98625
1.264892 99697
1.266742 100769
1.268592 101841
1.270441 102913
1.272291 103985
1.274140 105057
1.275990 106129
1.277840 107201
1.279689 108273
1.281539 109345
1.283388 110417
1.285238 111489
1.287088 112561
1.288937 113633
1.290787 114705
1.292636 115777
1.294486 116849
1.296336 117921
1.298185 118993
1.300035 120065
1.301884 121137
1.303734 122209
1.305584 123281
1.307433 124353
1.309283 125425
1.311132 126497
1.312982 127569
1.314832 128641
1.316681 129713
1.318531 130785
1.320380 131857
1.322230 132929
1.324080 134001
1.325929 135073
1.327779 136145
1.329628 137217
1.331478 138289
1.333328 139361
1.335177 140433
1.337027 141505
1.338876 142577
1.340726 143649
1.342576 144721
1.344425 145793
1.346275 146865
1.348124 147937
1.349974 149009
1.351824 150081
1.353673 151153
1.355523 152225
1.357372 153297
1.359222 154369
1.361072 155441
1.362921 156513
1.364771 157585
1.366620 158657
1.368470 159729
1.370320 160801
1.372169 161873
1.374019 162945
1.375868 164017
1.377718 165089
1.379568 166161
1.381417 167233
1.383267 168305
1.385116 169377
1.386966 170449
1.388816 171521
1.390665 172593
1.392515 173665
1.394364 174737
1.396214 175809
1.398064 176881
1.399913 177953
1.401763 179025
1.403612 180097
1.405462 181169
1.407312 182241
1.409161 183313
1.411011 184385
1.412860 185457
1.414710 186529
1.416560 187601
1.418409 188673
1.420259 189745
1.422108 190817
1.423958 191889
1.425808 192961
1.427657 194033
1.429507 195105
1.431356 196177
1.433206 197249
1.435056 198321
1.436905 199393
1.438755 200465
1.440604 201537
1.442454 202609
1.444304 203681
1.446153 204753
1.448003 205825
1.449852 206897
1.451702 207969
1.453552 209041
1.455401 210113
1.457251 211185
1.459100 212257
1.460950 213329
1.462800 214401
1.464649 215473
1.466499 216545
1.468348 217617
1.470198 218689
1.472048 219761
1.473897 220833
1.475747 221905
1.477596 222441
1.478521 222441
1.479446 222441
1.480371 222441
1.481296 222441
1.482220 222441
1.483145 222441
1.484070 222441
1.484995 222441
1.485920 222441
1.486844 222441
1.487769 222441
1.488694 222441
1.489619 222441
1.490544 222441
1.491468 222441
1.492393 222441
1.493318 222441
1.494243 222441
1.495168 222441
1.496092 222441
1.497017 234233
1.500611 235305
1.502460 236377
1.504310 237449
1.506160 238521
1.508009 239593
1.511603 240665
1.513452 241737
1.515302 242809
1.517152 243881
1.519001 244953
1.522595 246025
1.524444 247097
1.526294 248169
1.528144 249241
1.529993 250313
1.533587 251385
1.535436 252457
1.537286 253529
1.539136 254601
1.540985 255673
1.542835 256745
1.545504 257817
1.547353 258889
1.549203 259961
1.551052 261033
1.552902 262105
1.554752 263177
1.557420 264249
1.559270 265321
1.561120 266393
1.562969 267465
1.564819 268537
1.566668 269609
1.568518 270681
1.570368 271753
1.572217 272825
1.574067 273897
1.575916 274969
1.577766 276041
1.579616 277113
1.581465 278185
1.583315 279257
1.585164 280329
1.587014 281401
1.588864 282473
1.590713 283545
1.592563 284617
1.594412 285689
1.596262 286761
1.598112 287833
1.599961 288905
1.601811 289977
1.603660 291049
1.605510 292121
1.607360 293193
1.609209 294265
1.611059 295337
1.612908 296409
1.614758 297481
1.616608 298553
1.618457 299625
1.620307 300697
1.622156 301769
1.624006 302841
1.625856 303913
1.627705 304985
1.629555 306057
1.631404 307129
1.633254 308201
1.635104 309273
1.636953 310345
1.638803 311417
1.640652 312489
1.642502 313561
1.644352 314633
1.646201 315705
1.648051 316777
1.649900 317849
1.651750 318921
1.653600 319993
1.655449 321065
1.657299 322137
1.659148 323209
1.660998 324281
1.662848 325353
1.664697 326425
1.666547 327497
1.668396 328569
1.670246 329641
1.672096 330713
1.673945 331785
1.675795 332857
1.677644 333929
1.679494 335001
1.681344 336073
1.683193 337145
1.685043 338217
1.686892 339289
1.688742 340361
1.690592 341433
1.692441 342505
1.694291 343577
1.696140 344649
1.697990 345721
1.699840 346793
1.701689 347865
1.703539 348937
1.705388 350009
1.707238 351081
1.709088 352153
1.710937 353225
1.712787 354297
1.714636 355369
1.716486 356441
1.718336 357513
1.720185 358585
1.722035 359657
1.723884 360729
1.725734 361801
1.727584 362873
1.729433 363945
1.731283 365017
1.733132 366089
1.734982 367161
1.736832 368233
1.738681 369305
1.740531 370377
1.742380 371449
1.744230 372521
1.746080 373593
1.747929 374665
1.749779 375737
1.751628 376809
1.753478 377881
1.755328 378953
1.757177 380025
1.759027 381097
1.760876 382169
1.762726 383241
1.764576 384313
1.766425 385385
1.768275 386457
1.770124 387529
1.771974 388601
1.773824 389673
1.775673 390745
1.777523 391817
1.779372 392889
1.781222 393961
1.783072 395033
1.784921 396105
1.786771 397177
1.788620 398249
1.790470 399321
1.792320 400393
1.794169 401465
1.796019 402537
1.797868 403609
1.799718 404681
1.801568 405753
1.803417 406825
1.805267 407897
1.807116 408969
1.808966 410041
1.810816 411113
1.812665 412185
1.814515 413257
1.816364 414329
1.818214 415401
1.820064 416473
1.821913 417545
1.823763 418617
1.825612 419689
1.827462 420761
1.829312 421833
1.831161 422905
1.833011 423977
1.834860 425049
1.836710 426121
1.838560 427193
1.840409 428265
1.842259 429337
1.844108 430409
1.845958 431481
1.847808 432553
1.849657 433625
1.851507 434697
1.853356 435769
1.855206 436841
1.857056 437913
1.858905 438985
1.860755 440057
1.862604 441129
1.864454 442201
1.866304 442737
1.867228 442737
1.868153 442737
1.869078 442737
1.870003 442737
1.870928 442737
1.871852 442737
1.872777 442737
1.873702 442737
1.874627 442737
1.875552 442737
1.876476 442737
1.877401 442737
1.878326 442737
1.879251 442737
1.880176 442737
1.881100 442737
1.882025 442737
1.882950 442737
1.883875 442737
1.884800 442737
1.885724 454529
1.889318 455601
1.891168 456673
1.893017 457745
1.894867 458817
1.896716 459889
1.900310 460961
1.902160 462033
1.904009 463105
1.905859 464177
1.907708 465249
1.911302 466321
1.913152 467393
1.915001 468465
1.916851 469537
1.918700 470609
1.922294 471681
1.924144 472753
1.925993 473825
1.927843 474897
1.929692 475969
1.931542 477041
1.934211 478113
1.936060 479185
1.937910 480257
1.939760 481329
1.941609 482401
1.943459 483473
1.946128 484545
1.947977 485617
1.949827 486689
1.951676 487761
1.953526 488833
1.955376 489905
1.957225 490977
1.959075 492049
1.960924 493121
1.962774 494193
1.964624 495265
1.966473 496337
1.968323 497409
1.970172 498481
1.972022 499553
1.973872 500625
1.975721 501697
1.977571 502769
1.979420 503841
1.981270 504913
1.983120 505985
1.984969 507057
1.986819 508129
1.988668 509201
1.990518 510273
1.992368 511345
1.994217 512417
1.996067 513489
1.997916 514561
1.999766 515633
2.001616 516705
2.003465 517777
2.005315 518849
2.007164 519921
2.009014 520993
2.010864 522065
2.012713 523137
2.014563 524209
2.016412 525281
2.018262 526353
2.020112 527425
2.021961 528497
2.023811 529569
2.025660 530641
2.027510 531713
2.029360 532785
2.031209 533857
2.033059 534929
2.034908 536001
2.036758 537073
2.038608 538145
2.040457 539217
2.042307 540289
2.044156 541361
2.046006 542433
2.047856 543505
2.049705 544577
2.051555 545649
2.053404 546721
2.055254 547793
2.057104 548865
2.058953 549937
2.060803 551009
2.062652 552081
2.064502 553153
2.066352 554225
2.068201 555297
2.070051 556369
2.071900 557441
2.073750 558513
2.075600 559585
2.077449 560657
2.079299 561729
2.081148 562801
2.082998 563873
2.084848 564945
2.086697 566017
2.088547 567089
2.090396 568161
2.092246 569233
2.094096 570305
2.095945 571377
2.097795 572449
2.099644 573521
2.101494 574593
2.103344 575665
2.105193 576737
2.107043 577809
2.108892 578881
2.110742 579953
2.112592 581025
2.114441 582097
2.116291 583169
2.118140 584241
2.119990 585313
2.121840 586385
2.123689 587457
2.125539 588529
2.127388 589601
2.129238 590673
2.131088 591745
2.132937 592817
2.134787 593889
2.136636 594961
2.138486 596033
2.140336 597105
2.142185 598177
2.144035 599249
2.145884 600321
2.147734 601393
2.149584 602465
2.151433 603537
2.153283 604609
2.155132 605681
2.156982 606753
2.158832 607825
2.160681 608897
2.162531 609969
2.164380 611041
2.166230 612113
2.168080 613185
2.169929 614257
2.171779 615329
2.173628 616401
2.175478 617473
2.177328 618545
2.179177 619617
2.181027 620689
2.182876 621761
2.184726 622833
2.186576 623905
2.188425 624977
2.190275 626049
2.192124 627121
2.193974 628193
2.195824 629265
2.197673 630337
2.199523 631409
2.201372 632481
2.203222 633553
2.205072 634625
2.206921 635697
2.208771 636769
2.210620 637841
2.212470 638913
2.214320 639985
2.216169 641057
2.218019 642129
2.219868 643201
2.221718 644273
2.223568 645345
2.225417 646417
2.227267 647489
2.229116 648561
2.230966 649633
2.232816 650705
2.234665 651777
2.236515 652849
2.238364 653921
2.240214 654993
2.242064 656065
2.243913 657137
2.245763 658209
2.247612 659281
2.249462 660353
2.251312 661425
2.253161 662497
2.255011 663033
2.255936 663033
2.256860 663033
2.257785 663033
2.258710 663033
2.259635 663033
2.260560 663033
2.261484 663033
2.262409 663033
2.263334 663033
2.264259 663033
2.265184 663033
2.266108 663033
2.267033 663033
2.267958 663033
2.268883 663033
2.269808 663033
2.270732 663033
2.271657 663033
2.272582 663033
2.273507 663033
2.274432 674825
2.278025 675897
2.279875 676969
2.281724 678041
2.283574 679113
2.285424 680185
2.289017 681257
2.290867 682329
2.292716 683401
2.294566 684473
2.296416 685545
2.300009 686617
2.301859 687689
2.303708 688761
2.305558 689833
2.307408 690905
2.311001 691977
2.312851 693049
2.314700 694121
2.316550 695193
2.318400 696265
2.320249 697337
2.322918 698409
2.324768 699481
2.326617 700553
2.328467 701625
2.330316 702697
2.332166 703769
2.334835 704841
2.336684 705913
2.338534 706985
2.340384 708057
2.342233 709129
2.344083 710201
2.345932 711273
2.347782 712345
2.349632 713417
2.351481 714489
2.353331 715561
2.355180 716633
2.357030 717705
2.358880 718777
2.360729 719849
2.362579 720921
2.364428 721993
2.366278 723065
2.368128 724137
2.369977 725209
2.371827 726281
2.373676 727353
2.375526 728425
2.377376 729497
2.379225 730569
2.381075 731641
2.382924 732713
2.384774 733785
2.386624 734857
2.388473 735929
2.390323 737001
2.392172 738073
2.394022 739145
2.395872 740217
2.397721 741289
2.399571 742361
2.401420 743433
2.403270 744505
2.405120 745577
2.406969 746649
2.408819 747721
2.410668 748793
2.412518 749865
2.414368 750937
2.416217 752009
2.418067 753081
2.419916 754153
2.421766 755225
2.423616 756297
2.425465 757369
2.427315 758441
2.429164 759513
2.431014 760585
2.432864 761657
2.434713 762729
2.436563 763801
2.438412 764873
2.440262 765945
2.442112 767017
2.443961 768089
2.445811 769161
2.447660 770233
2.449510 771305
2.451360 772377
2.453209 773449
2.455059 774521
2.456908 775593
2.458758 776665
2.460608 777737
2.462457 778809
2.464307 779881
2.466156 780953
2.468006 782025
2.469856 783097
2.471705 784169
2.473555 785241
2.475404 786313
2.477254 787385
2.479104 788457
2.480953 789529
2.482803 790601
2.484652 791673
2.486502 792745
2.488352 793817
2.490201 794889
2.492051 795961
2.493900 797033
2.495750 798105
2.497600 799177
2.499449 800249
2.501299 801321
2.503148 802393
2.504998 803465
2.506848 804537
2.508697 805609
2.510547 806681
2.512396 807753
2.514246 808825
2.516096 809897
2.517945 810969
2.519795 812041
2.521644 813113
2.523494 814185
2.525344 815257
2.527193 816329
2.529043 817401
2.530892 818473
2.532742 819545
2.534592 820617
2.536441 821689
2.538291 822761
2.540140 823833
2.541990 824905
2.543840 825977
2.545689 827049
2.547539 828121
2.549388 829193
2.551238 830265
2.553088 831337
2.554937 832409
2.556787 833481
2.558636 834553
2.560486 835625
2.562336 836697
2.564185 837769
2.566035 838841
2.567884 839913
2.569734 840985
2.571584 842057
2.573433 843129
2.575283 844201
2.577132 845273
2.578982 846345
2.580832 847417
2.582681 848489
2.584531 849561
2.586380 850633
2.588230 851705
2.590080 852777
2.591929 853849
2.593779 854921
2.595628 855993
2.597478 857065
2.599328 858137
2.601177 859209
2.603027 860281
2.604876 861353
2.606726 862425
2.608576 863497
2.610425 864569
2.612275 865641
2.614124 866713
2.615974 867785
2.617824 868857
2.619673 869929
2.621523 871001
2.623372 872073
2.625222 873145
2.627072 874217
2.628921 875289
2.630771 876361
2.632620 877433
2.634470 878505
2.636320 879577
2.638169 880649
2.640019 881721
2.641868 882793
2.643718 883329
2.644643 883329
2.645568 883329
2.646492 883329
2.647417 883329
2.648342 883329
2.649267 883329
2.650192 883329
2.651116 883329
2.652041 883329
2.652966 883329
2.653891 883329
2.654816 883329
2.655740 883329
2.656665 883329
2.657590 883329
2.658515 883329
2.659440 883329
2.660364 883329
2.661289 883329
2.662214 883329
2.663139 895121
2.666732 896193
2.668582 897265
2.670432 898337
2.672281 899409
2.674131 900481
2.677724 901553
2.679574 902625
2.681424 903697
2.683273 904769
2.685123 905841
2.688716 906913
2.690566 907985
2.692416 909057
2.694265 910129
2.696115 911201
2.699708 912273
2.701558 913345
2.703408 914417
2.705257 915489
2.707107 916561
2.708956 917633
2.711625 918705
2.713475 919777
2.715324 920849
2.717174 921921
2.719024 922993
2.720873 924065
2.723542 925137
2.725392 926209
2.727241 927281
2.729091 928353
2.730940 929425
2.732790 930497
2.734640 931569
2.736489 932641
2.738339 933713
2.740188 934785
2.742038 935857
2.743888 936929
2.745737 938001
2.747587 939073
2.749436 940145
2.751286 941217
2.753136 942289
2.754985 943361
2.756835 944433
2.758684 945505
2.760534 946577
2.762384 947649
2.764233 948721
2.766083 949793
2.767932 950865
2.769782 951937
2.771632 953009
2.773481 954081
2.775331 955153
2.777180 956225
2.779030 957297
2.780880 958369
2.782729 959441
2.784579 960513
2.786428 961585
2.788278 962657
2.790128 963729
2.791977 964801
2.793827 965873
2.795676 966945
2.797526 968017
2.799376 969089
2.801225 970161
2.803075 971233
2.804924 972305
2.806774 973377
2.808624 974449
2.810473 975521
2.812323 976593
2.814172 977665
2.816022 978737
2.817872 979809
2.819721 980881
2.821571 981953
2.823420 983025
2.825270 984097
2.827120 985169
2.828969 986241
2.830819 987313
2.832668 988385
2.834518 989457
2.836368 990529
2.838217 991601
2.840067 992673
2.841916 993745
2.843766 994817
2.845616 995889
2.847465 996961
2.849315 998033
2.851164 999105
2.853014 1000177
2.854864 1001249
2.856713 1002321
2.858563 1003393
2.860412 1004465
2.862262 1005537
2.864112 1006609
2.865961 1007681
2.867811 1008753
2.869660 1009825
2.871510 1010897
2.873360 1011969
2.875209 1013041
2.877059 1014113
2.878908 1015185
2.880758 1016257
2.882608 1017329
2.884457 1018401
2.886307 1019473
2.888156 1020545
2.890006 1021617
2.891856 1022689
2.893705 1023761
2.895555 1024833
2.897404 1025905
2.899254 1026977
2.901104 1028049
2.902953 1029121
2.904803 1030193
2.906652 1031265
2.908502 1032337
2.910352 1033409
2.912201 1034481
2.914051 1035553
2.915900 1036625
2.917750 1037697
2.919600 1038769
2.921449 1039841
2.923299 1040913
2.925148 1041985
2.926998 1043057
2.928848 1044129
2.930697 1045201
2.932547 1046273
2.934396 1047345
2.936246 1048417
2.938096 1049489
2.939945 1050561
2.941795 1051633
2.943644 1052705
2.945494 1053777
2.947344 1054849
2.949193 1055921
2.951043 1056993
2.952892 1058065
2.954742 1059137
2.956592 1060209
2.958441 1061281
2.960291 1062353
2.962140 1063425
2.963990 1064497
2.965840 1065569
2.967689 1066641
2.969539 1067713
2.971388 1068785
2.973238 1069857
2.975088 1070929
2.976937 1072001
2.978787 1073073
2.980636 1074145
2.982486 1075217
2.984336 1076289
2.986185 1077361
2.988035 1078433
2.989884 1079505
2.991734 1080577
2.993584 1081649
2.995433 1082721
2.997283 1083793
2.999132 1084865
3.000982 1085937
3.002832 1087009
3.004681 1088081
3.006531 1089153
3.008380 1090225
3.010230 1091297
3.012080 1092369
3.014854 1092905
3.015779 1092905
3.016704 1092905
3.017628 1092905
3.018553 1092905
3.019478 1092905
3.020403 1092905
3.021328 1092905
3.022252 1092905
3.023177 1092905
3.024102 1092905
3.025027 1092905
3.025952 1092905
3.026876 1092905
3.027801 1092905
3.028726 1092905
3.029651 1092905
3.030576 1092905
3.031500 1092905
3.032425 1092905
3.033350 1103625
3.036944 1103625
3.037868 1103625
3.038793 1103625
3.039718 1103625
3.040643 1103625
3.041568 1103625
3.042492 1103625
3.043417 1103625
3.044342 1108985
3.047936 1110057
3.049785 1111129
3.051635 1112201
3.053484 1113273
3.055334 1114345
3.058928 1115417
3.060777 1116489
3.062627 1117561
3.064476 1118633
3.066326 1119705
3.069920 1120777
3.071769 1121849
3.073619 1122921
3.075468 1123993
3.077318 1125065
3.080912 1126137
3.082761 1127209
3.084611 1128281
3.086460 1129353
3.088310 1130425
3.090160 1131497
3.092828 1132569
3.094678 1133641
3.096528 1134713
3.098377 1135785
3.100227 1136857
3.102076 1137929
3.104745 1139001
3.106595 1140073
3.108444 1141145
3.110294 1142217
3.112144 1143289
3.113993 1144361
3.115843 1145433
3.117692 1146505
3.119542 1147577
3.121392 1148649
3.123241 1149721
3.125091 1150793
3.126940 1151865
3.128790 1152937
3.130640 1154009
3.132489 1155081
3.134339 1156153
3.136188 1157225
3.138038 1158297
3.139888 1159369
3.141737 1160441
3.143587 1161513
3.145436 1162585
3.147286 1163657
3.149136 1164729
3.150985 1165801
3.152835 1166873
3.154684 1167945
3.156534 1169017
3.158384 1170089
3.160233 1171161
3.162083 1172233
3.163932 1173305
3.165782 1174377
3.167632 1175449
3.169481 1176521
3.171331 1177593
3.173180 1178665
3.175030 1179737
3.176880 1180809
3.178729 1181881
3.180579 1182953
3.182428 1184025
3.184278 1185097
3.186128 1186169
3.187977 1187241
3.189827 1188313
3.191676 1189385
3.193526 1190457
3.195376 1191529
3.197225 1192601
3.199075 1193673
3.200924 1194745
3.202774 1195817
3.204624 1196889
3.206473 1197961
3.208323 1199033
3.210172 1200105
3.212022 1201177
3.213872 1202249
3.215721 1203321
3.217571 1204393
3.219420 1205465
3.221270 1206537
3.223120 1207609
3.224969 1208681
3.226819 1209753
3.228668 1210825
3.230518 1211897
3.232368 1212969
3.234217 1214041
3.236067 1215113
3.237916 1216185
3.239766 1217257
3.241616 1218329
3.243465 1219401
3.245315 1220473
3.247164 1221545
3.249014 1222617
3.250864 1223689
3.252713 1224761
3.254563 1225833
3.256412 1226905
3.258262 1227977
3.260112 1229049
3.261961 1230121
3.263811 1231193
3.265660 1232265
3.267510 1233337
3.269360 1234409
3.271209 1235481
3.273059 1236553
3.274908 1237625
3.276758 1238697
3.278608 1239769
3.280457 1240841
3.282307 1241913
3.284156 1242985
3.286006 1244057
3.287856 1245129
3.289705 1246201
3.291555 1247273
3.293404 1248345
3.295254 1249417
3.297104 1250489
3.298953 1251561
3.300803 1252633
3.302652 1253705
3.304502 1254777
3.306352 1255849
3.308201 1256921
3.310051 1257993
3.311900 1259065
3.313750 1260137
3.315600 1261209
3.317449 1262281
3.319299 1263353
3.321148 1264425
3.322998 1265497
3.324848 1266569
3.326697 1267641
3.328547 1268713
3.330396 1269785
3.332246 1270857
3.334096 1271929
3.335945 1273001
3.337795 1274073
3.339644 1275145
3.341494 1276217
3.343344 1277289
3.345193 1278361
3.347043 1279433
3.348892 1280505
3.350742 1281577
3.352592 1282649
3.354441 1283721
3.356291 1284793
3.358140 1285865
3.359990 1286937
3.361840 1288009
3.363689 1289081
3.365539 1290153
3.367388 1291225
3.369238 1292297
3.371088 1293369
3.372937 1294441
3.374787 1295513
3.376636 1296585
3.378486 1297657
3.380336 1298729
3.382185 1299801
3.384035 1300873
3.385884 1301945
3.387734 1303017
3.389584 1304089
3.391433 1305161
3.393283 1306233
3.395132 1307305
3.396982 1308377
3.398832 1309449
3.400681 1310521
3.402531 1311593
3.404380 1312665
3.406230 1313737
3.408080 1314809
3.409929 1315881
3.411779 1316953
3.413628 1317489
3.414553 1317489
3.415478 1317489
3.416403 1317489
3.417328 1317489
3.418252 1317489
3.419177 1317489
3.420102 1317489
3.421027 1317489
3.421952 1317489
3.422876 1317489
3.423801 1317489
3.424726 1317489
3.425651 1317489
3.426576 1317489
3.427500 1317489
3.428425 1317489
3.429350 1317489
3.430275 1317489
3.431200 1317489
3.432124 1317489
3.433049 1329281
3.436643 1330353
3.438492 1331425
3.440342 1332497
3.442192 1333569
3.444041 1334641
3.447635 1335713
3.449484 1336785
3.451334 1337857
3.453184 1338929
3.455033 1340001
3.458627 1341073
3.460476 1342145
3.462326 1343217
3.464176 1344289
3.466025 1345361
3.469619 1346433
3.471468 1347505
3.473318 1348577
3.475168 1349649
3.477017 1350721
3.478867 1351793
3.481536 1352865
3.483385 1353937
3.485235 1355009
3.487084 1356081
3.488934 1357153
3.490784 1358225
3.493452 1359297
3.495302 1360369
3.497152 1361441
3.499001 1362513
3.500851 1363585
3.502700 1364657
3.504550 1365729
3.506400 1366801
3.508249 1367873
3.510099 1368945
3.511948 1370017
3.513798 1371089
3.515648 1372161
3.517497 1373233
3.519347 1374305
3.521196 1375377
3.523046 1376449
3.524896 1377521
3.526745 1378593
3.528595 1379665
3.530444 1380737
3.532294 1381809
3.534144 1382881
3.535993 1383953
3.537843 1385025
3.539692 1386097
3.541542 1387169
3.543392 1388241
3.545241 1389313
3.547091 1390385
3.548940 1391457
3.550790 1392529
3.552640 1393601
3.554489 1394673
3.556339 1395745
3.558188 1396817
3.560038 1397889
3.561888 1398961
3.563737 1400033
3.565587 1401105
3.567436 1402177
3.569286 1403249
3.571136 1404321
3.572985 1405393
3.574835 1406465
3.576684 1407537
3.578534 1408609
3.580384 1409681
3.582233 1410753
3.584083 1411825
3.585932 1412897
3.587782 1413969
3.589632 1415041
3.591481 1416113
3.593331 1417185
3.595180 1418257
3.597030 1419329
3.598880 1420401
3.600729 1421473
3.602579 1422545
3.604428 1423617
3.606278 1424689
3.608128 1425761
3.609977 1426833
3.611827 1427905
3.613676 1428977
3.615526 1430049
3.617376 1431121
3.619225 1432193
3.621075 1433265
3.622924 1434337
3.624774 1435409
3.626624 1436481
3.628473 1437553
3.630323 1438625
3.632172 1439697
3.634022 1440769
3.635872 1441841
3.637721 1442913
3.639571 1443985
3.641420 1445057
3.643270 1446129
3.645120 1447201
3.646969 1448273
3.648819 1449345
3.650668 1450417
3.652518 1451489
3.654368 1452561
3.656217 1453633
3.658067 1454705
3.659916 1455777
3.661766 1456849
3.663616 1457921
3.665465 1458993
3.667315 1460065
3.669164 1461137
3.671014 1462209
3.672864 1463281
3.674713 1464353
3.676563 1465425
3.678412 1466497
3.680262 1467569
3.682112 1468641
3.683961 1469713
3.685811 1470785
3.687660 1471857
3.689510 1472929
3.691360 1474001
3.693209 1475073
3.695059 1476145
3.696908 1477217
3.698758 1478289
3.700608 1479361
3.702457 1480433
3.704307 1481505
3.706156 1482577
3.708006 1483649
3.709856 1484721
3.711705 1485793
3.713555 1486865
3.715404 1487937
3.717254 1489009
3.719104 1490081
3.720953 1491153
3.722803 1492225
3.724652 1493297
3.726502 1494369
3.728352 1495441
3.730201 1496513
3.732051 1497585
3.733900 1498657
3.735750 1499729
3.737600 1500801
3.739449 1501873
3.741299 1502945
3.743148 1504017
3.744998 1505089
3.746848 1506161
3.748697 1507233
3.750547 1508305
3.752396 1509377
3.754246 1510449
3.756096 1511521
3.757945 1512593
3.759795 1513665
3.761644 1514737
3.763494 1515809
3.765344 1516881
3.767193 1517953
3.769043 1519025
3.770892 1520097
3.772742 1521169
3.774592 1522241
3.776441 1523313
3.778291 1524385
3.780140 1525457
3.781990 1526529
3.783840 1527601
3.785689 1528673
3.787539 1529745
3.789388 1530817
3.791238 1531889
3.793088 1532961
3.794937 1534033
3.796787 1535105
3.798636 1536177
3.800486 1537249
3.802336 1537785
3.803260 1537785
3.804185 1537785
3.805110 1537785
3.806035 1537785
3.806960 1537785
3.807884 1537785
3.808809 1537785
3.809734 1537785
3.810659 1537785
3.811584 1537785
3.812508 1537785
3.813433 1537785
3.814358 1537785
3.815283 1537785
3.816208 1537785
3.817132 1537785
3.818057 1537785
3.818982 1537785
3.819907 1537785
3.820832 1537785
3.821756 1549577
3.825350 1550649
3.827200 1551721
3.829049 1552793
3.830899 1553865
3.832748 1554937
3.836342 1556009
3.838192 1557081
3.840041 1558153
3.841891 1559225
3.843740 1560297
3.847334 1561369
3.849184 1562441
3.851033 1563513
3.852883 1564585
3.854732 1565657
3.858326 1566729
3.860176 1567801
3.862025 1568873
3.863875 1569945
3.865724 1571017
3.867574 1572089
3.870243 1573161
3.872092 1574233
3.873942 1575305
3.875792 1576377
3.877641 1577449
3.879491 1578521
3.882160 1579593
3.884009 1580665
3.885859 1581737
3.887708 1582809
3.889558 1583881
3.891408 1584953
3.893257 1586025
3.895107 1587097
3.896956 1588169
3.898806 1589241
3.900656 1590313
3.902505 1591385
3.904355 1592457
3.906204 1593529
3.908054 1594601
3.909904 1595673
3.911753 1596745
3.913603 1597817
3.915452 1598889
3.917302 1599961
3.919152 1601033
3.921001 1602105
3.922851 1603177
3.924700 1604249
3.926550 1605321
3.928400 1606393
3.930249 1607465
3.932099 1608537
3.933948 1609609
3.935798 1610681
3.937648 1611753
3.939497 1612825
3.941347 1613897
3.943196 1614969
3.945046 1616041
3.946896 1617113
3.948745 1618185
3.950595 1619257
3.952444 1620329
3.954294 1621401
3.956144 1622473
3.957993 1623545
3.959843 1624617
3.961692 1625689
3.963542 1626761
3.965392 1627833
3.967241 1628905
3.969091 1629977
3.970940 1631049
3.972790 1632121
3.974640 1633193
3.976489 1634265
3.978339 1635337
3.980188 1636409
3.982038 1637481
3.983888 1638553
3.985737 1639625
3.987587 1640697
3.989436 1641769
3.991286 1642841
3.993136 1643913
3.994985 1644985
3.996835 1646057
3.998684 1647129
4.000534 1648201
4.002384 1649273
4.004233 1650345
4.006083 1651417
4.007932 1652489
4.009782 1653561
4.011632 1654633
4.013481 1655705
4.015331 1656777
4.017180 1657849
4.019030 1658921
4.020880 1659993
4.022729 1661065
4.024579 1662137
4.026428 1663209
4.028278 1664281
4.030128 1665353
4.031977 1666425
4.033827 1667497
4.035676 1668569
4.037526 1669641
4.039376 1670713
4.041225 1671785
4.043075 1672857
4.044924 1673929
4.046774 1675001
4.048624 1676073
4.050473 1677145
4.052323 1678217
4.054172 1679289
4.056022 1680361
4.057872 1681433
4.059721 1682505
4.061571 1683577
4.063420 1684649
4.065270 1685721
4.067120 1686793
4.068969 1687865
4.070819 1688937
4.072668 1690009
4.074518 1691081
4.076368 1692153
4.078217 1693225
4.080067 1694297
4.081916 1695369
4.083766 1696441
4.085616 1697513
4.087465 1698585
4.089315 1699657
4.091164 1700729
4.093014 1701801
4.094864 1702873
4.096713 1703945
4.098563 1705017
4.100412 1706089
4.102262 1707161
4.104112 1708233
4.105961 1709305
4.107811 1710377
4.109660 1711449
4.111510 1712521
4.113360 1713593
4.115209 1714665
4.117059 1715737
4.118908 1716809
4.120758 1717881
4.122608 1718953
4.124457 1720025
4.126307 1721097
4.128156 1722169
4.130006 1723241
4.131856 1724313
4.133705 1725385
4.135555 1726457
4.137404 1727529
4.139254 1728601
4.141104 1729673
4.142953 1730745
4.144803 1731817
4.146652 1732889
4.148502 1733961
4.150352 1735033
4.152201 1736105
4.154051 1737177
4.155900 1738249
4.157750 1739321
4.159600 1740393
4.161449 1741465
4.163299 1742537
4.165148 1743609
4.166998 1744681
4.168848 1745753
4.170697 1746825
4.172547 1747897
4.174396 1748969
4.176246 1750041
4.178096 1751113
4.179945 1752185
4.181795 1753257
4.183644 1754329
4.185494 1755401
4.187344 1756473
4.189193 1757545
4.191043 1758081
4.191968 1758081
4.192892 1758081
4.193817 1758081
4.194742 1758081
4.195667 1758081
4.196592 1758081
4.197516 1758081
4.198441 1758081
4.199366 1758081
4.200291 1758081
4.201216 1758081
4.202140 1758081
4.203065 1758081
4.203990 1758081
4.204915 1758081
4.205840 1758081
4.206764 1758081
4.207689 1758081
4.208614 1758081
4.209539 1758081
4.210464 1769873
4.214057 1770945
4.215907 1772017
4.217756 1773089
4.219606 1774161
4.221456 1775233
4.225049 1776305
4.226899 1777377
4.228748 1778449
4.230598 1779521
4.232448 1780593
4.236041 1781665
4.237891 1782737
4.239740 1783809
4.241590 1784881
4.243440 1785953
4.247033 1787025
4.248883 1788097
4.250732 1789169
4.252582 1790241
4.254432 1791313
4.256281 1792385
4.258950 1793457
4.260800 1794529
4.262649 1795601
4.264499 1796673
4.266348 1797745
4.268198 1798817
4.270867 1799889
4.272716 1800961
4.274566 1802033
4.276416 1803105
4.278265 1804177
4.280115 1805249
4.281964 1806321
4.283814 1807393
4.285664 1808465
4.287513 1809537
4.289363 1810609
4.291212 1811681
4.293062 1812753
4.294912 1813825
4.296761 1814897
4.298611 1815969
4.300460 1817041
4.302310 1818113
4.304160 1819185
4.306009 1820257
4.307859 1821329
4.309708 1822401
4.311558 1823473
4.313408 1824545
4.315257 1825617
4.317107 1826689
4.318956 1827761
4.320806 1828833
4.322656 1829905
4.324505 1830977
4.326355 1832049
4.328204 1833121
4.330054 1834193
4.331904 1835265
4.333753 1836337
4.335603 1837409
4.337452 1838481
4.339302 1839553
4.341152 1840625
4.343001 1841697
4.344851 1842769
4.346700 1843841
4.348550 1844913
4.350400 1845985
4.352249 1847057
4.354099 1848129
4.355948 1849201
4.357798 1850273
4.359648 1851345
4.361497 1852417
4.363347 1853489
4.365196 1854561
4.367046 1855633
4.368896 1856705
4.370745 1857777
4.372595 1858849
4.374444 1859921
4.376294 1860993
4.378144 1862065
4.379993 1863137
4.381843 1864209
4.383692 1865281
4.385542 1866353
4.387392 1867425
4.389241 1868497
4.391091 1869569
4.392940 1870641
4.394790 1871713
4.396640 1872785
4.398489 1873857
4.400339 1874929
4.402188 1876001
4.404038 1877073
4.405888 1878145
4.407737 1879217
4.409587 1880289
4.411436 1881361
4.413286 1882433
4.415136 1883505
4.416985 1884577
4.418835 1885649
4.420684 1886721
4.422534 1887793
4.424384 1888865
4.426233 1889937
4.428083 1891009
4.429932 1892081
4.431782 1893153
4.433632 1894225
4.435481 1895297
4.437331 1896369
4.439180 1897441
4.441030 1898513
4.442880 1899585
4.444729 1900657
4.446579 1901729
4.448428 1902801
4.450278 1903873
4.452128 1904945
4.453977 1906017
4.455827 1907089
4.457676 1908161
4.459526 1909233
4.461376 1910305
4.463225 1911377
4.465075 1912449
4.466924 1913521
4.468774 1914593
4.470624 1915665
4.472473 1916737
4.474323 1917809
4.476172 1918881
4.478022 1919953
4.479872 1921025
4.481721 1922097
4.483571 1923169
4.485420 1924241
4.487270 1925313
4.489120 1926385
4.490969 1927457
4.492819 1928529
4.494668 1929601
4.496518 1930673
4.498368 1931745
4.500217 1932817
4.502067 1933889
4.503916 1934961
4.505766 1936033
4.507616 1937105
4.509465 1938177
4.511315 1939249
4.513164 1940321
4.515014 1941393
4.516864 1942465
4.518713 1943537
4.520563 1944609
4.522412 1945681
4.524262 1946753
4.526112 1947825
4.527961 1948897
4.529811 1949969
4.531660 1951041
4.533510 1952113
4.535360 1953185
4.537209 1954257
4.539059 1955329
4.540908 1956401
4.542758 1957473
4.544608 1958545
4.546457 1959617
4.548307 1960689
4.550156 1961761
4.552006 1962833
4.553856 1963905
4.555705 1964977
4.557555 1966049
4.559404 1967121
4.561254 1968193
4.563104 1969265
4.564953 1970337
4.566803 1971409
4.568652 1972481
4.570502 1973553
4.572352 1974625
4.574201 1975697
4.576051 1976769
4.577900 1977841
4.579750 1978377
4.580675 1978377
4.581600 1978377
4.582524 1978377
4.583449 1978377
4.584374 1978377
4.585299 1978377
4.586224 1978377
4.587148 1978377
4.588073 1978377
4.588998 1978377
4.589923 1978377
4.590848 1978377
4.591772 1978377
4.592697 1978377
4.593622 1978377
4.594547 1978377
4.595472 1978377
4.596396 1978377
4.597321 1978377
4.598246 1978377
4.599171 1990169
4.602764 1991241
4.604614 1992313
4.606464 1993385
4.608313 1994457
4.610163 1995529
4.613756 1996601
4.615606 1997673
4.617456 1998745
4.619305 1999817
4.621155 2000889
4.624748 2001961
4.626598 2003033
4.628448 2004105
4.630297 2005177
4.632147 2006249
4.635740 2007321
4.637590 2008393
4.639440 2009465
4.641289 2010537
4.643139 2011609
4.644988 2012681
4.647657 2013753
4.649507 2014825
4.651356 2015897
4.653206 2016969
4.655056 2018041
4.656905 2019113
4.659574 2020185
4.661424 2021257
4.663273 2022329
4.665123 2023401
4.666972 2024473
4.668822 2025545
4.670672 2026617
4.672521 2027689
4.674371 2028761
4.676220 2029833
4.678070 2030905
4.679920 2031977
4.681769 2033049
4.683619 2034121
4.685468 2035193
4.687318 2036265
4.689168 2037337
4.691017 2038409
4.692867 2039481
4.694716 2040553
4.696566 2041625
4.698416 2042697
4.700265 2043769
4.702115 2044841
4.703964 2045913
4.705814 2046985
4.707664 2048057
4.709513 2049129
4.711363 2050201
4.713212 2051273
4.715062 2052345
4.716912 2053417
4.718761 2054489
4.720611 2055561
4.722460 2056633
4.724310 2057705
4.726160 2058777
4.728009 2059849
4.729859 2060921
4.731708 2061993
4.733558 2063065
4.735408 2064137
4.737257 2065209
4.739107 2066281
4.740956 2067353
4.742806 2068425
4.744656 2069497
4.746505 2070569
4.748355 2071641
4.750204 2072713
4.752054 2073785
4.753904 2074857
4.755753 2075929
4.757603 2077001
4.759452 2078073
4.761302 2079145
4.763152 2080217
4.765001 2081289
4.766851 2082361
4.768700 2083433
4.770550 2084505
4.772400 2085577
4.774249 2086649
4.776099 2087721
4.777948 2088793
4.779798 2089865
4.781648 2090937
4.783497 2092009
4.785347 2093081
4.787196 2094153
4.789046 2095225
4.790896 2096297
4.792745 2097369
4.794595 2098441
4.796444 2099513
4.798294 2100585
4.800144 2101657
4.801993 2102729
4.803843 2103801
4.805692 2104873
4.807542 2105945
4.809392 2107017
4.811241 2108089
4.813091 2109161
4.814940 2110233
4.816790 2111305
4.818640 2112377
4.820489 2113449
4.822339 2114521
4.824188 2115593
4.826038 2116665
4.827888 2117737
4.829737 2118809
4.831587 2119881
4.833436 2120953
4.835286 2122025
4.837136 2123097
4.838985 2124169
4.840835 2125241
4.842684 2126313
4.844534 2127385
4.846384 2128457
4.848233 2129529
4.850083 2130601
4.851932 2131673
4.853782 2132745
4.855632 2133817
4.857481 2134889
4.859331 2135961
4.861180 2137033
4.863030 2138105
4.864880 2139177
4.866729 2140249
4.868579 2141321
4.870428 2142393
4.872278 2143465
4.874128 2144537
4.875977 2145609
4.877827 2146681
4.879676 2147753
4.881526 2148825
4.883376 2149897
4.885225 2150969
4.887075 2152041
4.888924 2153113
4.890774 2154185
4.892624 2155257
4.894473 2156329
4.896323 2157401
4.898172 2158473
4.900022 2159545
4.901872 2160617
4.903721 2161689
4.905571 2162761
4.907420 2163833
4.909270 2164905
4.911120 2165977
4.912969 2167049
4.914819 2168121
4.916668 2169193
4.918518 2170265
4.920368 2171337
4.922217 2172409
4.924067 2173481
4.925916 2174553
4.927766 2175625
4.929616 2176697
4.931465 2177769
4.933315 2178841
4.935164 2179913
4.937014 2180985
4.938864 2182057
4.940713 2183129
4.942563 2184201
4.944412 2185273
4.946262 2186345
4.948112 2187417
4.949961 2188489
4.951811 2189561
4.953660 2190633
4.955510 2191705
4.957360 2192777
4.959209 2193849
4.961059 2194921
4.962908 2195993
4.964758 2197065
4.966608 2198137
4.968457 2198673
4.969382 2198673
4.970307 2198673
4.971232 2198673
4.972156 2198673
4.973081 2198673
4.974006 2198673
4.974931 2198673
4.975856 2198673
4.976780 2198673
4.977705 2198673
4.978630 2198673
4.979555 2198673
4.980480 2198673
4.981404 2198673
4.982329 2198673
4.983254 2198673
4.984179 2198673
4.985104 2198673
4.986028 2198673
4.986953 2198673
4.987878 2210465
4.991472 2211537
4.993321 2212609
4.995171 2213681
4.997020 2214753
4.998870 2215825
5.002464 2216897
5.004313 2217969
5.006163 2219041
5.008012 2220113
5.009862 2221185
5.013456 2222257
5.015305 2223329
5.017155 2224401
5.019004 2225473
5.020854 2226545
5.024448 2227617
5.026297 2228689
5.028147 2229761
5.029996 2230833
5.031846 2231905
5.033696 2232977
5.036364 2234049
5.038214 2235121
5.040064 2236193
5.041913 2237265
5.043763 2238337
5.045612 2239409
5.048281 2240481
5.050131 2241553
5.051980 2242625
5.053830 2243697
5.055680 2244769
5.057529 2245841
5.059379 2246913
5.061228 2247985
5.063078 2249057
5.064928 2250129
5.066777 2251201
5.068627 2252273
5.070476 2253345
5.072326 2254417
5.074176 2255489
5.076025 2256561
5.077875 2257633
5.079724 2258705
5.081574 2259777
5.083424 2260849
5.085273 2261921
5.087123 2262993
5.088972 2264065
5.090822 2265137
5.092672 2266209
5.094521 2267281
5.096371 2268353
5.098220 2269425
5.100070 2270497
5.101920 2271569
5.103769 2272641
5.105619 2273713
5.107468 2274785
5.109318 2275857
5.111168 2276929
5.113017 2278001
5.114867 2279073
5.116716 2280145
5.118566 2281217
5.120416 2282289
5.122265 2283361
5.124115 2284433
5.125964 2285505
5.127814 2286577
5.129664 2287649
5.131513 2288721
5.133363 2289793
5.135212 2290865
5.137062 2291937
5.138912 2293009
5.140761 2294081
5.142611 2295153
5.144460 2296225
5.146310 2297297
5.148160 2298369
5.150009 2299441
5.151859 2300513
5.153708 2301585
5.155558 2302657
5.157408 2303729
5.159257 2304801
5.161107 2305873
5.162956 2306945
5.164806 2308017
5.166656 2309089
5.168505 2310161
5.170355 2311233
5.172204 2312305
5.174054 2313377
5.175904 2314449
5.177753 2315521
5.179603 2316593
5.181452 2317665
5.183302 2318737
5.185152 2319809
5.187001 2320881
5.188851 2321953
5.190700 2323025
5.192550 2324097
5.194400 2325169
5.196249 2326241
5.198099 2327313
5.199948 2328385
5.201798 2329457
5.203648 2330529
5.205497 2331601
5.207347 2332673
5.209196 2333745
5.211046 2334817
5.212896 2335889
5.214745 2336961
5.216595 2338033
5.218444 2339105
5.220294 2340177
5.222144 2341249
5.223993 2342321
5.225843 2343393
5.227692 2344465
5.229542 2345537
5.231392 2346609
5.233241 2347681
5.235091 2348753
5.236940 2349825
5.238790 2350897
5.240640 2351969
5.242489 2353041
5.244339 2354113
5.246188 2355185
5.248038 2356257
5.249888 2357329
5.251737 2358401
5.253587 2359473
5.255436 2360545
5.257286 2361617
5.259136 2362689
5.260985 2363761
5.262835 2364833
5.264684 2365905
5.266534 2366977
5.268384 2368049
5.270233 2369121
5.272083 2370193
5.273932 2371265
5.275782 2372337
5.277632 2373409
5.279481 2374481
5.281331 2375553
5.283180 2376625
5.285030 2377697
5.286880 2378769
5.288729 2379841
5.290579 2380913
5.292428 2381985
5.294278 2383057
5.296128 2384129
5.297977 2385201
5.299827 2386273
5.301676 2387345
5.303526 2388417
5.305376 2389489
5.307225 2390561
5.309075 2391633
5.310924 2392705
5.312774 2393777
5.314624 2394849
5.316473 2395921
5.318323 2396993
5.320172 2398065
5.322022 2399137
5.323872 2400209
5.325721 2401281
5.327571 2402353
5.329420 2403425
5.331270 2404497
5.333120 2405569
5.334969 2406641
5.336819 2407713
5.338668 2408785
5.340518 2409857
5.342368 2410929
5.344217 2412001
5.346067 2413073
5.347916 2414145
5.349766 2415217
5.351616 2416289
5.353465 2417361
5.355315 2418433
5.357164 2418969
5.358089 2418969
5.359014 2418969
5.359939 2418969
5.360864 2418969
5.361788 2418969
5.362713 2418969
5.363638 2418969
5.364563 2418969
5.365488 2418969
5.366412 2418969
5.367337 2418969
5.368262 2418969
5.369187 2418969
5.370112 2418969
5.371036 2418969
5.371961 2418969
5.372886 2418969
5.373811 2418969
5.374736 2418969
5.375660 2418969
5.376585 2430761
5.380179 2431833
5.382028 2432905
5.383878 2433977
5.385728 2435049
5.387577 2436121
5.391171 2437193
5.393020 2438265
5.394870 2439337
5.396720 2440409
5.398569 2441481
5.402163 2442553
5.404012 2443625
5.405862 2444697
5.407712 2445769
5.409561 2446841
5.413155 2447913
5.415004 2448985
5.416854 2450057
5.418704 2451129
5.420553 2452201
5.422403 2453273
5.425072 2454345
5.426921 2455417
5.428771 2456489
5.430620 2457561
5.432470 2458633
5.434320 2459705
5.436988 2460777
5.438838 2461849
5.440688 2462921
5.442537 2463993
5.444387 2465065
5.446236 2466137
5.448086 2467209
5.449936 2468281
5.451785 2469353
5.453635 2470425
5.455484 2471497
5.457334 2472569
5.459184 2473641
5.461033 2474713
5.462883 2475785
5.464732 2476857
5.466582 2477929
5.468432 2479001
5.470281 2480073
5.472131 2481145
5.473980 2482217
5.475830 2483289
5.477680 2484361
5.479529 2485433
5.481379 2486505
5.483228 2487577
5.485078 2488649
5.486928 2489721
5.488777 2490793
5.490627 2491865
5.492476 2492937
5.494326 2494009
5.496176 2495081
5.498025 2496153
5.499875 2497225
5.501724 2498297
5.503574 2499369
5.505424 2500441
5.507273 2501513
5.509123 2502585
5.510972 2503657
5.512822 2504729
5.514672 2505801
5.516521 2506873
5.518371 2507945
5.520220 2509017
5.522070 2510089
5.523920 2511161
5.525769 2512233
5.527619 2513305
5.529468 2514377
5.531318 2515449
5.533168 2516521
5.535017 2517593
5.536867 2518665
5.538716 2519737
5.540566 2520809
5.542416 2521881
5.544265 2522953
5.546115 2524025
5.547964 2525097
5.549814 2526169
5.551664 2527241
5.553513 2528313
5.555363 2529385
5.557212 2530457
5.559062 2531529
5.560912 2532601
5.562761 2533673
5.564611 2534745
5.566460 2535817
5.568310 2536889
5.570160 2537961
5.572009 2539033
5.573859 2540105
5.575708 2541177
5.577558 2542249
5.579408 2543321
5.581257 2544393
5.583107 2545465
5.584956 2546537
5.586806 2547609
5.588656 2548681
5.590505 2549753
5.592355 2550825
5.594204 2551897
5.596054 2552969
5.597904 2554041
5.599753 2555113
5.601603 2556185
5.603452 2557257
5.605302 2558329
5.607152 2559401
5.609001 2560473
5.610851 2561545
5.612700 2562617
5.614550 2563689
5.616400 2564761
5.618249 2565833
5.620099 2566905
5.621948 2567977
5.623798 2569049
5.625648 2570121
5.627497 2571193
5.629347 2572265
5.631196 2573337
5.633046 2574409
5.634896 2575481
5.636745 2576553
5.638595 2577625
5.640444 2578697
5.642294 2579769
5.644144 2580841
5.645993 2581913
5.647843 2582985
5.649692 2584057
5.651542 2585129
5.653392 2586201
5.655241 2587273
5.657091 2588345
5.658940 2589417
5.660790 2590489
5.662640 2591561
5.664489 2592633
5.666339 2593705
5.668188 2594777
5.670038 2595849
5.671888 2596921
5.673737 2597993
5.675587 2599065
5.677436 2600137
5.679286 2601209
5.681136 2602281
5.682985 2603353
5.684835 2604425
5.686684 2605497
5.688534 2606569
5.690384 2607641
5.692233 2608713
5.694083 2609785
5.695932 2610857
5.697782 2611929
5.699632 2613001
5.701481 2614073
5.703331 2615145
5.705180 2616217
5.707030 2617289
5.708880 2618361
5.710729 2619433
5.712579 2620505
5.714428 2621577
5.716278 2622649
5.718128 2623721
5.719977 2624793
5.721827 2625865
5.723676 2626937
5.725526 2628009
5.727376 2629081
5.729225 2630153
5.731075 2631225
5.732924 2632297
5.734774 2633369
5.736624 2634441
5.738473 2635513
5.740323 2636585
5.742172 2637657
5.744022 2638729
5.745872 2639265
5.746796 2639265
5.747721 2639265
5.748646 2639265
5.749571 2639265
5.750496 2639265
5.751420 2639265
5.752345 2639265
5.753270 2639265
5.754195 2639265
5.755120 2639265
5.756044 2639265
5.756969 2639265
5.757894 2639265
5.758819 2639265
5.759744 2639265
5.760668 2639265
5.761593 2639265
5.762518 2639265
5.763443 2639265
5.764368 2639265
5.765292 2651057
5.768886 2652129
5.770736 2653201
5.772585 2654273
5.774435 2655345
5.776284 2656417
5.779878 2657489
5.781728 2658561
5.783577 2659633
5.785427 2660705
5.787276 2661777
5.790870 2662849
5.792720 2663921
5.794569 2664993
5.796419 2666065
5.798268 2667137
5.801862 2668209
5.803712 2669281
5.805561 2670353
5.807411 2671425
5.809260 2672497
5.811110 2673569
5.813779 2674641
5.815628 2675713
5.817478 2676785
5.819328 2677857
5.821177 2678929
5.823027 2680001
5.825696 2681073
5.827545 2682145
5.829395 2683217
5.831244 2684289
5.833094 2685361
5.834944 2686433
5.836793 2687505
5.838643 2688577
5.840492 2689649
5.842342 2690721
5.844192 2691793
5.846041 2692865
5.847891 2693937
5.849740 2695009
5.851590 2696081
5.853440 2697153
5.855289 2698225
5.857139 2699297
5.858988 2700369
5.860838 2701441
5.862688 2702513
5.864537 2703585
5.866387 2704657
5.868236 2705729
5.870086 2706801
5.871936 2707873
5.873785 2708945
5.875635 2710017
5.877484 2711089
5.879334 2712161
5.881184 2713233
5.883033 2714305
5.884883 2715377
5.886732 2716449
5.888582 2717521
5.890432 2718593
5.892281 2719665
5.894131 2720737
5.895980 2721809
5.897830 2722881
5.899680 2723953
5.901529 2725025
5.903379 2726097
5.905228 2727169
5.907078 2728241
5.908928 2729313
5.910777 2730385
5.912627 2731457
5.914476 2732529
5.916326 2733601
5.918176 2734673
5.920025 2735745
5.921875 2736817
5.923724 2737889
5.925574 2738961
5.927424 2740033
5.929273 2741105
5.931123 2742177
5.932972 2743249
5.934822 2744321
5.936672 2745393
5.938521 2746465
5.940371 2747537
5.942220 2748609
5.944070 2749681
5.945920 2750753
5.947769 2751825
5.949619 2752897
5.951468 2753969
5.953318 2755041
5.955168 2756113
5.957017 2757185
5.958867 2758257
5.960716 2759329
5.962566 2760401
5.964416 2761473
5.966265 2762545
5.968115 2763617
5.969964 2764689
5.971814 2765761
5.973664 2766833
5.975513 2767905
5.977363 2768977
5.979212 2770049
5.981062 2771121
5.982912 2772193
5.984761 2773265
5.986611 2774337
5.988460 2775409
5.990310 2776481
5.992160 2777553
5.994009 2778625
5.995859 2779697
5.997708 2780769
5.999558 2781841
6.001408 2782913
6.003257 2783985
6.005107 2785057
6.006956 2786129
6.008806 2787201
6.010656 2788273
6.012505 2789345
6.014355 2790417
6.016204 2791489
6.018054 2792561
6.019904 2793633
6.021753 2794705
6.023603 2795777
6.025452 2796849
6.027302 2797921
6.029152 2798993
6.031001 2800065
6.032851 2801137
6.034700 2802209
6.036550 2803281
6.038400 2804353
6.040249 2805425
6.042099 2806497
6.043948 2807569
6.045798 2808641
6.047648 2809713
6.049497 2810785
6.051347 2811857
6.053196 2812929
6.055046 2814001
6.056896 2815073
6.058745 2816145
6.060595 2817217
6.062444 2818289
6.064294 2819361
6.066144 2820433
6.067993 2821505
6.069843 2822577
6.071692 2823649
6.073542 2824721
6.075392 2825793
6.077241 2826865
6.079091 2827937
6.080940 2829009
6.082790 2830081
6.084640 2831153
6.086489 2832225
6.088339 2833297
6.090188 2834369
6.092038 2835441
6.093888 2836513
6.095737 2837585
6.097587 2838657
6.099436 2839729
6.101286 2840801
6.103136 2841873
6.104985 2842945
6.106835 2844017
6.108684 2845089
6.110534 2846161
6.112384 2847233
6.114233 2848305
6.116083 2849377
6.117932 2850449
6.119782 2851521
6.121632 2852593
6.123481 2853665
6.125331 2854737
6.127180 2855809
6.129030 2856881
6.130880 2857953
6.132729 2859025
6.134579 2859561
6.135504 2859561
6.136428 2859561
6.137353 2859561
6.138278 2859561
6.139203 2859561
6.140128 2859561
6.141052 2859561
6.141977 2859561
6.142902 2859561
6.143827 2859561
6.144752 2859561
6.145676 2859561
6.146601 2859561
6.147526 2859561
6.148451 2859561
6.149376 2859561
6.150300 2859561
6.151225 2859561
6.152150 2859561
6.153075 2859561
6.154000 2871353
6.157593 2872425
6.159443 2873497
6.161292 2874569
6.163142 2875641
6.164992 2876713
6.168585 2877785
6.170435 2878857
6.172284 2879929
6.174134 2881001
6.175984 2882073
6.179577 2883145
6.181427 2884217
6.183276 2885289
6.185126 2886361
6.186976 2887433
6.190569 2888505
6.192419 2889577
6.194268 2890649
6.196118 2891721
6.197968 2892793
6.199817 2893865
6.202486 2894937
6.204336 2896009
6.206185 2897081
6.208035 2898153
6.209884 2899225
6.211734 2900297
6.214403 2901369
6.216252 2902441
6.218102 2903513
6.219952 2904585
6.221801 2905657
6.223651 2906729
6.225500 2907801
6.227350 2908873
6.229200 2909945
6.231049 2911017
6.232899 2912089
6.234748 2913161
6.236598 2914233
6.238448 2915305
6.240297 2916377
6.242147 2917449
6.243996 2918521
6.245846 2919593
6.247696 2920665
6.249545 2921737
6.251395 2922809
6.253244 2923881
6.255094 2924953
6.256944 2926025
6.258793 2927097
6.260643 2928169
6.262492 2929241
6.264342 2930313
6.266192 2931385
6.268041 2932457
6.269891 2933529
6.271740 2934601
6.273590 2935673
6.275440 2936745
6.277289 2937817
6.279139 2938889
6.280988 2939961
6.282838 2941033
6.284688 2942105
6.286537 2943177
6.288387 2944249
6.290236 2945321
6.292086 2946393
6.293936 2947465
6.295785 2948537
6.297635 2949609
6.299484 2950681
6.301334 2951753
6.303184 2952825
6.305033 2953897
6.306883 2954969
6.308732 2956041
6.310582 2957113
6.312432 2958185
6.314281 2959257
6.316131 2960329
6.317980 2961401
6.319830 2962473
6.321680 2963545
6.323529 2964617
6.325379 2965689
6.327228 2966761
6.329078 2967833
6.330928 2968905
6.332777 2969977
6.334627 2971049
6.336476 2972121
6.338326 2973193
6.340176 2974265
6.342025 2975337
6.343875 2976409
6.345724 2977481
6.347574 2978553
6.349424 2979625
6.351273 2980697
6.353123 2981769
6.354972 2982841
6.356822 2983913
6.358672 2984985
6.360521 2986057
6.362371 2987129
6.364220 2988201
6.366070 2989273
6.367920 2990345
6.369769 2991417
6.371619 2992489
6.373468 2993561
6.375318 2994633
6.377168 2995705
6.379017 2996777
6.380867 2997849
6.382716 2998921
6.384566 2999993
6.386416 3001065
6.388265 3002137
6.390115 3003209
6.391964 3004281
6.393814 3005353
6.395664 3006425
6.397513 3007497
6.399363 3008569
6.401212 3009641
6.403062 3010713
6.404912 3011785
6.406761 3012857
6.408611 3013929
6.410460 3015001
6.412310 3016073
6.414160 3017145
6.416009 3018217
6.417859 3019289
6.419708 3020361
6.421558 3021433
6.423408 3022505
6.425257 3023577
6.427107 3024649
6.428956 3025721
6.430806 3026793
6.432656 3027865
6.434505 3028937
6.436355 3030009
6.438204 3031081
6.440054 3032153
6.441904 3033225
6.443753 3034297
6.445603 3035369
6.447452 3036441
6.449302 3037513
6.451152 3038585
6.453001 3039657
6.454851 3040729
6.456700 3041801
6.458550 3042873
6.460400 3043945
6.462249 3045017
6.464099 3046089
6.465948 3047161
6.467798 3048233
6.469648 3049305
6.471497 3050377
6.473347 3051449
6.475196 3052521
6.477046 3053593
6.478896 3054665
6.480745 3055737
6.482595 3056809
6.484444 3057881
6.486294 3058953
6.488144 3060025
6.489993 3061097
6.491843 3062169
6.493692 3063241
6.495542 3064313
6.497392 3065385
6.499241 3066457
6.501091 3067529
6.502940 3068601
6.504790 3069673
6.506640 3070745
6.508489 3071817
6.510339 3072889
6.512188 3073961
6.514038 3075033
6.515888 3076105
6.517737 3077177
6.519587 3078249
6.521436 3079321
6.523286 3079857
6.524211 3079857
6.525136 3079857
6.526060 3079857
6.526985 3079857
6.527910 3079857
6.528835 3079857
6.529760 3079857
6.530684 3079857
6.531609 3079857
6.532534 3079857
6.533459 3079857
6.534384 3079857
6.535308 3079857
6.536233 3079857
6.537158 3079857
6.538083 3079857
6.539008 3079857
6.539932 3079857
6.540857 3079857
6.541782 3079857
6.542707 3091649
6.546300 3092721
6.548150 3093793
6.550000 3094865
6.551849 3095937
6.553699 3097009
6.557292 3098081
6.559142 3099153
6.560992 3100225
6.562841 3101297
6.564691 3102369
6.568284 3103441
6.570134 3104513
6.571984 3105585
6.573833 3106657
6.575683 3107729
6.579276 3108801
6.581126 3109873
6.582976 3110945
6.584825 3112017
6.586675 3113089
6.588524 3114161
6.591193 3115233
6.593043 3116305
6.594892 3117377
6.596742 3118449
6.598592 3119521
6.600441 3120593
6.603110 3121665
6.604960 3122737
6.606809 3123809
6.608659 3124881
6.610508 3125953
6.612358 3127025
6.614208 3128097
6.616057 3129169
6.617907 3130241
6.619756 3131313
6.621606 3132385
6.623456 3133457
6.625305 3134529
6.627155 3135601
6.629004 3136673
6.630854 3137745
6.632704 3138817
6.634553 3139889
6.636403 3140961
6.638252 3142033
6.640102 3143105
6.641952 3144177
6.643801 3145249
6.645651 3146321
6.647500 3147393
6.649350 3148465
6.651200 3149537
6.653049 3150609
6.654899 3151681
6.656748 3152753
6.658598 3153825
6.660448 3154897
6.662297 3155969
6.664147 3157041
6.665996 3158113
6.667846 3159185
6.669696 3160257
6.671545 3161329
6.673395 3162401
6.675244 3163473
6.677094 3164545
6.678944 3165617
6.680793 3166689
6.682643 3167761
6.684492 3168833
6.686342 3169905
6.688192 3170977
6.690041 3172049
6.691891 3173121
6.693740 3174193
6.695590 3175265
6.697440 3176337
6.699289 3177409
6.701139 3178481
6.702988 3179553
6.704838 3180625
6.706688 3181697
6.708537 3182769
6.710387 3183841
6.712236 3184913
6.714086 3185985
6.715936 3187057
6.717785 3188129
6.719635 3189201
6.721484 3190273
6.723334 3191345
6.725184 3192417
6.727033 3193489
6.728883 3194561
6.730732 3195633
6.732582 3196705
6.734432 3197777
6.736281 3198849
6.738131 3199921
6.739980 3200993
6.741830 3202065
6.743680 3203137
6.745529 3204209
6.747379 3205281
6.749228 3206353
6.751078 3207425
6.752928 3208497
6.754777 3209569
6.756627 3210641
6.758476 3211713
6.760326 3212785
6.762176 3213857
6.764025 3214929
6.765875 3216001
6.767724 3217073
6.769574 3218145
6.771424 3219217
6.773273 3220289
6.775123 3221361
6.776972 3222433
6.778822 3223505
6.780672 3224577
6.782521 3225649
6.784371 3226721
6.786220 3227793
6.788070 3228865
6.789920 3229937
6.791769 3231009
6.793619 3232081
6.795468 3233153
6.797318 3234225
6.799168 3235297
6.801017 3236369
6.802867 3237441
6.804716 3238513
6.806566 3239585
6.808416 3240657
6.810265 3241729
6.812115 3242801
6.813964 3243873
6.815814 3244945
6.817664 3246017
6.819513 3247089
6.821363 3248161
6.823212 3249233
6.825062 3250305
6.826912 3251377
6.828761 3252449
6.830611 3253521
6.832460 3254593
6.834310 3255665
6.836160 3256737
6.838009 3257809
6.839859 3258881
6.841708 3259953
6.843558 3261025
6.845408 3262097
6.847257 3263169
6.849107 3264241
6.850956 3265313
6.852806 3266385
6.854656 3267457
6.856505 3268529
6.858355 3269601
6.860204 3270673
6.862054 3271745
6.863904 3272817
6.865753 3273889
6.867603 3274961
6.869452 3276033
6.871302 3277105
6.873152 3278177
6.875001 3279249
6.876851 3280321
6.878700 3281393
6.880550 3282465
6.882400 3283537
6.884249 3284609
6.886099 3285681
6.887948 3286753
6.889798 3287825
6.891648 3288897
6.893497 3289969
6.895347 3291041
6.897196 3292113
6.899046 3293185
6.900896 3294257
6.902745 3295329
6.904595 3296401
6.906444 3297473
6.908294 3298545
6.910144 3299617
6.911993 3300153
6.912918 3300153
6.913843 3300153
6.914768 3300153
6.915692 3300153
6.916617 3300153
6.917542 3300153
6.918467 3300153
6.919392 3300153
6.920316 3300153
6.921241 3300153
6.922166 3300153
6.923091 3300153
6.924016 3300153
6.924940 3300153
6.925865 3300153
6.926790 3300153
6.927715 3300153
6.928640 3300153
6.929564 3300153
6.930489 3300153
6.931414 3311945
6.935008 3313017
6.936857 3314089
6.938707 3315161
6.940556 3316233
6.942406 3317305
6.946000 3318377
6.947849 3319449
6.949699 3320521
6.951548 3321593
6.953398 3322665
6.956992 3323737
6.958841 3324809
6.960691 3325881
6.962540 3326953
6.964390 3328025
6.967984 3329097
6.969833 3330169
6.971683 3331241
6.973532 3332313
6.975382 3333385
6.977232 3334457
6.979900 3335529
6.981750 3336601
6.983600 3337673
6.985449 3338745
6.987299 3339817
6.989148 3340889
6.991817 3341961
6.993667 3343033
6.995516 3344105
6.997366 3345177
6.999216 3346249
7.001065 3347321
7.002915 3348393
7.004764 3349465
7.006614 3350537
7.008464 3351609
7.010313 3352681
7.012163 3353753
7.014012 3354825
7.015862 3355897
7.017712 3356969
7.019561 3358041
7.021411 3359113
7.023260 3360185
7.025110 3361257
7.026960 3362329
7.028809 3363401
7.030659 3364473
7.032508 3365545
7.034358 3366617
7.036208 3367689
7.038057 3368761
7.039907 3369833
7.041756 3370905
7.043606 3371977
7.045456 3373049
7.047305 3374121
7.049155 3375193
7.051004 3376265
7.052854 3377337
7.054704 3378409
7.056553 3379481
7.058403 3380553
7.060252 3381625
7.062102 3382697
7.063952 3383769
7.065801 3384841
7.067651 3385913
7.069500 3386985
7.071350 3388057
7.073200 3389129
7.075049 3390201
7.076899 3391273
7.078748 3392345
7.080598 3393417
7.082448 3394489
7.084297 3395561
7.086147 3396633
7.087996 3397705
7.089846 3398777
7.091696 3399849
7.093545 3400921
7.095395 3401993
7.097244 3403065
7.099094 3404137
7.100944 3405209
7.102793 3406281
7.104643 3407353
7.106492 3408425
7.108342 3409497
7.110192 3410569
7.112041 3411641
7.113891 3412713
7.115740 3413785
7.117590 3414857
7.119440 3415929
7.121289 3417001
7.123139 3418073
7.124988 3419145
7.126838 3420217
7.128688 3421289
7.130537 3422361
7.132387 3423433
7.134236 3424505
7.136086 3425577
7.137936 3426649
7.139785 3427721
7.141635 3428793
7.143484 3429865
7.145334 3430937
7.147184 3432009
7.149033 3433081
7.150883 3434153
7.152732 3435225
7.154582 3436297
7.156432 3437369
7.158281 3438441
7.160131 3439513
7.161980 3440585
7.163830 3441657
7.165680 3442729
7.167529 3443801
7.169379 3444873
7.171228 3445945
7.173078 3447017
7.174928 3448089
7.176777 3449161
7.178627 3450233
7.180476 3451305
7.182326 3452377
7.184176 3453449
7.186025 3454521
7.187875 3455593
7.189724 3456665
7.191574 3457737
7.193424 3458809
7.195273 3459881
7.197123 3460953
7.198972 3462025
7.200822 3463097
7.202672 3464169
7.204521 3465241
7.206371 3466313
7.208220 3467385
7.210070 3468457
7.211920 3469529
7.213769 3470601
7.215619 3471673
7.217468 3472745
7.219318 3473817
7.221168 3474889
7.223017 3475961
7.224867 3477033
7.226716 3478105
7.228566 3479177
7.230416 3480249
7.232265 3481321
7.234115 3482393
7.235964 3483465
7.237814 3484537
7.239664 3485609
7.241513 3486681
7.243363 3487753
7.245212 3488825
7.247062 3489897
7.248912 3490969
7.250761 3492041
7.252611 3493113
7.254460 3494185
7.256310 3495257
7.258160 3496329
7.260009 3497401
7.261859 3498473
7.263708 3499545
7.265558 3500617
7.267408 3501689
7.269257 3502761
7.271107 3503833
7.272956 3504905
7.274806 3505977
7.276656 3507049
7.278505 3508121
7.280355 3509193
7.282204 3510265
7.284054 3511337
7.285904 3512409
7.287753 3513481
7.289603 3514553
7.291452 3515625
7.293302 3516697
7.295152 3517769
7.297001 3518841
7.298851 3519913
7.300700 3520449
7.301625 3520449
7.302550 3520449
7.303475 3520449
7.304400 3520449
7.305324 3520449
7.306249 3520449
7.307174 3520449
7.308099 3520449
7.309024 3520449
7.309948 3520449
7.310873 3520449
7.311798 3520449
7.312723 3520449
7.313648 3520449
7.314572 3520449
7.315497 3520449
7.316422 3520449
7.317347 3520449
7.318272 3520449
7.319196 3520449
7.320121 3532241
7.323715 3533313
7.325564 3534385
7.327414 3535457
7.329264 3536529
7.331113 3537601
7.334707 3538673
7.336556 3539745
7.338406 3540817
7.340256 3541889
7.342105 3542961
7.345699 3544033
7.347548 3545105
7.349398 3546177
7.351248 3547249
7.353097 3548321
7.356691 3549393
7.358540 3550465
7.360390 3551537
7.362240 3552609
7.364089 3553681
7.365939 3554753
7.368608 3555825
7.370457 3556897
7.372307 3557969
7.374156 3559041
7.376006 3560113
7.377856 3561185
7.380524 3562257
7.382374 3563329
7.384224 3564401
7.386073 3565473
7.387923 3566545
7.389772 3567617
7.391622 3568689
7.393472 3569761
7.395321 3570833
7.397171 3571905
7.399020 3572977
7.400870 3574049
7.402720 3575121
7.404569 3576193
7.406419 3577265
7.408268 3578337
7.410118 3579409
7.411968 3580481
7.413817 3581553
7.415667 3582625
7.417516 3583697
7.419366 3584769
7.421216 3585841
7.423065 3586913
7.424915 3587985
7.426764 3589057
7.428614 3590129
7.430464 3591201
7.432313 3592273
7.434163 3593345
7.436012 3594417
7.437862 3595489
7.439712 3596561
7.441561 3597633
7.443411 3598705
7.445260 3599777
7.447110 3600849
7.448960 3601921
7.450809 3602993
7.452659 3604065
7.454508 3605137
7.456358 3606209
7.458208 3607281
7.460057 3608353
7.461907 3608353
7.462832 3608353
7.463756 3608353
7.464681 3608353
7.465606 3608353
7.466531 3608353
7.467456 3608353
7.468380 3608353
7.469305 3608353
7.470230 3608353
7.471155 3608353
7.472080 3608353
7.473004 3608353
7.473929 3608353
7.474854 3608353
7.475779 3616929
7.481222 3618001
7.483072 3619073
7.484921 3620145
7.486771 3621217
7.493139 3622289
7.494988 3623361
7.496838 3624433
7.498688 3625505
7.505056 3626577
7.506905 3627649
7.508755 3628721
7.510604 3629793
7.516048 3630865
7.517897 3631937
7.519747 3633009
7.521596 3634081
7.527040 3635153
7.528889 3636225
7.530739 3637297
7.532588 3638369
7.538032 3639441
7.539881 3640513
7.541731 3641585
7.543580 3642657
7.545430 3643729
7.549948 3644801
7.551798 3645873
7.553648 3646945
7.555497 3648017
7.557347 3649089
7.561865 3650161
7.563715 3651233
7.565564 3652305
7.567414 3653377
7.569264 3654449
7.572857 3655521
7.574707 3656593
7.576556 3657665
7.578406 3658737
7.580256 3659809
7.583849 3660881
7.585699 3661953
7.587548 3663025
7.589398 3664097
7.591248 3665169
7.593097 3666241
7.595766 3667313
7.597616 3668385
7.599465 3669457
7.601315 3670529
7.603164 3671601
7.605014 3672673
7.607683 3673745
7.609532 3674817
7.611382 3675889
7.613232 3676961
7.615081 3678033
7.616931 3679105
7.618780 3680177
7.620630 3681249
7.622480 3682321
7.624329 3683393
7.626179 3684465
7.628028 3685537
7.629878 3686609
7.631728 3687681
7.633577 3688753
7.635427 3689825
7.637276 3690897
7.639126 3691969
7.640976 3693041
7.642825 3694113
7.644675 3695185
7.646524 3696257
7.648374 3697329
7.650224 3698401
7.652073 3699473
7.653923 3700545
7.655772 3701617
7.657622 3702689
7.659472 3703761
7.661321 3704833
7.663171 3705905
7.665020 3706977
7.666870 3708049
7.668720 3709121
7.670569 3710193
7.672419 3711265
7.674268 3712337
7.676118 3713409
7.677968 3714481
7.679817 3715553
7.681667 3716625
7.683516 3717697
7.685366 3718769
7.687216 3719841
7.689065 3720913
7.690915 3721985
7.692764 3723057
7.694614 3724129
7.696464 3725201
7.698313 3726273
7.700163 3727345
7.702012 3728417
7.703862 3729489
7.705712 3730561
7.707561 3731633
7.709411 3732705
7.711260 3733777
7.713110 3734849
7.714960 3735921
7.716809 3736993
7.718659 3738065
7.720508 3739137
7.722358 3740209
7.724208 3741281
7.726057 3742353
7.727907 3743425
7.729756 3744497
7.731606 3745569
7.733456 3746641
7.735305 3747713
7.737155 3748785
7.739004 3749857
7.740854 3750929
7.742704 3752001
7.744553 3753073
7.746403 3754145
7.748252 3755217
7.750102 3756289
7.751952 3757361
7.753801 3758433
7.755651 3759505
7.757500 3760577
7.759350 3761649
7.761200 3762721
7.763049 3763793
7.764899 3764865
7.766748 3765937
7.768598 3767009
7.770448 3768081
7.772297 3769153
7.774147 3770225
7.775996 3771297
7.777846 3772369
7.779696 3773441
7.781545 3774513
7.783395 3775585
7.785244 3776657
7.787094 3777729
7.788944 3778801
7.790793 3779873
7.792643 3780945
7.794492 3782017
7.796342 3783089
7.798192 3784161
7.800041 3785233
7.801891 3786305
7.803740 3787377
7.805590 3788449
7.807440 3789521
7.809289 3790593
7.811139 3791665
7.812988 3792737
7.814838 3793809
7.816688 3794881
7.818537 3795953
7.820387 3797025
7.822236 3798097
7.824086 3799169
7.825936 3800241
7.827785 3801313
7.829635 3802385
7.831484 3803457
7.833334 3804529
7.835184 3805601
7.837033 3806673
7.838883 3807745
7.840732 3808817
7.842582 3809889
7.844432 3810961
7.846281 3812033
7.848131 3813105
7.849980 3814177
7.851830 3815249
7.853680 3816321
7.855529 3817393
7.857379 3818465
7.859228 3819537
7.861078 3820609
7.862928 3821681
7.864777 3822753
7.866627 3823825
7.868476 3824897
7.870326 3825969
7.872176 3827041
7.874025 3828113
7.875875 3829185
7.877724 3830257
7.879574 3831329
7.881424 3832401
7.883273 3833473
7.885123 3834545
7.886972 3835617
7.888822 3836689
7.890672 3837761
7.892521 3838833
7.894371 3839905
7.896220 3840977
7.898070 3842049
7.899920 3843121
7.901769 3844193
7.903619 3845265
7.905468 3846337
7.907318 3847409
7.909168 3848481
7.911017 3849553
7.912867 3850625
7.914716 3851697
7.916566 3852769
7.918416 3853841
7.920265 3854913
7.922115 3855449
7.923040 3855449
7.923964 3855449
7.924889 3855449
7.925814 3855449
7.926739 3855449
7.927664 3855449
7.928588 3855449
7.929513 3855449
7.930438 3855449
7.931363 3855449
7.932288 3855449
7.933212 3855449
7.934137 3855449
7.935062 3855449
7.935987 3855449
7.936912 3855449
7.937836 3855449
7.938761 3855449
7.939686 3855449
7.940611 3855449
7.941536 3867241
7.945129 3868313
7.946979 3869385
7.948828 3870457
7.950678 3871529
7.952528 3872601
7.956121 3873673
7.957971 3874745
7.959820 3875817
7.961670 3876889
7.963520 3877961
7.967113 3879033
7.968963 3880105
7.970812 3881177
7.972662 3882249
7.974512 3883321
7.978105 3884393
7.979955 3885465
7.981804 3886537
7.983654 3887609
7.985504 3888681
7.987353 3889753
7.990022 3890825
7.991872 3891897
7.993721 3892969
7.995571 3894041
7.997420 3895113
7.999270 3896185
8.001939 3897257
8.003788 3898329
8.005638 3899401
8.007488 3900473
8.009337 3901545
8.011187 3902617
8.013036 3903689
8.014886 3904761
8.016736 3905833
8.018585 3906905
8.020435 3907977
8.022284 3909049
8.024134 3910121
8.025984 3911193
8.027833 3912265
8.029683 3913337
8.031532 3914409
8.033382 3915481
8.035232 3916553
8.037081 3917625
8.038931 3918697
8.040780 3919769
8.042630 3920841
8.044480 3921913
8.046329 3922985
8.048179 3924057
8.050028 3925129
8.051878 3926201
8.053728 3927273
8.055577 3928345
8.057427 3929417
8.059276 3930489
8.061126 3931561
8.062976 3932633
8.064825 3933705
8.067600 3934241
8.068524 3934241
8.069449 3934241
8.070374 3934241
8.071299 3934241
8.072224 3934241
8.073148 3934241
8.074073 3934241
8.074998 3934241
8.075923 3934241
8.076848 3934241
8.077772 3934241
8.078697 3934241
8.079622 3934241
8.081366 3942281
8.087840 3943353
8.089689 3944425
8.092358 3945497
8.098832 3946569
8.100681 3947641
8.103350 3948713
8.105200 3949785
8.110748 3950857
8.112598 3951929
8.115267 3953001
8.117116 3954073
8.122665 3955145
8.124515 3956217
8.127184 3957289
8.129033 3958361
8.134582 3959433
8.136432 3960505
8.138281 3961577
8.140131 3962649
8.145574 3963721
8.147424 3964793
8.149273 3965865
8.151123 3966937
8.156566 3968009
8.158416 3969081
8.160265 3970153
8.162115 3971225
8.163964 3972297
8.168483 3973369
8.170332 3974441
8.172182 3975513
8.174032 3976585
8.175881 3977657
8.180400 3978729
8.182249 3979801
8.184099 3980873
8.185948 3981945
8.187798 3983017
8.191392 3984089
8.193241 3985161
8.195091 3986233
8.196940 3987305
8.198790 3988377
8.202384 3989449
8.204233 3990521
8.206083 3991593
8.207932 3992665
8.209782 3993737
8.213376 3994809
8.215225 3995881
8.217075 3996953
8.218924 3998025
8.220774 3999097
8.222624 4000169
8.225292 4001241
8.227142 4002313
8.228992 4003385
8.230841 4004457
8.232691 4005529
8.234540 4006601
8.237209 4007673
8.239059 4008745
8.240908 4009817
8.242758 4010889
8.244608 4011961
8.246457 4013033
8.248307 4014105
8.250156 4015177
8.252006 4016249
8.253856 4017321
8.255705 4018393
8.257555 4019465
8.259404 4020537
8.261254 4021609
8.263104 4022681
8.264953 4023753
8.266803 4024825
8.268652 4025897
8.270502 4026969
8.272352 4028041
8.274201 4029113
8.276051 4030185
8.277900 4031257
8.279750 4032329
8.281600 4033401
8.283449 4034473
8.285299 4035545
8.287148 4036617
8.288998 4037689
8.290848 4038761
8.292697 4039833
8.294547 4040905
8.296396 4041977
8.298246 4043049
8.300096 4044121
8.301945 4045193
8.303795 4046265
8.305644 4047337
8.307494 4048409
8.309344 4049481
8.311193 4050553
8.313043 4051625
8.314892 4052697
8.316742 4053769
8.318592 4054841
8.320441 4055913
8.322291 4056985
8.324140 4058057
8.325990 4059129
8.327840 4060201
8.329689 4061273
8.331539 4062345
8.333388 4063417
8.335238 4064489
8.337088 4065561
8.338937 4066633
8.340787 4067705
8.342636 4068777
8.344486 4069849
8.346336 4070921
8.348185 4071993
8.350035 4073065
8.351884 4074137
8.353734 4075209
8.355584 4076281
8.357433 4077353
8.359283 4078425
8.361132 4079497
8.362982 4080569
8.364832 4081641
8.366681 4082713
8.368531 4083785
8.370380 4084857
8.372230 4085929
8.374080 4087001
8.375929 4088073
8.377779 4089145
8.379628 4090217
8.381478 4091289
8.383328 4092361
8.385177 4093433
8.387027 4094505
8.388876 4095577
8.390726 4096649
8.392576 4097721
8.394425 4098793
8.396275 4099865
8.398124 4100937
8.399974 4102009
8.401824 4103081
8.403673 4104153
8.405523 4105225
8.407372 4106297
8.409222 4107369
8.411072 4108441
8.412921 4109513
8.414771 4110585
8.416620 4111657
8.418470 4112729
8.420320 4113801
8.422169 4114873
8.424019 4115945
8.425868 4117017
8.427718 4118089
8.429568 4119161
8.431417 4120233
8.433267 4121305
8.435116 4122377
8.436966 4123449
8.438816 4124521
8.440665 4125593
8.442515 4126665
8.444364 4127737
8.446214 4128809
8.448064 4129881
8.449913 4130953
8.451763 4132025
8.453612 4133097
8.455462 4134169
8.457312 4135241
8.459161 4136313
8.461011 4137385
8.462860 4138457
8.464710 4139529
8.466560 4140601
8.468409 4141673
8.470259 4142745
8.472108 4143817
8.473958 4144889
8.475808 4145961
8.477657 4147033
8.479507 4148105
8.481356 4149177
8.483206 4150249
8.485056 4151321
8.486905 4152393
8.488755 4153465
8.490604 4154537
8.492454 4155609
8.494304 4156681
8.496153 4157753
8.498003 4158825
8.499852 4159897
8.501702 4160969
8.503552 4162041
8.505401 4163113
8.507251 4164185
8.509100 4165257
8.510950 4166329
8.512800 4167401
8.514649 4168473
8.516499 4169545
8.518348 4170617
8.520198 4171689
8.522048 4172761
8.523897 4173833
8.525747 4174905
8.527596 4175977
8.529446 4177049
8.531296 4178121
8.533145 4179193
8.534995 4180265
8.536844 4181337
8.538694 4182409
8.540544 4183481
8.542393 4184553
8.544243 4185089
8.545168 4185089
8.546092 4185089
8.547017 4185089
8.547942 4185089
8.548867 4185089
8.549792 4185089
8.550716 4185089
8.551641 4185089
8.552566 4185089
8.553491 4185089
8.554416 4185089
8.555340 4185089
8.556265 4185089
8.557190 4185089
8.558115 4185089
8.559040 4185089
8.559964 4185089
8.560889 4185089
8.561814 4185089
8.562739 4185089
8.563664 4196881
8.567257 4197953
8.569107 4199025
8.570956 4200097
8.572806 4201169
8.574656 4202241
8.578249 4203313
8.580099 4204385
8.581948 4205457
8.583798 4206529
8.585648 4207601
8.589241 4208673
8.591091 4209745
8.592940 4210817
8.594790 4211889
8.596640 4212961
8.600233 4214033
8.602083 4215105
8.603932 4216177
8.605782 4217249
8.607632 4218321
8.609481 4219393
8.612150 4220465
8.614000 4221537
8.615849 4222609
8.617699 4223681
8.619548 4224753
8.621398 4225825
8.624067 4226897
8.625916 4227969
8.627766 4229041
8.629616 4230113
8.631465 4231185
8.633315 4232257
8.635164 4233329
8.637014 4234401
8.638864 4235473
8.640713 4236545
8.642563 4237617
8.644412 4238689
8.646262 4239761
8.648112 4240833
8.649961 4241905
8.651811 4242977
8.653660 4244049
8.655510 4245121
8.657360 4246193
8.659209 4247265
8.661059 4248337
8.662908 4249409
8.664758 4250481
8.666608 4251553
8.668457 4252625
8.670307 4253697
8.672156 4254769
8.674006 4255841
8.675856 4256913
8.677705 4257985
8.679555 4259057
8.681404 4260129
8.683254 4261201
8.685104 4262273
8.686953 4263345
8.688803 4264417
8.690652 4265489
8.692502 4266561
8.694352 4267633
8.696201 4268705
8.698051 4269777
8.699900 4270849
8.701750 4271921
8.703600 4272993
8.705449 4274065
8.707299 4275137
8.709148 4276209
8.710998 4277281
8.712848 4278353
8.714697 4279425
8.716547 4280497
8.718396 4281569
8.720246 4282641
8.722096 4283713
8.723945 4284785
8.725795 4285857
8.727644 4286929
8.729494 4288001
8.731344 4289073
8.733193 4290145
8.735043 4291217
8.736892 4292289
8.738742 4293361
8.740592 4294433
8.742441 4295505
8.744291 4296577
8.746140 4297649
8.747990 4298721
8.749840 4299793
8.751689 4300865
8.753539 4301937
8.755388 4303009
8.757238 4304081
8.759088 4305153
8.760937 4306225
8.762787 4307297
8.764636 4308369
8.766486 4309441
8.768336 4310513
8.770185 4311585
8.772035 4312657
8.773884 4313729
8.775734 4314801
8.777584 4315873
8.779433 4316945
8.781283 4318017
8.783132 4319089
8.784982 4320161
8.786832 4321233
8.788681 4322305
8.790531 4323377
8.792380 4324449
8.794230 4325521
8.796080 4326593
8.797929 4327665
8.799779 4328737
8.801628 4329809
8.803478 4330881
8.805328 4331953
8.807177 4333025
8.809027 4334097
8.810876 4335169
8.812726 4336241
8.814576 4337313
8.816425 4338385
8.818275 4339457
8.820124 4340529
8.821974 4341601
8.823824 4342673
8.825673 4343745
8.827523 4344817
8.829372 4345889
8.831222 4346961
8.833072 4348033
8.834921 4349105
8.836771 4350177
8.838620 4351249
8.840470 4352321
8.842320 4353393
8.844169 4354465
8.846019 4355537
8.847868 4356609
8.849718 4357681
8.851568 4358753
8.853417 4359825
8.855267 4360897
8.857116 4361969
8.858966 4363041
8.860816 4364113
8.862665 4365185
8.864515 4366257
8.866364 4367329
8.868214 4368401
8.870064 4369473
8.871913 4370545
8.873763 4371617
8.875612 4372689
8.877462 4373761
8.879312 4374833
8.881161 4375905
8.883011 4376977
8.884860 4378049
8.886710 4379121
8.888560 4380193
8.890409 4381265
8.892259 4382337
8.894108 4383409
8.895958 4384481
8.897808 4385553
8.899657 4386625
8.901507 4387697
8.903356 4388769
8.905206 4389841
8.907056 4390913
8.908905 4391985
8.910755 4393057
8.912604 4394129
8.914454 4395201
8.916304 4396273
8.918153 4397345
8.920003 4398417
8.921852 4399489
8.923702 4400561
8.925552 4401633
8.927401 4402705
8.929251 4403777
8.931100 4404849
8.932950 4405385
8.933875 4405385
8.934800 4405385
8.935724 4405385
8.936649 4405385
8.937574 4405385
8.938499 4405385
8.939424 4405385
8.940348 4405385
8.941273 4405385
8.942198 4405385
8.943123 4405385
8.944048 4405385
8.944972 4405385
8.945897 4405385
8.946822 4405385
8.947747 4405385
8.948672 4405385
8.949596 4405385
8.950521 4405385
8.951446 4405385
8.952371 4417177
8.955964 4418249
8.957814 4419321
8.959664 4420393
8.961513 4421465
8.963363 4422537
8.966956 4423609
8.968806 4424681
8.970656 4425753
8.972505 4426825
8.974355 4427897
8.977948 4428969
8.979798 4430041
8.981648 4431113
8.983497 4432185
8.985347 4433257
8.988940 4434329
8.990790 4435401
8.992640 4436473
8.994489 4437545
8.996339 4438617
8.998188 4439689
9.000857 4440761
9.002707 4441833
9.004556 4442905
9.006406 4443977
9.008256 4445049
9.010105 4446121
9.012774 4447193
9.014624 4448265
9.016473 4449337
9.018323 4450409
9.020172 4451481
9.022022 4452553
9.023872 4453625
9.025721 4454697
9.027571 4455769
9.029420 4456841
9.031270 4457913
9.033120 4458985
9.034969 4460057
9.036819 4461129
9.038668 4462201
9.040518 4463273
9.042368 4464345
9.044217 4465417
9.046067 4466489
9.047916 4467561
9.049766 4468633
9.051616 4469705
9.053465 4470777
9.055315 4471849
9.057164 4472921
9.059014 4473993
9.061788 4474529
9.062713 4474529
9.063638 4474529
9.064563 4474529
9.065488 4474529
9.066412 4474529
9.067337 4474529
9.068262 4474529
9.069187 4474529
9.070112 4474529
9.071036 4474529
9.071961 4474529
9.072886 4474529
9.073811 4474529
9.075555 4482569
9.082028 4483641
9.083878 4484713
9.086547 4485785
9.093020 4486857
9.094870 4487929
9.097539 4489001
9.099388 4490073
9.104937 4491145
9.106787 4492217
9.109456 4493289
9.111305 4494361
9.116854 4495433
9.118704 4496505
9.121372 4497577
9.123222 4498649
9.128771 4499721
9.130620 4500793
9.132470 4501865
9.134320 4502937
9.139763 4504009
9.141612 4505081
9.143462 4506153
9.145312 4507225
9.150755 4508297
9.152604 4509369
9.154454 4510441
9.156304 4511513
9.158153 4512585
9.162672 4513657
9.164521 4514729
9.166371 4515801
9.168220 4516873
9.170070 4517945
9.174588 4519017
9.176438 4520089
9.178288 4521161
9.180137 4522233
9.182912 4522769
9.185580 4522769
9.186505 4522769
9.187430 4522769
9.188355 4522769
9.189280 4522769
9.190204 4522769
9.191129 4522769
9.192054 4522769
9.193904 4522769
9.198422 4528665
9.203046 4529737
9.209414 4530809
9.214038 4531881
9.220406 4532953
9.222256 4534025
9.225955 4535097
9.232323 4536169
9.234172 4537241
9.237872 4538313
9.244240 4539385
9.246089 4540457
9.249788 4541529
9.255232 4542601
9.257081 4543673
9.260780 4544745
9.266224 4545817
9.268073 4546889
9.271772 4547961
9.277216 4549033
9.279065 4550105
9.280915 4551177
9.283689 4552249
9.289132 4553321
9.290982 4554393
9.292832 4555465
9.295606 4556537
9.301049 4557609
9.302899 4558681
9.304748 4559753
9.306598 4560825
9.312041 4561897
9.313891 4562969
9.315740 4564041
9.317590 4565113
9.323033 4566185
9.324883 4567257
9.326732 4568329
9.328582 4569401
9.330432 4570473
9.334950 4571545
9.336800 4572617
9.338649 4573689
9.340499 4574761
9.342348 4575833
9.346867 4576905
9.348716 4577977
9.350566 4579049
9.352416 4580121
9.354265 4581193
9.358784 4582265
9.360633 4583337
9.362483 4584409
9.364332 4585481
9.366182 4586553
9.369776 4587625
9.371625 4588697
9.373475 4589769
9.375324 4590841
9.377174 4591913
9.380768 4592985
9.382617 4594057
9.384467 4595129
9.386316 4596201
9.388166 4597273
9.390016 4598345
9.392684 4599417
9.394534 4600489
9.396384 4601561
9.398233 4602633
9.400083 4603705
9.401932 4604777
9.404601 4605849
9.406451 4606921
9.408300 4607993
9.410150 4609065
9.412000 4610137
9.413849 4611209
9.415699 4612281
9.417548 4613353
9.419398 4614425
9.421248 4615497
9.423097 4616569
9.424947 4617641
9.426796 4618713
9.428646 4619785
9.430496 4620857
9.432345 4621929
9.434195 4623001
9.436044 4624073
9.437894 4625145
9.439744 4626217
9.441593 4627289
9.443443 4628361
9.445292 4629433
9.447142 4630505
9.448992 4631577
9.450841 4632649
9.452691 4633721
9.454540 4634793
9.456390 4635865
9.458240 4636937
9.460089 4638009
9.461939 4639081
9.463788 4640153
9.465638 4641225
9.467488 4642297
9.469337 4643369
9.471187 4644441
9.473036 4645513
9.474886 4646585
9.476736 4647657
9.478585 4648729
9.480435 4649801
9.482284 4650873
9.484134 4651945
9.485984 4653017
9.487833 4654089
9.489683 4655161
9.491532 4656233
9.493382 4657305
9.495232 4658377
9.497081 4659449
9.498931 4660521
9.500780 4661593
9.502630 4662665
9.504480 4663737
9.506329 4664809
9.508179 4665881
9.510028 4666953
9.511878 4668025
9.513728 4669097
9.515577 4670169
9.517427 4671241
9.519276 4672313
9.521126 4673385
9.522976 4674457
9.524825 4675529
9.526675 4676601
9.528524 4677673
9.530374 4678745
9.532224 4679817
9.534073 4680889
9.535923 4681961
9.537772 4683033
9.539622 4684105
9.541472 4685177
9.543321 4686249
9.545171 4687321
9.547020 4688393
9.548870 4689465
9.550720 4690537
9.552569 4691609
9.554419 4692681
9.556268 4693753
9.558118 4694825
9.559968 4695897
9.561817 4696969
9.563667 4698041
9.565516 4699113
9.567366 4700185
9.569216 4701257
9.571065 4702329
9.572915 4703401
9.574764 4704473
9.576614 4705545
9.578464 4706617
9.580313 4707689
9.582163 4708761
9.584012 4709833
9.585862 4710905
9.587712 4711977
9.589561 4713049
9.591411 4714121
9.593260 4715193
9.595110 4716265
9.596960 4717337
9.598809 4718409
9.600659 4719481
9.602508 4720553
9.604358 4721625
9.606208 4722697
9.608057 4723769
9.609907 4724841
9.611756 4725913
9.613606 4726985
9.615456 4728057
9.617305 4729129
9.619155 4730201
9.621004 4731273
9.622854 4732345
9.624704 4733417
9.626553 4734489
9.628403 4735561
9.630252 4736633
9.632102 4737705
9.633952 4738777
9.635801 4739849
9.637651 4740921
9.639500 4741993
9.641350 4743065
9.643200 4744137
9.645049 4745209
9.646899 4746281
9.648748 4747353
9.650598 4748425
9.652448 4749497
9.654297 4750569
9.656147 4751641
9.657996 4752713
9.659846 4753785
9.661696 4754857
9.663545 4755929
9.665395 4757001
9.667244 4758073
9.669094 4759145
9.670944 4760217
9.672793 4761289
9.674643 4762361
9.676492 4763433
9.678342 4764505
9.680192 4765577
9.682041 4766649
9.683891 4767721
9.685740 4768793
9.687590 4769865
9.689440 4770937
9.691289 4772009
9.693139 4773081
9.694988 4774153
9.696838 4775225
9.698688 4776297
9.700537 4777369
9.702387 4778441
9.704236 4779513
9.706086 4780585
9.707936 4781657
9.709785 4782729
9.711635 4783801
9.713484 4784873
9.715334 4785409
9.716259 4785409
9.717184 4785409
9.718108 4785409
9.719033 4785409
9.719958 4785409
9.720883 4785409
9.721808 4785409
9.722732 4785409
9.723657 4785409
9.724582 4785409
9.725507 4785409
9.726432 4785409
9.727356 4785409
9.728281 4785409
9.729206 4785409
9.730131 4785409
9.731056 4785409
9.731980 4785409
9.732905 4785409
9.733830 4785409
9.734755 4797201
9.738348 4798273
9.740198 4799345
9.742048 4800417
9.743897 4801489
9.745747 4802561
9.749340 4803633
9.751190 4804705
9.753040 4805777
9.754889 4806849
9.756739 4807921
9.760332 4808993
9.762182 4810065
9.764032 4811137
9.765881 4812209
9.767731 4813281
9.771324 4814353
9.773174 4815425
9.775024 4816497
9.776873 4817569
9.778723 4818641
9.780572 4819713
9.783241 4820785
9.785091 4821857
9.786940 4822929
9.788790 4824001
9.790640 4825073
9.792489 4826145
9.795158 4827217
9.797008 4828289
9.798857 4829361
9.800707 4830433
9.802556 4831505
9.804406 4832577
9.806256 4833649
9.808105 4834721
9.809955 4835793
9.811804 4836865
9.813654 4837937
9.815504 4839009
9.817353 4840081
9.819203 4841153
9.821052 4842225
9.822902 4843297
9.824752 4844369
9.826601 4845441
9.828451 4846513
9.830300 4847585
9.832150 4848657
9.834000 4849729
9.835849 4850801
9.837699 4851873
9.839548 4852945
9.841398 4854017
9.843248 4855089
9.845097 4856161
9.846947 4857233
9.848796 4858305
9.850646 4859377
9.852496 4860449
9.854345 4861521
9.856195 4862593
9.858044 4863665
9.859894 4864737
9.861744 4865809
9.863593 4866881
9.865443 4867953
9.867292 4869025
9.869142 4870097
9.870992 4871169
9.872841 4872241
9.874691 4873313
9.876540 4874385
9.878390 4875457
9.880240 4876529
9.882089 4877601
9.883939 4878673
9.885788 4879745
9.887638 4880817
9.889488 4881889
9.891337 4882961
9.893187 4884033
9.895036 4885105
9.896886 4886177
9.898736 4887249
9.900585 4888321
9.902435 4889393
9.904284 4890465
9.906134 4891537
9.907984 4892609
9.909833 4893681
9.911683 4894753
9.913532 4895825
9.915382 4896897
9.917232 4897969
9.919081 4899041
9.920931 4900113
9.922780 4901185
9.924630 4902257
9.926480 4903329
9.928329 4904401
9.930179 4905473
9.932028 4906545
9.933878 4907617
9.935728 4908689
9.937577 4909761
9.939427 4910833
9.941276 4911905
9.943126 4912977
9.944976 4914049
9.946825 4915121
9.948675 4916193
9.950524 4917265
9.952374 4918337
9.954224 4919409
9.956073 4920481
9.957923 4921553
9.959772 4922625
9.961622 4923697
9.963472 4924769
9.965321 4925841
9.967171 4926913
9.969020 4927985
9.970870 4929057
9.972720 4930129
9.974569 4931201
9.976419 4932273
9.978268 4933345
9.980118 4934417
9.981968 4935489
9.983817 4936561
9.985667 4937633
9.987516 4938705
9.989366 4939777
9.991216 4940849
9.993065 4941921
9.994915 4942993
9.996764 4944065
9.998614 4945137
