1.010134 1
1.021193 537
1.033110 1609
1.045027 2681
1.056019 3753
1.057868 4825
1.067936 5897
1.069785 6969
1.071635 8041
1.079852 9113
1.081702 10185
1.083552 11257
1.085401 12329
1.090844 13401
1.092694 14473
1.094544 15545
1.096393 16617
1.098243 17689
1.100092 18761
1.101942 19833
1.103792 20905
1.105641 21977
1.107491 23049
1.109340 24121
1.111190 25193
1.113040 26265
1.114889 27337
1.116739 28409
1.118588 29481
1.120438 30553
1.122288 31625
1.124137 32697
1.125987 33233
1.126912 33233
1.127836 33233
1.128761 33233
1.129686 33233
1.130611 33233
1.131536 33233
1.132460 33233
1.133385 33233
1.134310 33233
1.135235 33233
1.136160 33233
1.137084 33233
1.138009 33233
1.138934 33233
1.139859 33233
1.140784 33233
1.141708 33233
1.142633 33233
1.143558 33233
1.144483 33233
1.145408 33233
1.146332 34841
1.153625 34841
1.154550 34841
1.155475 34841
1.156400 34841
1.157324 36449
1.158249 36449
1.164617 36449
1.165542 36449
1.166467 36449
1.167392 36449
1.168316 38057
1.169241 38057
1.170166 38057
1.175609 38057
1.176534 38057
1.177459 38057
1.178384 38057
1.179308 39665
1.180233 39665
1.181158 39665
1.182083 39665
1.186601 39665
1.187526 39665
1.188451 39665
1.189376 39665
1.190300 41273
1.191225 41273
1.192150 41273
1.193075 41273
1.194000 41273
1.197593 41273
1.198518 41273
1.199443 41273
1.200368 41273
1.201292 42881
1.202217 42881
1.203142 42881
1.204067 42881
1.204992 42881
1.205916 42881
1.208585 42881
1.209510 42881
1.210435 42881
1.211360 42881
1.212284 44489
1.213209 44489
1.214134 44489
1.215059 44489
1.215984 44489
1.216908 44489
1.217833 44489
1.219577 44489
1.220502 44489
1.221427 44489
1.222352 44489
1.223276 46097
1.224201 46097
1.225126 46097
1.226051 46097
1.226976 46097
1.227900 46097
1.228825 46097
1.229750 46097
1.230675 46097
1.231600 46097
1.232524 46097
1.233449 46097
1.234374 47705
1.235299 47705
1.236224 47705
1.237148 47705
1.238073 47705
1.238998 47705
1.239923 47705
1.240848 47705
1.241772 47705
1.242697 47705
1.243622 47705
1.244547 47705
1.245472 47705
1.246396 49313
1.247321 49313
1.248246 49313
1.249171 49313
1.250096 49313
1.251020 49313
1.251945 49313
1.252870 49313
1.253795 49313
1.254720 49313
1.255644 49313
1.256569 49313
1.257494 49313
1.258419 49313
1.259344 96481
1.261193 97553
1.263043 98625
1.264892 99697
1.266742 100769
1.268592 101841
1.270441 102913
1.272291 103985
1.274140 105057
1.275990 106129
1.277840 107201
1.279689 108273
1.281539 109345
1.283388 110417
1.285238 111489
1.287088 112561
1.288937 113633
1.290787 114705
1.292636 115777
1.294486 116849
1.296336 117921
1.298185 118993
1.300035 120065
1.301884 121137
1.303734 122209
1.305584 123281
1.307433 124353
1.309283 125425
1.311132 126497
1.312982 127569
1.314832 128641
1.316681 129713
1.318531 130785
1.320380 131857
1.322230 132929
1.324080 134001
1.325929 135073
1.327779 136145
1.329628 137217
1.331478 138289
1.333328 139361
1.335177 140433
1.337027 141505
1.338876 142577
1.340726 143649
1.342576 144721
1.344425 145793
1.346275 146865
1.348124 147937
1.349974 149009
1.351824 150081
1.353673 151153
1.355523 152225
1.357372 153297
1.359222 154369
1.361072 155441
1.362921 156513
1.364771 157585
1.366620 158657
1.368470 159729
1.370320 160801
1.372169 161873
1.374019 162945
1.375868 164017
1.377718 165089
1.379568 166161
1.381417 167233
1.383267 168305
1.385116 169377
1.386966 170449
1.388816 171521
1.390665 172593
1.392515 173665
1.394364 174737
1.396214 175809
1.398064 176881
1.399913 177953
1.401763 179025
1.403612 180097
1.405462 181169
1.407312 182241
1.409161 183313
1.411011 184385
1.412860 185457
1.414710 186529
1.416560 187601
1.418409 188673
1.420259 189745
1.422108 190817
1.423958 191889
1.425808 192961
1.427657 194033
1.429507 195105
1.431356 196177
1.433206 197249
1.435056 198321
1.436905 199393
1.438755 200465
1.440604 201537
1.442454 202609
1.444304 203681
1.446153 204753
1.448003 205825
1.449852 206897
1.451702 207969
1.453552 209041
1.455401 210113
1.457251 211185
1.459100 212257
1.460950 213329
1.462800 214401
1.464649 215473
1.466499 216545
1.468348 217617
1.470198 218689
1.472048 219761
1.473897 220833
1.475747 221905
1.477596 222441
1.478521 222441
1.479446 222441
1.480371 222441
1.481296 222441
1.482220 222441
1.483145 222441
1.484070 222441
1.484995 222441
1.485920 222441
1.486844 222441
1.487769 222441
1.488694 222441
1.489619 222441
1.490544 222441
1.491468 222441
1.492393 222441
1.493318 222441
1.494243 222441
1.495168 222441
1.496092 222441
1.497017 234233
1.500611 235305
1.502460 236377
1.504310 237449
1.506160 238521
1.508009 239593
1.511603 240665
1.513452 241737
1.515302 242809
1.517152 243881
1.519001 244953
1.522595 246025
1.524444 247097
1.526294 248169
1.528144 249241
1.529993 250313
1.533587 251385
1.535436 252457
1.537286 253529
1.539136 254601
1.540985 255673
1.542835 256745
1.545504 257817
1.547353 258889
1.549203 259961
1.551052 261033
1.552902 262105
1.554752 263177
1.557420 264249
1.559270 265321
1.561120 266393
1.562969 267465
1.564819 268537
1.566668 269609
1.568518 270681
1.570368 271753
1.572217 272825
1.574067 273897
1.575916 274969
1.577766 276041
1.579616 277113
1.581465 278185
1.583315 279257
1.585164 280329
1.587014 281401
1.588864 282473
1.590713 283545
1.592563 284617
1.594412 285689
1.596262 286761
1.598112 287833
1.599961 288905
1.601811 289977
1.603660 291049
1.605510 292121
1.607360 293193
1.609209 294265
1.611059 295337
1.612908 296409
1.614758 297481
1.616608 298553
1.618457 299625
1.620307 300697
1.622156 301769
1.624006 302841
1.625856 303913
1.627705 304985
1.629555 306057
1.631404 307129
1.633254 308201
1.635104 309273
1.636953 310345
1.638803 311417
1.640652 312489
1.642502 313561
1.644352 314633
1.646201 315705
1.648051 316777
1.649900 317849
1.651750 318921
1.653600 319993
1.655449 321065
1.657299 322137
1.659148 323209
1.660998 324281
1.662848 325353
1.664697 326425
1.666547 327497
1.668396 328569
1.670246 329641
1.672096 330713
1.673945 331785
1.675795 332857
1.677644 333929
1.679494 335001
1.681344 336073
1.683193 337145
1.685043 338217
1.686892 339289
1.688742 340361
1.690592 341433
1.692441 342505
1.694291 343577
1.696140 344649
1.697990 345721
1.699840 346793
1.701689 347865
1.703539 348937
1.705388 350009
1.707238 351081
1.709088 352153
1.710937 353225
1.712787 354297
1.714636 355369
1.716486 356441
1.718336 357513
1.720185 358585
1.722035 359657
1.723884 360729
1.725734 361801
1.727584 362873
1.729433 363945
1.731283 365017
1.733132 366089
1.734982 367161
1.736832 368233
1.738681 369305
1.740531 370377
1.742380 371449
1.744230 372521
1.746080 373593
1.747929 374665
1.749779 375737
1.751628 376809
1.753478 377881
1.755328 378953
1.757177 380025
1.759027 381097
1.760876 382169
1.762726 383241
1.764576 384313
1.766425 385385
1.768275 386457
1.770124 387529
1.771974 388601
1.773824 389673
1.775673 390745
1.777523 391817
1.779372 392889
1.781222 393961
1.783072 395033
1.784921 396105
1.786771 397177
1.788620 398249
1.790470 399321
1.792320 400393
1.794169 401465
1.796019 402537
1.797868 403609
1.799718 404681
1.801568 405753
1.803417 406825
1.805267 407897
1.807116 408969
1.808966 410041
1.810816 411113
1.812665 412185
1.814515 413257
1.816364 414329
1.818214 415401
1.820064 416473
1.821913 417545
1.823763 418617
1.825612 419689
1.827462 420761
1.829312 421833
1.831161 422905
1.833011 423977
1.834860 425049
1.836710 426121
1.838560 427193
1.840409 428265
1.842259 429337
1.844108 430409
1.845958 431481
1.847808 432553
1.849657 433625
1.851507 434697
1.853356 435769
1.855206 436841
1.857056 437913
1.858905 438985
1.860755 440057
1.862604 441129
1.864454 442201
1.866304 442737
1.867228 442737
1.868153 442737
1.869078 442737
1.870003 442737
1.870928 442737
1.871852 442737
1.872777 442737
1.873702 442737
1.874627 442737
1.875552 442737
1.876476 442737
1.877401 442737
1.878326 442737
1.879251 442737
1.880176 442737
1.881100 442737
1.882025 442737
1.882950 442737
1.883875 442737
1.884800 442737
1.885724 454529
1.889318 455601
1.891168 456673
1.893017 457745
1.894867 458817
1.896716 459889
1.900310 460961
1.902160 462033
1.904009 463105
1.905859 464177
1.907708 465249
1.911302 466321
1.913152 467393
1.915001 468465
1.916851 469537
1.918700 470609
1.922294 471681
1.924144 472753
1.925993 473825
1.927843 474897
1.929692 475969
1.931542 477041
1.934211 478113
1.936060 479185
1.937910 480257
1.939760 481329
1.941609 482401
1.943459 483473
1.946128 484545
1.947977 485617
1.949827 486689
1.951676 487761
1.953526 488833
1.955376 489905
1.957225 490977
1.959075 492049
1.960924 493121
1.962774 494193
1.964624 495265
1.966473 496337
1.968323 497409
1.970172 498481
1.972022 499553
1.973872 500625
1.975721 501697
1.977571 502769
1.979420 503841
1.981270 504913
1.983120 505985
1.984969 507057
1.986819 508129
1.988668 509201
1.990518 510273
1.992368 511345
1.994217 512417
1.996067 513489
1.997916 514561
1.999766 515633
2.001616 516705
2.003465 517777
2.005315 518849
2.007164 519921
2.009014 520993
2.010864 522065
2.012713 523137
2.014563 524209
2.016412 525281
2.018262 526353
2.020112 527425
2.021961 528497
2.023811 529569
2.025660 530641
2.027510 531713
2.029360 532785
2.031209 533857
2.033059 534929
2.034908 536001
2.036758 537073
2.038608 538145
2.040457 539217
2.042307 540289
2.044156 541361
2.046006 542433
2.047856 543505
2.049705 544577
2.051555 545649
2.053404 546721
2.055254 547793
2.057104 548865
2.058953 549937
2.060803 551009
2.062652 552081
2.064502 553153
2.066352 554225
2.068201 555297
2.070051 556369
2.071900 557441
2.073750 558513
2.075600 559585
2.077449 560657
2.079299 561729
2.081148 562801
2.082998 563873
2.084848 564945
2.086697 566017
2.088547 567089
2.090396 568161
2.092246 569233
2.094096 570305
2.095945 571377
2.097795 572449
2.099644 573521
2.101494 574593
2.103344 575665
2.105193 576737
2.107043 577809
2.108892 578881
2.110742 579953
2.112592 581025
2.114441 582097
2.116291 583169
2.118140 584241
2.119990 585313
2.121840 586385
2.123689 587457
2.125539 588529
2.127388 589601
2.129238 590673
2.131088 591745
2.132937 592817
2.134787 593889
2.136636 594961
2.138486 596033
2.140336 597105
2.142185 598177
2.144035 599249
2.145884 600321
2.147734 601393
2.149584 602465
2.151433 603537
2.153283 604609
2.155132 605681
2.156982 606753
2.158832 607825
2.160681 608897
2.162531 609969
2.164380 611041
2.166230 612113
2.168080 613185
2.169929 614257
2.171779 615329
2.173628 616401
2.175478 617473
2.177328 618545
2.179177 619617
2.181027 620689
2.182876 621761
2.184726 622833
2.186576 623905
2.188425 624977
2.190275 626049
2.192124 627121
2.193974 628193
2.195824 629265
2.197673 630337
2.199523 631409
2.201372 632481
2.203222 633553
2.205072 634625
2.206921 635697
2.208771 636769
2.210620 637841
2.212470 638913
2.214320 639985
2.216169 641057
2.218019 642129
2.219868 643201
2.221718 644273
2.223568 645345
2.225417 646417
2.227267 647489
2.229116 648561
2.230966 649633
2.232816 650705
2.234665 651777
2.236515 652849
2.238364 653921
2.240214 654993
2.242064 656065
2.243913 657137
2.245763 658209
2.247612 659281
2.249462 660353
2.251312 661425
2.253161 662497
2.255011 663033
2.255936 663033
2.256860 663033
2.257785 663033
2.258710 663033
2.259635 663033
2.260560 663033
2.261484 663033
2.262409 663033
2.263334 663033
2.264259 663033
2.265184 663033
2.266108 663033
2.267033 663033
2.267958 663033
2.268883 663033
2.269808 663033
2.270732 663033
2.271657 663033
2.272582 663033
2.273507 663033
2.274432 674825
2.278025 675897
2.279875 676969
2.281724 678041
2.283574 679113
2.285424 680185
2.289017 681257
2.290867 682329
2.292716 683401
2.294566 684473
2.296416 685545
2.300009 686617
2.301859 687689
2.303708 688761
2.305558 689833
2.307408 690905
2.311001 691977
2.312851 693049
2.314700 694121
2.316550 695193
2.318400 696265
2.320249 697337
2.322918 698409
2.324768 699481
2.326617 700553
2.328467 701625
2.330316 702697
2.332166 703769
2.334835 704841
2.336684 705913
2.338534 706985
2.340384 708057
2.342233 709129
2.344083 710201
2.345932 711273
2.347782 712345
2.349632 713417
2.351481 714489
2.353331 715561
2.355180 716633
2.357030 717705
2.358880 718777
2.360729 719849
2.362579 720921
2.364428 721993
2.366278 723065
2.368128 724137
2.369977 725209
2.371827 726281
2.373676 727353
2.375526 728425
2.377376 729497
2.379225 730569
2.381075 731641
2.382924 732713
2.384774 733785
2.386624 734857
2.388473 735929
2.390323 737001
2.392172 738073
2.394022 739145
2.395872 740217
2.397721 741289
2.399571 742361
2.401420 743433
2.403270 744505
2.405120 745577
2.406969 746649
2.408819 747721
2.410668 748793
2.412518 749865
2.414368 750937
2.416217 752009
2.418067 753081
2.419916 754153
2.421766 755225
2.423616 756297
2.425465 757369
2.427315 758441
2.429164 759513
2.431014 760585
2.432864 761657
2.434713 762729
2.436563 763801
2.438412 764873
2.440262 765945
2.442112 767017
2.443961 768089
2.445811 769161
2.447660 770233
2.449510 771305
2.451360 772377
2.453209 773449
2.455059 774521
2.456908 775593
2.458758 776665
2.460608 777737
2.462457 778809
2.464307 779881
2.466156 780953
2.468006 782025
2.469856 783097
2.471705 784169
2.473555 785241
2.475404 786313
2.477254 787385
2.479104 788457
2.480953 789529
2.482803 790601
2.484652 791673
2.486502 792745
2.488352 793817
2.490201 794889
2.492051 795961
2.493900 797033
2.495750 798105
2.497600 799177
2.499449 800249
2.501299 801321
2.503148 802393
2.504998 803465
2.506848 804537
2.508697 805609
2.510547 806681
2.512396 807753
2.514246 808825
2.516096 809897
2.517945 810969
2.519795 812041
2.521644 813113
2.523494 814185
2.525344 815257
2.527193 816329
2.529043 817401
2.530892 818473
2.532742 819545
2.534592 820617
2.536441 821689
2.538291 822761
2.540140 823833
2.541990 824905
2.543840 825977
2.545689 827049
2.547539 828121
2.549388 829193
2.551238 830265
2.553088 831337
2.554937 832409
2.556787 833481
2.558636 834553
2.560486 835625
2.562336 836697
2.564185 837769
2.566035 838841
2.567884 839913
2.569734 840985
2.571584 842057
2.573433 843129
2.575283 844201
2.577132 845273
2.578982 846345
2.580832 847417
2.582681 848489
2.584531 849561
2.586380 850633
2.588230 851705
2.590080 852777
2.591929 853849
2.593779 854921
2.595628 855993
2.597478 857065
2.599328 858137
2.601177 859209
2.603027 860281
2.604876 861353
2.606726 862425
2.608576 863497
2.610425 864569
2.612275 865641
2.614124 866713
2.615974 867785
2.617824 868857
2.619673 869929
2.621523 871001
2.623372 872073
2.625222 873145
2.627072 874217
2.628921 875289
2.630771 876361
2.632620 877433
2.634470 878505
2.636320 879577
2.638169 880649
2.640019 881721
2.641868 882793
2.643718 883329
2.644643 883329
2.645568 883329
2.646492 883329
2.647417 883329
2.648342 883329
2.649267 883329
2.650192 883329
2.651116 883329
2.652041 883329
2.652966 883329
2.653891 883329
2.654816 883329
2.655740 883329
2.656665 883329
2.657590 883329
2.658515 883329
2.659440 883329
2.660364 883329
2.661289 883329
2.662214 883329
2.663139 895121
2.666732 896193
2.668582 897265
2.670432 898337
2.672281 899409
2.674131 900481
2.677724 901553
2.679574 902625
2.681424 903697
2.683273 904769
2.685123 905841
2.688716 906913
2.690566 907985
2.692416 909057
2.694265 910129
2.696115 911201
2.699708 912273
2.701558 913345
2.703408 914417
2.705257 915489
2.707107 916561
2.708956 917633
2.711625 918705
2.713475 919777
2.715324 920849
2.717174 921921
2.719024 922993
2.720873 924065
2.723542 925137
2.725392 926209
2.727241 927281
2.729091 928353
2.730940 929425
2.732790 930497
2.734640 931569
2.736489 932641
2.738339 933713
2.740188 934785
2.742038 935857
2.743888 936929
2.745737 938001
2.747587 939073
2.749436 940145
2.751286 941217
2.753136 942289
2.754985 943361
2.756835 944433
2.758684 945505
2.760534 946577
2.762384 947649
2.764233 948721
2.766083 949793
2.767932 950865
2.769782 951937
2.771632 953009
2.773481 954081
2.775331 955153
2.777180 956225
2.779030 957297
2.780880 958369
2.782729 959441
2.784579 960513
2.786428 961585
2.788278 962657
2.790128 963729
2.791977 964801
2.793827 965873
2.795676 966945
2.797526 968017
2.799376 969089
2.801225 970161
2.803075 971233
2.804924 972305
2.806774 973377
2.808624 974449
2.810473 975521
2.812323 976593
2.814172 977665
2.816022 978737
2.817872 979809
2.819721 980881
2.821571 981953
2.823420 983025
2.825270 984097
2.827120 985169
2.828969 986241
2.830819 987313
2.832668 988385
2.834518 989457
2.836368 990529
2.838217 991601
2.840067 992673
2.841916 993745
2.843766 994817
2.845616 995889
2.847465 996961
2.849315 998033
2.851164 999105
2.853014 1000177
2.854864 1001249
2.856713 1002321
2.858563 1003393
2.860412 1004465
2.862262 1005537
2.864112 1006609
2.865961 1007681
2.867811 1008753
2.869660 1009825
2.871510 1010897
2.873360 1011969
2.875209 1013041
2.877059 1014113
2.878908 1015185
2.880758 1016257
2.882608 1017329
2.884457 1018401
2.886307 1019473
2.888156 1020545
2.890006 1021617
2.891856 1022689
2.893705 1023761
2.895555 1024833
2.897404 1025905
2.899254 1026977
2.901104 1028049
2.902953 1029121
2.904803 1030193
2.906652 1031265
2.908502 1032337
2.910352 1033409
2.912201 1034481
2.914051 1035553
2.915900 1036625
2.917750 1037697
2.919600 1038769
2.921449 1039841
2.923299 1040913
2.925148 1041985
2.926998 1043057
2.928848 1044129
2.930697 1045201
2.932547 1046273
2.934396 1047345
2.936246 1048417
2.938096 1049489
2.939945 1050561
2.941795 1051633
2.943644 1052705
2.945494 1053777
2.947344 1054849
2.949193 1055921
2.951043 1056993
2.952892 1058065
2.954742 1059137
2.956592 1060209
2.958441 1061281
2.960291 1062353
2.962140 1063425
2.963990 1064497
2.965840 1065569
2.967689 1066641
2.969539 1067713
2.971388 1068785
2.973238 1069857
2.975088 1070929
2.976937 1072001
2.978787 1073073
2.980636 1074145
2.982486 1075217
2.984336 1076289
2.986185 1077361
2.988035 1078433
2.989884 1079505
2.991734 1080577
2.993584 1081649
2.995433 1082721
2.997283 1083793
2.999132 1084865
3.000982 1085937
3.002832 1087009
3.004681 1088081
3.006531 1089153
3.008380 1090225
3.010230 1091297
3.012080 1092369
3.013929 1093441
3.015779 1094513
3.017628 1095585
3.019478 1096657
3.021328 1097729
3.023177 1098801
3.025027 1099873
3.026876 1100945
3.028726 1102017
3.030576 1103089
3.032425 1103625
3.033350 1103625
3.034275 1103625
3.035200 1103625
3.036124 1103625
3.037049 1103625
3.037974 1103625
3.038899 1103625
3.039824 1103625
3.040748 1103625
3.041673 1103625
3.042598 1103625
3.043523 1103625
3.044448 1103625
3.045372 1103625
3.046297 1103625
3.047222 1103625
3.048147 1103625
3.049072 1103625
3.049996 1103625
3.050921 1103625
3.051846 1115417
3.055440 1116489
3.057289 1117561
3.059139 1118633
3.060988 1119705
3.062838 1120777
3.066432 1121849
3.068281 1122921
3.070131 1123993
3.071980 1125065
3.073830 1126137
3.077424 1127209
3.079273 1128281
3.081123 1129353
3.082972 1130425
3.084822 1131497
3.088416 1132569
3.090265 1133641
3.092115 1134713
3.093964 1135785
3.095814 1136857
3.097664 1137929
3.100332 1139001
3.102182 1140073
3.104032 1141145
3.105881 1142217
3.107731 1143289
3.109580 1144361
3.112249 1145433
3.114099 1146505
3.115948 1147577
3.117798 1148649
3.119648 1149721
3.121497 1150793
3.123347 1151865
3.125196 1152937
3.127046 1154009
3.128896 1155081
3.130745 1156153
3.132595 1157225
3.134444 1158297
3.136294 1159369
3.138144 1160441
3.139993 1161513
3.141843 1162585
3.143692 1163657
3.145542 1164729
3.147392 1165801
3.149241 1166873
3.151091 1167945
3.152940 1169017
3.154790 1170089
3.156640 1171161
3.158489 1172233
3.160339 1173305
3.162188 1174377
3.164038 1175449
3.165888 1176521
3.167737 1177593
3.169587 1178665
3.171436 1179737
3.173286 1180809
3.175136 1181881
3.176985 1182953
3.178835 1184025
3.180684 1185097
3.182534 1186169
3.184384 1187241
3.186233 1188313
3.188083 1189385
3.189932 1190457
3.191782 1191529
3.193632 1192601
3.195481 1193673
3.197331 1194745
3.199180 1195817
3.201030 1196889
3.202880 1197961
3.204729 1199033
3.206579 1200105
3.208428 1201177
3.210278 1202249
3.212128 1203321
3.213977 1204393
3.215827 1205465
3.217676 1206537
3.219526 1207609
3.221376 1208681
3.223225 1209753
3.225075 1210825
3.226924 1211897
3.228774 1212969
3.230624 1214041
3.232473 1215113
3.234323 1216185
3.236172 1217257
3.238022 1218329
3.239872 1219401
3.241721 1220473
3.243571 1221545
3.245420 1222617
3.247270 1223689
3.249120 1224761
3.250969 1225833
3.252819 1226905
3.254668 1227977
3.256518 1229049
3.258368 1230121
3.260217 1231193
3.262067 1232265
3.263916 1233337
3.265766 1234409
3.267616 1235481
3.269465 1236553
3.271315 1237625
3.273164 1238697
3.275014 1239769
3.276864 1240841
3.278713 1241913
3.280563 1242985
3.282412 1244057
3.284262 1245129
3.286112 1246201
3.287961 1247273
3.289811 1248345
3.291660 1249417
3.293510 1250489
3.295360 1251561
3.297209 1252633
3.299059 1253705
3.300908 1254777
3.302758 1255849
3.304608 1256921
3.306457 1257993
3.308307 1259065
3.310156 1260137
3.312006 1261209
3.313856 1262281
3.315705 1263353
3.317555 1264425
3.319404 1265497
3.321254 1266569
3.323104 1267641
3.324953 1268713
3.326803 1269785
3.328652 1270857
3.330502 1271929
3.332352 1273001
3.334201 1274073
3.336051 1275145
3.337900 1276217
3.339750 1277289
3.341600 1278361
3.343449 1279433
3.345299 1280505
3.347148 1281577
3.348998 1282649
3.350848 1283721
3.352697 1284793
3.354547 1285865
3.356396 1286937
3.358246 1288009
3.360096 1289081
3.361945 1290153
3.363795 1291225
3.365644 1292297
3.367494 1293369
3.369344 1294441
3.371193 1295513
3.373043 1296585
3.374892 1297657
3.376742 1298729
3.378592 1299801
3.380441 1300873
3.382291 1301945
3.384140 1303017
3.385990 1304089
3.387840 1305161
3.389689 1306233
3.391539 1307305
3.393388 1308377
3.395238 1309449
3.397088 1310521
3.398937 1311593
3.400787 1312665
3.402636 1313737
3.404486 1314809
3.406336 1315881
3.408185 1316953
3.410035 1318025
3.411884 1319097
3.413734 1320169
3.415584 1321241
3.417433 1322313
3.419283 1323385
3.421132 1323921
3.422057 1323921
3.422982 1323921
3.423907 1323921
3.424832 1323921
3.425756 1323921
3.426681 1323921
3.427606 1323921
3.428531 1323921
3.429456 1323921
3.430380 1323921
3.431305 1323921
3.432230 1323921
3.433155 1323921
3.434080 1323921
3.435004 1323921
3.435929 1323921
3.436854 1323921
3.437779 1323921
3.438704 1323921
3.439628 1323921
3.440553 1335713
3.444147 1336785
3.445996 1337857
3.447846 1338929
3.449696 1340001
3.451545 1341073
3.455139 1342145
3.456988 1343217
3.458838 1344289
3.460688 1345361
3.462537 1346433
3.466131 1347505
3.467980 1348577
3.469830 1349649
3.471680 1350721
3.473529 1351793
3.477123 1352865
3.478972 1353937
3.480822 1355009
3.482672 1356081
3.484521 1357153
3.486371 1358225
3.489040 1359297
3.490889 1360369
3.492739 1361441
3.494588 1362513
3.496438 1363585
3.498288 1364657
3.500956 1365729
3.502806 1366801
3.504656 1367873
3.506505 1368945
3.508355 1370017
3.510204 1371089
3.512054 1372161
3.513904 1373233
3.515753 1374305
3.517603 1375377
3.519452 1376449
3.521302 1377521
3.523152 1378593
3.525001 1379665
3.526851 1380737
3.528700 1381809
3.530550 1382881
3.532400 1383953
3.534249 1385025
3.536099 1386097
3.537948 1387169
3.539798 1388241
3.541648 1389313
3.543497 1390385
3.545347 1391457
3.547196 1392529
3.549046 1393601
3.550896 1394673
3.552745 1395745
3.554595 1396817
3.556444 1397889
3.558294 1398961
3.560144 1400033
3.561993 1401105
3.563843 1402177
3.565692 1403249
3.567542 1404321
3.569392 1405393
3.571241 1406465
3.573091 1407537
3.574940 1408609
3.576790 1409681
3.578640 1410753
3.580489 1411825
3.582339 1412897
3.584188 1413969
3.586038 1415041
3.587888 1416113
3.589737 1417185
3.591587 1418257
3.593436 1419329
3.595286 1420401
3.597136 1421473
3.598985 1422545
3.600835 1423617
3.602684 1424689
3.604534 1425761
3.606384 1426833
3.608233 1427905
3.610083 1428977
3.611932 1430049
3.613782 1431121
3.615632 1432193
3.617481 1433265
3.619331 1434337
3.621180 1435409
3.623030 1436481
3.624880 1437553
3.626729 1438625
3.628579 1439697
3.630428 1440769
3.632278 1441841
3.634128 1442913
3.635977 1443985
3.637827 1445057
3.639676 1446129
3.641526 1447201
3.643376 1448273
3.645225 1449345
3.647075 1450417
3.648924 1451489
3.650774 1452561
3.652624 1453633
3.654473 1454705
3.656323 1455777
3.658172 1456849
3.660022 1457921
3.661872 1458993
3.663721 1460065
3.665571 1461137
3.667420 1462209
3.669270 1463281
3.671120 1464353
3.672969 1465425
3.674819 1466497
3.676668 1467569
3.678518 1468641
3.680368 1469713
3.682217 1470785
3.684067 1471857
3.685916 1472929
3.687766 1474001
3.689616 1475073
3.691465 1476145
3.693315 1477217
3.695164 1478289
3.697014 1479361
3.698864 1480433
3.700713 1481505
3.702563 1482577
3.704412 1483649
3.706262 1484721
3.708112 1485793
3.709961 1486865
3.711811 1487937
3.713660 1489009
3.715510 1490081
3.717360 1491153
3.719209 1492225
3.721059 1493297
3.722908 1494369
3.724758 1495441
3.726608 1496513
3.728457 1497585
3.730307 1498657
3.732156 1499729
3.734006 1500801
3.735856 1501873
3.737705 1502945
3.739555 1504017
3.741404 1505089
3.743254 1506161
3.745104 1507233
3.746953 1508305
3.748803 1509377
3.750652 1510449
3.752502 1511521
3.754352 1512593
3.756201 1513665
3.758051 1514737
3.759900 1515809
3.761750 1516881
3.763600 1517953
3.765449 1519025
3.767299 1520097
3.769148 1521169
3.770998 1522241
3.772848 1523313
3.774697 1524385
3.776547 1525457
3.778396 1526529
3.780246 1527601
3.782096 1528673
3.783945 1529745
3.785795 1530817
3.787644 1531889
3.789494 1532961
3.791344 1534033
3.793193 1535105
3.795043 1536177
3.796892 1537249
3.798742 1538321
3.800592 1539393
3.802441 1540465
3.804291 1541537
3.806140 1542609
3.807990 1543681
3.809840 1544217
3.810764 1544217
3.811689 1544217
3.812614 1544217
3.813539 1544217
3.814464 1544217
3.815388 1544217
3.816313 1544217
3.817238 1544217
3.818163 1544217
3.819088 1544217
3.820012 1544217
3.820937 1544217
3.821862 1544217
3.822787 1544217
3.823712 1544217
3.824636 1544217
3.825561 1544217
3.826486 1544217
3.827411 1544217
3.828336 1544217
3.829260 1556009
3.832854 1557081
3.834704 1558153
3.836553 1559225
3.838403 1560297
3.840252 1561369
3.843846 1562441
3.845696 1563513
3.847545 1564585
3.849395 1565657
3.851244 1566729
3.854838 1567801
3.856688 1568873
3.858537 1569945
3.860387 1571017
3.862236 1572089
3.865830 1573161
3.867680 1574233
3.869529 1575305
3.871379 1576377
3.873228 1577449
3.875078 1578521
3.877747 1579593
3.879596 1580665
3.881446 1581737
3.883296 1582809
3.885145 1583881
3.886995 1584953
3.889664 1586025
3.891513 1587097
3.893363 1588169
3.895212 1589241
3.897062 1590313
3.898912 1591385
3.900761 1592457
3.902611 1593529
3.904460 1594601
3.906310 1595673
3.908160 1596745
3.910009 1597817
3.911859 1598889
3.913708 1599961
3.915558 1601033
3.917408 1602105
3.919257 1603177
3.921107 1604249
3.922956 1605321
3.924806 1606393
3.926656 1607465
3.928505 1608537
3.930355 1609609
3.932204 1610681
3.934054 1611753
3.935904 1612825
3.937753 1613897
3.939603 1614969
3.941452 1616041
3.943302 1617113
3.945152 1618185
3.947001 1619257
3.948851 1620329
3.950700 1621401
3.952550 1622473
3.954400 1623545
3.956249 1624617
3.958099 1625689
3.959948 1626761
3.961798 1627833
3.963648 1628905
3.965497 1629977
3.967347 1631049
3.969196 1632121
3.971046 1633193
3.972896 1634265
3.974745 1635337
3.976595 1636409
3.978444 1637481
3.980294 1638553
3.982144 1639625
3.983993 1640697
3.985843 1641769
3.987692 1642841
3.989542 1643913
3.991392 1644985
3.993241 1646057
3.995091 1647129
3.996940 1648201
3.998790 1649273
4.000640 1650345
4.002489 1651417
4.004339 1652489
4.006188 1653561
4.008038 1654633
4.009888 1655705
4.011737 1656777
4.013587 1657849
4.015436 1658921
4.017286 1659993
4.019136 1661065
4.020985 1662137
4.022835 1663209
4.024684 1664281
4.026534 1665353
4.028384 1666425
4.030233 1667497
4.032083 1668569
4.033932 1669641
4.035782 1670713
4.037632 1671785
4.039481 1672857
4.041331 1673929
4.043180 1675001
4.045030 1676073
4.046880 1677145
4.048729 1678217
4.050579 1679289
4.052428 1680361
4.054278 1681433
4.056128 1682505
4.057977 1683577
4.059827 1684649
4.061676 1685721
4.063526 1686793
4.065376 1687865
4.067225 1688937
4.069075 1690009
4.070924 1691081
4.072774 1692153
4.074624 1693225
4.076473 1694297
4.078323 1695369
4.080172 1696441
4.082022 1697513
4.083872 1698585
4.085721 1699657
4.087571 1700729
4.089420 1701801
4.091270 1702873
4.093120 1703945
4.094969 1705017
4.096819 1706089
4.098668 1707161
4.100518 1708233
4.102368 1709305
4.104217 1710377
4.106067 1711449
4.107916 1712521
4.109766 1713593
4.111616 1714665
4.113465 1715737
4.115315 1716809
4.117164 1717881
4.119014 1718953
4.120864 1720025
4.122713 1721097
4.124563 1722169
4.126412 1723241
4.128262 1724313
4.130112 1725385
4.131961 1726457
4.133811 1727529
4.135660 1728601
4.137510 1729673
4.139360 1730745
4.141209 1731817
4.143059 1732889
4.144908 1733961
4.146758 1735033
4.148608 1736105
4.150457 1737177
4.152307 1738249
4.154156 1739321
4.156006 1740393
4.157856 1741465
4.159705 1742537
4.161555 1743609
4.163404 1744681
4.165254 1745753
4.167104 1746825
4.168953 1747897
4.170803 1748969
4.172652 1750041
4.174502 1751113
4.176352 1752185
4.178201 1753257
4.180051 1754329
4.181900 1755401
4.183750 1756473
4.185600 1757545
4.187449 1758617
4.189299 1759689
4.191148 1760761
4.192998 1761833
4.194848 1762905
4.196697 1763977
4.198547 1764513
4.199472 1764513
4.200396 1764513
4.201321 1764513
4.202246 1764513
4.203171 1764513
4.204096 1764513
4.205020 1764513
4.205945 1764513
4.206870 1764513
4.207795 1764513
4.208720 1764513
4.209644 1764513
4.210569 1764513
4.211494 1764513
4.212419 1764513
4.213344 1764513
4.214268 1764513
4.215193 1764513
4.216118 1764513
4.217043 1764513
4.217968 1776305
4.221561 1777377
4.223411 1778449
4.225260 1779521
4.227110 1780593
4.228960 1781665
4.232553 1782737
4.234403 1783809
4.236252 1784881
4.238102 1785953
4.239952 1787025
4.243545 1788097
4.245395 1789169
4.247244 1790241
4.249094 1791313
4.250944 1792385
4.254537 1793457
4.256387 1794529
4.258236 1795601
4.260086 1796673
4.261936 1797745
4.263785 1798817
4.266454 1799889
4.268304 1800961
4.270153 1802033
4.272003 1803105
4.273852 1804177
4.275702 1805249
4.278371 1806321
4.280220 1807393
4.282070 1808465
4.283920 1809537
4.285769 1810609
4.287619 1811681
4.289468 1812753
4.291318 1813825
4.293168 1814897
4.295017 1815969
4.296867 1817041
4.298716 1818113
4.300566 1819185
4.302416 1820257
4.304265 1821329
4.306115 1822401
4.307964 1823473
4.309814 1824545
4.311664 1825617
4.313513 1826689
4.315363 1827761
4.317212 1828833
4.319062 1829905
4.320912 1830977
4.322761 1832049
4.324611 1833121
4.326460 1834193
4.328310 1835265
4.330160 1836337
4.332009 1837409
4.333859 1838481
4.335708 1839553
4.337558 1840625
4.339408 1841697
4.341257 1842769
4.343107 1843841
4.344956 1844913
4.346806 1845985
4.348656 1847057
4.350505 1848129
4.352355 1849201
4.354204 1850273
4.356054 1851345
4.357904 1852417
4.359753 1853489
4.361603 1854561
4.363452 1855633
4.365302 1856705
4.367152 1857777
4.369001 1858849
4.370851 1859921
4.372700 1860993
4.374550 1862065
4.376400 1863137
4.378249 1864209
4.380099 1865281
4.381948 1866353
4.383798 1867425
4.385648 1868497
4.387497 1869569
4.389347 1870641
4.391196 1871713
4.393046 1872785
4.394896 1873857
4.396745 1874929
4.398595 1876001
4.400444 1877073
4.402294 1878145
4.404144 1879217
4.405993 1880289
4.407843 1881361
4.409692 1882433
4.411542 1883505
4.413392 1884577
4.415241 1885649
4.417091 1886721
4.418940 1887793
4.420790 1888865
4.422640 1889937
4.424489 1891009
4.426339 1892081
4.428188 1893153
4.430038 1894225
4.431888 1895297
4.433737 1896369
4.435587 1897441
4.437436 1898513
4.439286 1899585
4.441136 1900657
4.442985 1901729
4.444835 1902801
4.446684 1903873
4.448534 1904945
4.450384 1906017
4.452233 1907089
4.454083 1908161
4.455932 1909233
4.457782 1910305
4.459632 1911377
4.461481 1912449
4.463331 1913521
4.465180 1914593
4.467030 1915665
4.468880 1916737
4.470729 1917809
4.472579 1918881
4.474428 1919953
4.476278 1921025
4.478128 1922097
4.479977 1923169
4.481827 1924241
4.483676 1925313
4.485526 1926385
4.487376 1927457
4.489225 1928529
4.491075 1929601
4.492924 1930673
4.494774 1931745
4.496624 1932817
4.498473 1933889
4.500323 1934961
4.502172 1936033
4.504022 1937105
4.505872 1938177
4.507721 1939249
4.509571 1940321
4.511420 1941393
4.513270 1942465
4.515120 1943537
4.516969 1944609
4.518819 1945681
4.520668 1946753
4.522518 1947825
4.524368 1948897
4.526217 1949969
4.528067 1951041
4.529916 1952113
4.531766 1953185
4.533616 1954257
4.535465 1955329
4.537315 1956401
4.539164 1957473
4.541014 1958545
4.542864 1959617
4.544713 1960689
4.546563 1961761
4.548412 1962833
4.550262 1963905
4.552112 1964977
4.553961 1966049
4.555811 1967121
4.557660 1968193
4.559510 1969265
4.561360 1970337
4.563209 1971409
4.565059 1972481
4.566908 1973553
4.568758 1974625
4.570608 1975697
4.572457 1976769
4.574307 1977841
4.576156 1978913
4.578006 1979985
4.579856 1981057
4.581705 1982129
4.583555 1983201
4.585404 1984273
4.587254 1984809
4.588179 1984809
4.589104 1984809
4.590028 1984809
4.590953 1984809
4.591878 1984809
4.592803 1984809
4.593728 1984809
4.594652 1984809
4.595577 1984809
4.596502 1984809
4.597427 1984809
4.598352 1984809
4.599276 1984809
4.600201 1984809
4.601126 1984809
4.602051 1984809
4.602976 1984809
4.603900 1984809
4.604825 1984809
4.605750 1984809
4.606675 1996601
4.610268 1997673
4.612118 1998745
4.613968 1999817
4.615817 2000889
4.617667 2001961
4.621260 2003033
4.623110 2004105
4.624960 2005177
4.626809 2006249
4.628659 2007321
4.632252 2008393
4.634102 2009465
4.635952 2010537
4.637801 2011609
4.639651 2012681
4.643244 2013753
4.645094 2014825
4.646944 2015897
4.648793 2016969
4.650643 2018041
4.652492 2019113
4.655161 2020185
4.657011 2021257
4.658860 2022329
4.660710 2023401
4.662560 2024473
4.664409 2025545
4.667078 2026617
4.668928 2027689
4.670777 2028761
4.672627 2029833
4.674476 2030905
4.676326 2031977
4.678176 2033049
4.680025 2034121
4.681875 2035193
4.683724 2036265
4.685574 2037337
4.687424 2038409
4.689273 2039481
4.691123 2040553
4.692972 2041625
4.694822 2042697
4.696672 2043769
4.698521 2044841
4.700371 2045913
4.702220 2046985
4.704070 2048057
4.705920 2049129
4.707769 2050201
4.709619 2051273
4.711468 2052345
4.713318 2053417
4.715168 2054489
4.717017 2055561
4.718867 2056633
4.720716 2057705
4.722566 2058777
4.724416 2059849
4.726265 2060921
4.728115 2061993
4.729964 2063065
4.731814 2064137
4.733664 2065209
4.735513 2066281
4.737363 2067353
4.739212 2068425
4.741062 2069497
4.742912 2070569
4.744761 2071641
4.746611 2072713
4.748460 2073785
4.750310 2074857
4.752160 2075929
4.754009 2077001
4.755859 2078073
4.757708 2079145
4.759558 2080217
4.761408 2081289
4.763257 2082361
4.765107 2083433
4.766956 2084505
4.768806 2085577
4.770656 2086649
4.772505 2087721
4.774355 2088793
4.776204 2089865
4.778054 2090937
4.779904 2092009
4.781753 2093081
4.783603 2094153
4.785452 2095225
4.787302 2096297
4.789152 2097369
4.791001 2098441
4.792851 2099513
4.794700 2100585
4.796550 2101657
4.798400 2102729
4.800249 2103801
4.802099 2104873
4.803948 2105945
4.805798 2107017
4.807648 2108089
4.809497 2109161
4.811347 2110233
4.813196 2111305
4.815046 2112377
4.816896 2113449
4.818745 2114521
4.820595 2115593
4.822444 2116665
4.824294 2117737
4.826144 2118809
4.827993 2119881
4.829843 2120953
4.831692 2122025
4.833542 2123097
4.835392 2124169
4.837241 2125241
4.839091 2126313
4.840940 2127385
4.842790 2128457
4.844640 2129529
4.846489 2130601
4.848339 2131673
4.850188 2132745
4.852038 2133817
4.853888 2134889
4.855737 2135961
4.857587 2137033
4.859436 2138105
4.861286 2139177
4.863136 2140249
4.864985 2141321
4.866835 2142393
4.868684 2143465
4.870534 2144537
4.872384 2145609
4.874233 2146681
4.876083 2147753
4.877932 2148825
4.879782 2149897
4.881632 2150969
4.883481 2152041
4.885331 2153113
4.887180 2154185
4.889030 2155257
4.890880 2156329
4.892729 2157401
4.894579 2158473
4.896428 2159545
4.898278 2160617
4.900128 2161689
4.901977 2162761
4.903827 2163833
4.905676 2164905
4.907526 2165977
4.909376 2167049
4.911225 2168121
4.913075 2169193
4.914924 2170265
4.916774 2171337
4.918624 2172409
4.920473 2173481
4.922323 2174553
4.924172 2175625
4.926022 2176697
4.927872 2177769
4.929721 2178841
4.931571 2179913
4.933420 2180985
4.935270 2182057
4.937120 2183129
4.938969 2184201
4.940819 2185273
4.942668 2186345
4.944518 2187417
4.946368 2188489
4.948217 2189561
4.950067 2190633
4.951916 2191705
4.953766 2192777
4.955616 2193849
4.957465 2194921
4.959315 2195993
4.961164 2197065
4.963014 2198137
4.964864 2199209
4.966713 2200281
4.968563 2201353
4.970412 2202425
4.972262 2203497
4.974112 2204569
4.975961 2205105
4.976886 2205105
4.977811 2205105
4.978736 2205105
4.979660 2205105
4.980585 2205105
4.981510 2205105
4.982435 2205105
4.983360 2205105
4.984284 2205105
4.985209 2205105
4.986134 2205105
4.987059 2205105
4.987984 2205105
4.988908 2205105
4.989833 2205105
4.990758 2205105
4.991683 2205105
4.992608 2205105
4.993532 2205105
4.994457 2205105
4.995382 2216897
4.998976 2217969
5.000825 2219041
5.002675 2220113
5.004524 2221185
5.006374 2222257
5.009968 2223329
5.011817 2224401
5.013667 2225473
5.015516 2226545
5.017366 2227617
5.020960 2228689
5.022809 2229761
5.024659 2230833
5.026508 2231905
5.028358 2232977
5.031952 2234049
5.033801 2235121
5.035651 2236193
5.037500 2237265
5.039350 2238337
5.041200 2239409
5.043868 2240481
5.045718 2241553
5.047568 2242625
5.049417 2243697
5.051267 2244769
5.053116 2245841
5.055785 2246913
5.057635 2247985
5.059484 2249057
5.061334 2250129
5.063184 2251201
5.065033 2252273
5.066883 2253345
5.068732 2254417
5.070582 2255489
5.072432 2256561
5.074281 2257633
5.076131 2258705
5.077980 2259777
5.079830 2260849
5.081680 2261921
5.083529 2262993
5.085379 2264065
5.087228 2265137
5.089078 2266209
5.090928 2267281
5.092777 2268353
5.094627 2269425
5.096476 2270497
5.098326 2271569
5.100176 2272641
5.102025 2273713
5.103875 2274785
5.105724 2275857
5.107574 2276929
5.109424 2278001
5.111273 2279073
5.113123 2280145
5.114972 2281217
5.116822 2282289
5.118672 2283361
5.120521 2284433
5.122371 2285505
5.124220 2286577
5.126070 2287649
5.127920 2288721
5.129769 2289793
5.131619 2290865
5.133468 2291937
5.135318 2293009
5.137168 2294081
5.139017 2295153
5.140867 2296225
5.142716 2297297
5.144566 2298369
5.146416 2299441
5.148265 2300513
5.150115 2301585
5.151964 2302657
5.153814 2303729
5.155664 2304801
5.157513 2305873
5.159363 2306945
5.161212 2308017
5.163062 2309089
5.164912 2310161
5.166761 2311233
5.168611 2312305
5.170460 2313377
5.172310 2314449
5.174160 2315521
5.176009 2316593
5.177859 2317665
5.179708 2318737
5.181558 2319809
5.183408 2320881
5.185257 2321953
5.187107 2323025
5.188956 2324097
5.190806 2325169
5.192656 2326241
5.194505 2327313
5.196355 2328385
5.198204 2329457
5.200054 2330529
5.201904 2331601
5.203753 2332673
5.205603 2333745
5.207452 2334817
5.209302 2335889
5.211152 2336961
5.213001 2338033
5.214851 2339105
5.216700 2340177
5.218550 2341249
5.220400 2342321
5.222249 2343393
5.224099 2344465
5.225948 2345537
5.227798 2346609
5.229648 2347681
5.231497 2348753
5.233347 2349825
5.235196 2350897
5.237046 2351969
5.238896 2353041
5.240745 2354113
5.242595 2355185
5.244444 2356257
5.246294 2357329
5.248144 2358401
5.249993 2359473
5.251843 2360545
5.253692 2361617
5.255542 2362689
5.257392 2363761
5.259241 2364833
5.261091 2365905
5.262940 2366977
5.264790 2368049
5.266640 2369121
5.268489 2370193
5.270339 2371265
5.272188 2372337
5.274038 2373409
5.275888 2374481
5.277737 2375553
5.279587 2376625
5.281436 2377697
5.283286 2378769
5.285136 2379841
5.286985 2380913
5.288835 2381985
5.290684 2383057
5.292534 2384129
5.294384 2385201
5.296233 2386273
5.298083 2387345
5.299932 2388417
5.301782 2389489
5.303632 2390561
5.305481 2391633
5.307331 2392705
5.309180 2393777
5.311030 2394849
5.312880 2395921
5.314729 2396993
5.316579 2398065
5.318428 2399137
5.320278 2400209
5.322128 2401281
5.323977 2402353
5.325827 2403425
5.327676 2404497
5.329526 2405569
5.331376 2406641
5.333225 2407713
5.335075 2408785
5.336924 2409857
5.338774 2410929
5.340624 2412001
5.342473 2413073
5.344323 2414145
5.346172 2415217
5.348022 2416289
5.349872 2417361
5.351721 2418433
5.353571 2419505
5.355420 2420577
5.357270 2421649
5.359120 2422721
5.360969 2423793
5.362819 2424865
5.364668 2425401
5.365593 2425401
5.366518 2425401
5.367443 2425401
5.368368 2425401
5.369292 2425401
5.370217 2425401
5.371142 2425401
5.372067 2425401
5.372992 2425401
5.373916 2425401
5.374841 2425401
5.375766 2425401
5.376691 2425401
5.377616 2425401
5.378540 2425401
5.379465 2425401
5.380390 2425401
5.381315 2425401
5.382240 2425401
5.383164 2425401
5.384089 2437193
5.387683 2438265
5.389532 2439337
5.391382 2440409
5.393232 2441481
5.395081 2442553
5.398675 2443625
5.400524 2444697
5.402374 2445769
5.404224 2446841
5.406073 2447913
5.409667 2448985
5.411516 2450057
5.413366 2451129
5.415216 2452201
5.417065 2453273
5.420659 2454345
5.422508 2455417
5.424358 2456489
5.426208 2457561
5.428057 2458633
5.429907 2459705
5.432576 2460777
5.434425 2461849
5.436275 2462921
5.438124 2463993
5.439974 2465065
5.441824 2466137
5.444492 2467209
5.446342 2468281
5.448192 2469353
5.450041 2470425
5.451891 2471497
5.453740 2472569
5.455590 2473641
5.457440 2474713
5.459289 2475785
5.461139 2476857
5.462988 2477929
5.464838 2479001
5.466688 2480073
5.468537 2481145
5.470387 2482217
5.472236 2483289
5.474086 2484361
5.475936 2485433
5.477785 2486505
5.479635 2487577
5.481484 2488649
5.483334 2489721
5.485184 2490793
5.487033 2491865
5.488883 2492937
5.490732 2494009
5.492582 2495081
5.494432 2496153
5.496281 2497225
5.498131 2498297
5.499980 2499369
5.501830 2500441
5.503680 2501513
5.505529 2502585
5.507379 2503657
5.509228 2504729
5.511078 2505801
5.512928 2506873
5.514777 2507945
5.516627 2509017
5.518476 2510089
5.520326 2511161
5.522176 2512233
5.524025 2513305
5.525875 2514377
5.527724 2515449
5.529574 2516521
5.531424 2517593
5.533273 2518665
5.535123 2519737
5.536972 2520809
5.538822 2521881
5.540672 2522953
5.542521 2524025
5.544371 2525097
5.546220 2526169
5.548070 2527241
5.549920 2528313
5.551769 2529385
5.553619 2530457
5.555468 2531529
5.557318 2532601
5.559168 2533673
5.561017 2534745
5.562867 2535817
5.564716 2536889
5.566566 2537961
5.568416 2539033
5.570265 2540105
5.572115 2541177
5.573964 2542249
5.575814 2543321
5.577664 2544393
5.579513 2545465
5.581363 2546537
5.583212 2547609
5.585062 2548681
5.586912 2549753
5.588761 2550825
5.590611 2551897
5.592460 2552969
5.594310 2554041
5.596160 2555113
5.598009 2556185
5.599859 2557257
5.601708 2558329
5.603558 2559401
5.605408 2560473
5.607257 2561545
5.609107 2562617
5.610956 2563689
5.612806 2564761
5.614656 2565833
5.616505 2566905
5.618355 2567977
5.620204 2569049
5.622054 2570121
5.623904 2571193
5.625753 2572265
5.627603 2573337
5.629452 2574409
5.631302 2575481
5.633152 2576553
5.635001 2577625
5.636851 2578697
5.638700 2579769
5.640550 2580841
5.642400 2581913
5.644249 2582985
5.646099 2584057
5.647948 2585129
5.649798 2586201
5.651648 2587273
5.653497 2588345
5.655347 2589417
5.657196 2590489
5.659046 2591561
5.660896 2592633
5.662745 2593705
5.664595 2594777
5.666444 2595849
5.668294 2596921
5.670144 2597993
5.671993 2599065
5.673843 2600137
5.675692 2601209
5.677542 2602281
5.679392 2603353
5.681241 2604425
5.683091 2605497
5.684940 2606569
5.686790 2607641
5.688640 2608713
5.690489 2609785
5.692339 2610857
5.694188 2611929
5.696038 2613001
5.697888 2614073
5.699737 2615145
5.701587 2616217
5.703436 2617289
5.705286 2618361
5.707136 2619433
5.708985 2620505
5.710835 2621577
5.712684 2622649
5.714534 2623721
5.716384 2624793
5.718233 2625865
5.720083 2626937
5.721932 2628009
5.723782 2629081
5.725632 2630153
5.727481 2631225
5.729331 2632297
5.731180 2633369
5.733030 2634441
5.734880 2635513
5.736729 2636585
5.738579 2637657
5.740428 2638729
5.742278 2639801
5.744128 2640873
5.745977 2641945
5.747827 2643017
5.749676 2644089
5.751526 2645161
5.753376 2645697
5.754300 2645697
5.755225 2645697
5.756150 2645697
5.757075 2645697
5.758000 2645697
5.758924 2645697
5.759849 2645697
5.760774 2645697
5.761699 2645697
5.762624 2645697
5.763548 2645697
5.764473 2645697
5.765398 2645697
5.766323 2645697
5.767248 2645697
5.768172 2645697
5.769097 2645697
5.770022 2645697
5.770947 2645697
5.771872 2645697
5.772796 2657489
5.776390 2658561
5.778240 2659633
5.780089 2660705
5.781939 2661777
5.783788 2662849
5.787382 2663921
5.789232 2664993
5.791081 2666065
5.792931 2667137
5.794780 2668209
5.798374 2669281
5.800224 2670353
5.802073 2671425
5.803923 2672497
5.805772 2673569
5.809366 2674641
5.811216 2675713
5.813065 2676785
5.814915 2677857
5.816764 2678929
5.818614 2680001
5.821283 2681073
5.823132 2682145
5.824982 2683217
5.826832 2684289
5.828681 2685361
5.830531 2686433
5.833200 2687505
5.835049 2688577
5.836899 2689649
5.838748 2690721
5.840598 2691793
5.842448 2692865
5.844297 2693937
5.846147 2695009
5.847996 2696081
5.849846 2697153
5.851696 2698225
5.853545 2699297
5.855395 2700369
5.857244 2701441
5.859094 2702513
5.860944 2703585
5.862793 2704657
5.864643 2705729
5.866492 2706801
5.868342 2707873
5.870192 2708945
5.872041 2710017
5.873891 2711089
5.875740 2712161
5.877590 2713233
5.879440 2714305
5.881289 2715377
5.883139 2716449
5.884988 2717521
5.886838 2718593
5.888688 2719665
5.890537 2720737
5.892387 2721809
5.894236 2722881
5.896086 2723953
5.897936 2725025
5.899785 2726097
5.901635 2727169
5.903484 2728241
5.905334 2729313
5.907184 2730385
5.909033 2731457
5.910883 2732529
5.912732 2733601
5.914582 2734673
5.916432 2735745
5.918281 2736817
5.920131 2737889
5.921980 2738961
5.923830 2740033
5.925680 2741105
5.927529 2742177
5.929379 2743249
5.931228 2744321
5.933078 2745393
5.934928 2746465
5.936777 2747537
5.938627 2748609
5.940476 2749681
5.942326 2750753
5.944176 2751825
5.946025 2752897
5.947875 2753969
5.949724 2755041
5.951574 2756113
5.953424 2757185
5.955273 2758257
5.957123 2759329
5.958972 2760401
5.960822 2761473
5.962672 2762545
5.964521 2763617
5.966371 2764689
5.968220 2765761
5.970070 2766833
5.971920 2767905
5.973769 2768977
5.975619 2770049
5.977468 2771121
5.979318 2772193
5.981168 2773265
5.983017 2774337
5.984867 2775409
5.986716 2776481
5.988566 2777553
5.990416 2778625
5.992265 2779697
5.994115 2780769
5.995964 2781841
5.997814 2782913
5.999664 2783985
6.001513 2785057
6.003363 2786129
6.005212 2787201
6.007062 2788273
6.008912 2789345
6.010761 2790417
6.012611 2791489
6.014460 2792561
6.016310 2793633
6.018160 2794705
6.020009 2795777
6.021859 2796849
6.023708 2797921
6.025558 2798993
6.027408 2800065
6.029257 2801137
6.031107 2802209
6.032956 2803281
6.034806 2804353
6.036656 2805425
6.038505 2806497
6.040355 2807569
6.042204 2808641
6.044054 2809713
6.045904 2810785
6.047753 2811857
6.049603 2812929
6.051452 2814001
6.053302 2815073
6.055152 2816145
6.057001 2817217
6.058851 2818289
6.060700 2819361
6.062550 2820433
6.064400 2821505
6.066249 2822577
6.068099 2823649
6.069948 2824721
6.071798 2825793
6.073648 2826865
6.075497 2827937
6.077347 2829009
6.079196 2830081
6.081046 2831153
6.082896 2832225
6.084745 2833297
6.086595 2834369
6.088444 2835441
6.090294 2836513
6.092144 2837585
6.093993 2838657
6.095843 2839729
6.097692 2840801
6.099542 2841873
6.101392 2842945
6.103241 2844017
6.105091 2845089
6.106940 2846161
6.108790 2847233
6.110640 2848305
6.112489 2849377
6.114339 2850449
6.116188 2851521
6.118038 2852593
6.119888 2853665
6.121737 2854737
6.123587 2855809
6.125436 2856881
6.127286 2857953
6.129136 2859025
6.130985 2860097
6.132835 2861169
6.134684 2862241
6.136534 2863313
6.138384 2864385
6.140233 2865457
6.142083 2865993
6.143008 2865993
6.143932 2865993
6.144857 2865993
6.145782 2865993
6.146707 2865993
6.147632 2865993
6.148556 2865993
6.149481 2865993
6.150406 2865993
6.151331 2865993
6.152256 2865993
6.153180 2865993
6.154105 2865993
6.155030 2865993
6.155955 2865993
6.156880 2865993
6.157804 2865993
6.158729 2865993
6.159654 2865993
6.160579 2865993
6.161504 2877785
6.165097 2878857
6.166947 2879929
6.168796 2881001
6.170646 2882073
6.172496 2883145
6.176089 2884217
6.177939 2885289
6.179788 2886361
6.181638 2887433
6.183488 2888505
6.187081 2889577
6.188931 2890649
6.190780 2891721
6.192630 2892793
6.194480 2893865
6.198073 2894937
6.199923 2896009
6.201772 2897081
6.203622 2898153
6.205472 2899225
6.207321 2900297
6.209990 2901369
6.211840 2902441
6.213689 2903513
6.215539 2904585
6.217388 2905657
6.219238 2906729
6.221907 2907801
6.223756 2908873
6.225606 2909945
6.227456 2911017
6.229305 2912089
6.231155 2913161
6.233004 2914233
6.234854 2915305
6.236704 2916377
6.238553 2917449
6.240403 2918521
6.242252 2919593
6.244102 2920665
6.245952 2921737
6.247801 2922809
6.249651 2923881
6.251500 2924953
6.253350 2926025
6.255200 2927097
6.257049 2928169
6.258899 2929241
6.260748 2930313
6.262598 2931385
6.264448 2932457
6.266297 2933529
6.268147 2934601
6.269996 2935673
6.271846 2936745
6.273696 2937817
6.275545 2938889
6.277395 2939961
6.279244 2941033
6.281094 2942105
6.282944 2943177
6.284793 2944249
6.286643 2945321
6.288492 2946393
6.290342 2947465
6.292192 2948537
6.294041 2949609
6.295891 2950681
6.297740 2951753
6.299590 2952825
6.301440 2953897
6.303289 2954969
6.305139 2956041
6.306988 2957113
6.308838 2958185
6.310688 2959257
6.312537 2960329
6.314387 2961401
6.316236 2962473
6.318086 2963545
6.319936 2964617
6.321785 2965689
6.323635 2966761
6.325484 2967833
6.327334 2968905
6.329184 2969977
6.331033 2971049
6.332883 2972121
6.334732 2973193
6.336582 2974265
6.338432 2975337
6.340281 2976409
6.342131 2977481
6.343980 2978553
6.345830 2979625
6.347680 2980697
6.349529 2981769
6.351379 2982841
6.353228 2983913
6.355078 2984985
6.356928 2986057
6.358777 2987129
6.360627 2988201
6.362476 2989273
6.364326 2990345
6.366176 2991417
6.368025 2992489
6.369875 2993561
6.371724 2994633
6.373574 2995705
6.375424 2996777
6.377273 2997849
6.379123 2998921
6.380972 2999993
6.382822 3001065
6.384672 3002137
6.386521 3003209
6.388371 3004281
6.390220 3005353
6.392070 3006425
6.393920 3007497
6.395769 3008569
6.397619 3009641
6.399468 3010713
6.401318 3011785
6.403168 3012857
6.405017 3013929
6.406867 3015001
6.408716 3016073
6.410566 3017145
6.412416 3018217
6.414265 3019289
6.416115 3020361
6.417964 3021433
6.419814 3022505
6.421664 3023577
6.423513 3024649
6.425363 3025721
6.427212 3026793
6.429062 3027865
6.430912 3028937
6.432761 3030009
6.434611 3031081
6.436460 3032153
6.438310 3033225
6.440160 3034297
6.442009 3035369
6.443859 3036441
6.445708 3037513
6.447558 3038585
6.449408 3039657
6.451257 3040729
6.453107 3041801
6.454956 3042873
6.456806 3043945
6.458656 3045017
6.460505 3046089
6.462355 3047161
6.464204 3048233
6.466054 3049305
6.467904 3050377
6.469753 3051449
6.471603 3052521
6.473452 3053593
6.475302 3054665
6.477152 3055737
6.479001 3056809
6.480851 3057881
6.482700 3058953
6.484550 3060025
6.486400 3061097
6.488249 3062169
6.490099 3063241
6.491948 3064313
6.493798 3065385
6.495648 3066457
6.497497 3067529
6.499347 3068601
6.501196 3069673
6.503046 3070745
6.504896 3071817
6.506745 3072889
6.508595 3073961
6.510444 3075033
6.512294 3076105
6.514144 3077177
6.515993 3078249
6.517843 3079321
6.519692 3080393
6.521542 3081465
6.523392 3082537
6.525241 3083609
6.527091 3084681
6.528940 3085753
6.530790 3086289
6.531715 3086289
6.532640 3086289
6.533564 3086289
6.534489 3086289
6.535414 3086289
6.536339 3086289
6.537264 3086289
6.538188 3086289
6.539113 3086289
6.540038 3086289
6.540963 3086289
6.541888 3086289
6.542812 3086289
6.543737 3086289
6.544662 3086289
6.545587 3086289
6.546512 3086289
6.547436 3086289
6.548361 3086289
6.549286 3086289
6.550211 3098081
6.553804 3099153
6.555654 3100225
6.557504 3101297
6.559353 3102369
6.561203 3103441
6.564796 3104513
6.566646 3105585
6.568496 3106657
6.570345 3107729
6.572195 3108801
6.575788 3109873
6.577638 3110945
6.579488 3112017
6.581337 3113089
6.583187 3114161
6.586780 3115233
6.588630 3116305
6.590480 3117377
6.592329 3118449
6.594179 3119521
6.596028 3120593
6.598697 3121665
6.600547 3122737
6.602396 3123809
6.604246 3124881
6.606096 3125953
6.607945 3127025
6.610614 3128097
6.612464 3129169
6.614313 3130241
6.616163 3131313
6.618012 3132385
6.619862 3133457
6.621712 3134529
6.623561 3135601
6.625411 3136673
6.627260 3137745
6.629110 3138817
6.630960 3139889
6.632809 3140961
6.634659 3142033
6.636508 3143105
6.638358 3144177
6.640208 3145249
6.642057 3146321
6.643907 3147393
6.645756 3148465
6.647606 3149537
6.649456 3150609
6.651305 3151681
6.653155 3152753
6.655004 3153825
6.656854 3154897
6.658704 3155969
6.660553 3157041
6.662403 3158113
6.664252 3159185
6.666102 3160257
6.667952 3161329
6.669801 3162401
6.671651 3163473
6.673500 3164545
6.675350 3165617
6.677200 3166689
6.679049 3167761
6.680899 3168833
6.682748 3169905
6.684598 3170977
6.686448 3172049
6.688297 3173121
6.690147 3174193
6.691996 3175265
6.693846 3176337
6.695696 3177409
6.697545 3178481
6.699395 3179553
6.701244 3180625
6.703094 3181697
6.704944 3182769
6.706793 3183841
6.708643 3184913
6.710492 3185985
6.712342 3187057
6.714192 3188129
6.716041 3189201
6.717891 3190273
6.719740 3191345
6.721590 3192417
6.723440 3193489
6.725289 3194561
6.727139 3195633
6.728988 3196705
6.730838 3197777
6.732688 3198849
6.734537 3199921
6.736387 3200993
6.738236 3202065
6.740086 3203137
6.741936 3204209
6.743785 3205281
6.745635 3206353
6.747484 3207425
6.749334 3208497
6.751184 3209569
6.753033 3210641
6.754883 3211713
6.756732 3212785
6.758582 3213857
6.760432 3214929
6.762281 3216001
6.764131 3217073
6.765980 3218145
6.767830 3219217
6.769680 3220289
6.771529 3221361
6.773379 3222433
6.775228 3223505
6.777078 3224577
6.778928 3225649
6.780777 3226721
6.782627 3227793
6.784476 3228865
6.786326 3229937
6.788176 3231009
6.790025 3232081
6.791875 3233153
6.793724 3234225
6.795574 3235297
6.797424 3236369
6.799273 3237441
6.801123 3238513
6.802972 3239585
6.804822 3240657
6.806672 3241729
6.808521 3242801
6.810371 3243873
6.812220 3244945
6.814070 3246017
6.815920 3247089
6.817769 3248161
6.819619 3249233
6.821468 3250305
6.823318 3251377
6.825168 3252449
6.827017 3253521
6.828867 3254593
6.830716 3255665
6.832566 3256737
6.834416 3257809
6.836265 3258881
6.838115 3259953
6.839964 3261025
6.841814 3262097
6.843664 3263169
6.845513 3264241
6.847363 3265313
6.849212 3266385
6.851062 3267457
6.852912 3268529
6.854761 3269601
6.856611 3270673
6.858460 3271745
6.860310 3272817
6.862160 3273889
6.864009 3274961
6.865859 3276033
6.867708 3277105
6.869558 3278177
6.871408 3279249
6.873257 3280321
6.875107 3281393
6.876956 3282465
6.878806 3283537
6.880656 3284609
6.882505 3285681
6.884355 3286753
6.886204 3287825
6.888054 3288897
6.889904 3289969
6.891753 3291041
6.893603 3292113
6.895452 3293185
6.897302 3294257
6.899152 3295329
6.901001 3296401
6.902851 3297473
6.904700 3298545
6.906550 3299617
6.908400 3300689
6.910249 3301761
6.912099 3302833
6.913948 3303905
6.915798 3304977
6.917648 3306049
6.919497 3306585
6.920422 3306585
6.921347 3306585
6.922272 3306585
6.923196 3306585
6.924121 3306585
6.925046 3306585
6.925971 3306585
6.926896 3306585
6.927820 3306585
6.928745 3306585
6.929670 3306585
6.930595 3306585
6.931520 3306585
6.932444 3306585
6.933369 3306585
6.934294 3306585
6.935219 3306585
6.936144 3306585
6.937068 3306585
6.937993 3306585
6.938918 3318377
6.942512 3319449
6.944361 3320521
6.946211 3321593
6.948060 3322665
6.949910 3323737
6.953504 3324809
6.955353 3325881
6.957203 3326953
6.959052 3328025
6.960902 3329097
6.964496 3330169
6.966345 3331241
6.968195 3332313
6.970044 3333385
6.971894 3334457
6.975488 3335529
6.977337 3336601
6.979187 3337673
6.981036 3338745
6.982886 3339817
6.984736 3340889
6.987404 3341961
6.989254 3343033
6.991104 3344105
6.992953 3345177
6.994803 3346249
6.996652 3347321
6.999321 3348393
7.001171 3349465
7.003020 3350537
7.004870 3351609
7.006720 3352681
7.008569 3353753
7.010419 3354825
7.012268 3355897
7.014118 3356969
7.015968 3358041
7.017817 3359113
7.019667 3360185
7.021516 3361257
7.023366 3362329
7.025216 3363401
7.027065 3364473
7.028915 3365545
7.030764 3366617
7.032614 3367689
7.034464 3368761
7.036313 3369833
7.038163 3370905
7.040012 3371977
7.041862 3373049
7.043712 3374121
7.045561 3375193
7.047411 3376265
7.049260 3377337
7.051110 3378409
7.052960 3379481
7.054809 3380553
7.056659 3381625
7.058508 3382697
7.060358 3383769
7.062208 3384841
7.064057 3385913
7.065907 3386985
7.067756 3388057
7.069606 3389129
7.071456 3390201
7.073305 3391273
7.075155 3392345
7.077004 3393417
7.078854 3394489
7.080704 3395561
7.082553 3396633
7.084403 3397705
7.086252 3398777
7.088102 3399849
7.089952 3400921
7.091801 3401993
7.093651 3403065
7.095500 3404137
7.097350 3405209
7.099200 3406281
7.101049 3407353
7.102899 3408425
7.104748 3409497
7.106598 3410569
7.108448 3411641
7.110297 3412713
7.112147 3413785
7.113996 3414857
7.115846 3415929
7.117696 3417001
7.119545 3418073
7.121395 3419145
7.123244 3420217
7.125094 3421289
7.126944 3422361
7.128793 3423433
7.130643 3424505
7.132492 3425577
7.134342 3426649
7.136192 3427721
7.138041 3428793
7.139891 3429865
7.141740 3430937
7.143590 3432009
7.145440 3433081
7.147289 3434153
7.149139 3435225
7.150988 3436297
7.152838 3437369
7.154688 3438441
7.156537 3439513
7.158387 3440585
7.160236 3441657
7.162086 3442729
7.163936 3443801
7.165785 3444873
7.167635 3445945
7.169484 3447017
7.171334 3448089
7.173184 3449161
7.175033 3450233
7.176883 3451305
7.178732 3452377
7.180582 3453449
7.182432 3454521
7.184281 3455593
7.186131 3456665
7.187980 3457737
7.189830 3458809
7.191680 3459881
7.193529 3460953
7.195379 3462025
7.197228 3463097
7.199078 3464169
7.200928 3465241
7.202777 3466313
7.204627 3467385
7.206476 3468457
7.208326 3469529
7.210176 3470601
7.212025 3471673
7.213875 3472745
7.215724 3473817
7.217574 3474889
7.219424 3475961
7.221273 3477033
7.223123 3478105
7.224972 3479177
7.226822 3480249
7.228672 3481321
7.230521 3482393
7.232371 3483465
7.234220 3484537
7.236070 3485609
7.237920 3486681
7.239769 3487753
7.241619 3488825
7.243468 3489897
7.245318 3490969
7.247168 3492041
7.249017 3493113
7.250867 3494185
7.252716 3495257
7.254566 3496329
7.256416 3497401
7.258265 3498473
7.260115 3499545
7.261964 3500617
7.263814 3501689
7.265664 3502761
7.267513 3503833
7.269363 3504905
7.271212 3505977
7.273062 3507049
7.274912 3508121
7.276761 3509193
7.278611 3510265
7.280460 3511337
7.282310 3512409
7.284160 3513481
7.286009 3514553
7.287859 3515625
7.289708 3516697
7.291558 3517769
7.293408 3518841
7.295257 3519913
7.297107 3520985
7.298956 3522057
7.300806 3523129
7.302656 3524201
7.304505 3525273
7.306355 3526345
7.308204 3526881
7.309129 3526881
7.310054 3526881
7.310979 3526881
7.311904 3526881
7.312828 3526881
7.313753 3526881
7.314678 3526881
7.315603 3526881
7.316528 3526881
7.317452 3526881
7.318377 3526881
7.319302 3526881
7.320227 3526881
7.321152 3526881
7.322076 3526881
7.323001 3526881
7.323926 3526881
7.324851 3526881
7.325776 3526881
7.326700 3526881
7.327625 3538673
7.331219 3539745
7.333068 3540817
7.334918 3541889
7.336768 3542961
7.338617 3544033
7.342211 3545105
7.344060 3546177
7.345910 3547249
7.347760 3548321
7.349609 3549393
7.353203 3550465
7.355052 3551537
7.356902 3552609
7.358752 3553681
7.360601 3554753
7.364195 3555825
7.366044 3556897
7.367894 3557969
7.369744 3559041
7.371593 3560113
7.373443 3561185
7.376112 3562257
7.377961 3563329
7.379811 3564401
7.381660 3565473
7.383510 3566545
7.385360 3567617
7.388028 3568689
7.389878 3569761
7.391728 3570833
7.393577 3571905
7.395427 3572977
7.397276 3574049
7.399126 3575121
7.400976 3576193
7.402825 3577265
7.404675 3578337
7.406524 3579409
7.408374 3580481
7.410224 3581553
7.412073 3582625
7.413923 3583697
7.415772 3584769
7.417622 3585841
7.419472 3586913
7.421321 3587985
7.423171 3589057
7.425020 3590129
7.426870 3591201
7.428720 3592273
7.430569 3593345
7.432419 3594417
7.434268 3595489
7.436118 3596561
7.437968 3597633
7.439817 3598705
7.441667 3599777
7.443516 3600849
7.445366 3601921
7.447216 3602993
7.449065 3604065
7.450915 3605137
7.452764 3606209
7.454614 3607281
7.456464 3608353
7.458313 3609425
7.460163 3610497
7.462012 3611569
7.463862 3612641
7.465712 3613713
7.467561 3614785
7.469411 3615857
7.471260 3616929
7.473110 3618001
7.474960 3619073
7.476809 3620145
7.478659 3621217
7.480508 3622289
7.482358 3623361
7.484208 3624433
7.486057 3625505
7.487907 3626577
7.489756 3627649
7.491606 3628721
7.493456 3629793
7.495305 3630865
7.497155 3631937
7.499004 3633009
7.500854 3634081
7.502704 3635153
7.504553 3636225
7.506403 3637297
7.508252 3638369
7.510102 3639441
7.511952 3640513
7.513801 3641585
7.515651 3642657
7.517500 3643729
7.519350 3644801
7.521200 3645873
7.523049 3646945
7.524899 3648017
7.526748 3649089
7.528598 3650161
7.530448 3651233
7.532297 3652305
7.534147 3653377
7.535996 3654449
7.537846 3655521
7.539696 3656593
7.541545 3657665
7.543395 3658737
7.545244 3659809
7.547094 3660881
7.548944 3661953
7.550793 3663025
7.552643 3664097
7.554492 3665169
7.556342 3666241
7.558192 3667313
7.560041 3668385
7.561891 3669457
7.563740 3670529
7.565590 3671601
7.567440 3672673
7.569289 3673745
7.571139 3674817
7.572988 3675889
7.574838 3676961
7.576688 3678033
7.578537 3679105
7.580387 3680177
7.582236 3681249
7.584086 3682321
7.585936 3683393
7.587785 3684465
7.589635 3685537
7.591484 3686609
7.593334 3687681
7.595184 3688753
7.597033 3689825
7.598883 3690897
7.600732 3691969
7.602582 3693041
7.604432 3694113
7.606281 3695185
7.608131 3696257
7.609980 3697329
7.611830 3698401
7.613680 3699473
7.615529 3700545
7.617379 3701617
7.619228 3702689
7.621078 3703761
7.622928 3704833
7.624777 3705905
7.626627 3706977
7.628476 3708049
7.630326 3709121
7.632176 3710193
7.634025 3711265
7.635875 3712337
7.637724 3713409
7.639574 3714481
7.641424 3715553
7.643273 3716625
7.645123 3717697
7.646972 3718769
7.648822 3719841
7.650672 3720913
7.652521 3721985
7.654371 3723057
7.656220 3724129
7.658070 3725201
7.659920 3726273
7.661769 3727345
7.663619 3728417
7.665468 3729489
7.667318 3730561
7.669168 3731633
7.671017 3732705
7.672867 3733777
7.674716 3734849
7.676566 3735921
7.678416 3736993
7.680265 3738065
7.682115 3739137
7.683964 3740209
7.685814 3741281
7.687664 3742353
7.689513 3743425
7.691363 3744497
7.693212 3745569
7.695062 3746641
7.696912 3747177
7.697836 3747177
7.698761 3747177
7.699686 3747177
7.700611 3747177
7.701536 3747177
7.702460 3747177
7.703385 3747177
7.704310 3747177
7.705235 3747177
7.706160 3747177
7.707084 3747177
7.708009 3747177
7.708934 3747177
7.709859 3747177
7.710784 3747177
7.711708 3747177
7.712633 3747177
7.713558 3747177
7.714483 3747177
7.715408 3747177
7.716332 3758969
7.719926 3760041
7.721776 3761113
7.723625 3762185
7.725475 3763257
7.727324 3764329
7.730918 3765401
7.732768 3766473
7.734617 3767545
7.736467 3768617
7.738316 3769689
7.741910 3770761
7.743760 3771833
7.745609 3772905
7.747459 3773977
7.749308 3775049
7.752902 3776121
7.754752 3777193
7.756601 3778265
7.758451 3779337
7.760300 3780409
7.762150 3781481
7.764819 3782553
7.766668 3783625
7.768518 3784697
7.770368 3785769
7.772217 3786841
7.774067 3787913
7.776736 3788985
7.778585 3790057
7.780435 3791129
7.782284 3792201
7.784134 3793273
7.785984 3794345
7.787833 3795417
7.789683 3796489
7.791532 3797561
7.793382 3798633
7.795232 3799705
7.797081 3800777
7.798931 3801849
7.800780 3802921
7.802630 3803993
7.804480 3805065
7.806329 3806137
7.808179 3807209
7.810028 3808281
7.811878 3809353
7.813728 3810425
7.815577 3811497
7.817427 3812569
7.819276 3813641
7.821126 3814713
7.822976 3815785
7.824825 3816857
7.826675 3817929
7.828524 3819001
7.830374 3820073
7.832224 3821145
7.834073 3822217
7.835923 3823289
7.837772 3824361
7.839622 3825433
7.841472 3826505
7.843321 3827577
7.845171 3828649
7.847020 3829721
7.848870 3830793
7.850720 3831865
7.852569 3832937
7.854419 3834009
7.856268 3835081
7.858118 3836153
7.859968 3837225
7.861817 3838297
7.863667 3839369
7.865516 3840441
7.867366 3841513
7.869216 3842585
7.871065 3843657
7.872915 3844729
7.874764 3845801
7.876614 3846873
7.878464 3847945
7.880313 3849017
7.882163 3850089
7.884012 3851161
7.885862 3852233
7.887712 3853305
7.889561 3854377
7.891411 3855449
7.893260 3856521
7.895110 3857593
7.896960 3858665
7.898809 3859737
7.900659 3860809
7.902508 3861881
7.904358 3862953
7.906208 3864025
7.908057 3865097
7.909907 3866169
7.911756 3867241
7.913606 3868313
7.915456 3869385
7.917305 3870457
7.919155 3871529
7.921004 3872601
7.922854 3873673
7.924704 3874745
7.926553 3875817
7.928403 3876889
7.930252 3877961
7.932102 3879033
7.933952 3880105
7.935801 3881177
7.937651 3882249
7.939500 3883321
7.941350 3884393
7.943200 3885465
7.945049 3886537
7.946899 3887609
7.948748 3888681
7.950598 3889753
7.952448 3890825
7.954297 3891897
7.956147 3892969
7.957996 3894041
7.959846 3895113
7.961696 3896185
7.963545 3897257
7.965395 3898329
7.967244 3899401
7.969094 3900473
7.970944 3901545
7.972793 3902617
7.974643 3903689
7.976492 3904761
7.978342 3905833
7.980192 3906905
7.982041 3907977
7.983891 3909049
7.985740 3910121
7.987590 3911193
7.989440 3912265
7.991289 3913337
7.993139 3914409
7.994988 3915481
7.996838 3916553
7.998688 3917625
8.000537 3918697
8.002387 3919769
8.004236 3920841
8.006086 3921913
8.007936 3922985
8.009785 3924057
8.011635 3925129
8.013484 3926201
8.015334 3927273
8.017184 3928345
8.019033 3929417
8.020883 3930489
8.022732 3931561
8.024582 3932633
8.026432 3933705
8.028281 3934777
8.030131 3935849
8.031980 3936921
8.033830 3937993
8.035680 3939065
8.037529 3940137
8.039379 3941209
8.041228 3942281
8.043078 3943353
8.044928 3944425
8.046777 3945497
8.048627 3946569
8.050476 3947641
8.052326 3948713
8.054176 3949785
8.056025 3950857
8.057875 3951929
8.059724 3953001
8.061574 3954073
8.063424 3955145
8.065273 3956217
8.067123 3957289
8.068972 3958361
8.070822 3959433
8.072672 3960505
8.074521 3961577
8.076371 3962649
8.078220 3963721
8.080070 3964793
8.081920 3965865
8.083769 3966937
8.085619 3967473
8.086544 3967473
8.087468 3967473
8.088393 3967473
8.089318 3967473
8.090243 3967473
8.091168 3967473
8.092092 3967473
8.093017 3967473
8.093942 3967473
8.094867 3967473
8.095792 3967473
8.096716 3967473
8.097641 3967473
8.098566 3967473
8.099491 3967473
8.100416 3967473
8.101340 3967473
8.102265 3967473
8.103190 3967473
8.104115 3967473
8.105040 3979265
8.108633 3980337
8.110483 3981409
8.112332 3982481
8.114182 3983553
8.116032 3984625
8.119625 3985697
8.121475 3986769
8.123324 3987841
8.125174 3988913
8.127024 3989985
8.130617 3991057
8.132467 3992129
8.134316 3993201
8.136166 3994273
8.138016 3995345
8.141609 3996417
8.143459 3997489
8.145308 3998561
8.147158 3999633
8.149008 4000705
8.150857 4001777
8.153526 4002849
8.155376 4003921
8.157225 4004993
8.159075 4006065
8.160924 4007137
8.162774 4008209
8.165443 4009281
8.167292 4010353
8.169142 4011425
8.170992 4012497
8.172841 4013569
8.174691 4014641
8.176540 4015713
8.178390 4016785
8.180240 4017857
8.182089 4018929
8.183939 4020001
8.185788 4021073
8.187638 4022145
8.189488 4023217
8.191337 4024289
8.193187 4025361
8.195036 4026433
8.196886 4027505
8.198736 4028577
8.200585 4029649
8.202435 4030721
8.204284 4031793
8.206134 4032865
8.207984 4033937
8.209833 4035009
8.211683 4036081
8.213532 4037153
8.215382 4038225
8.217232 4039297
8.219081 4040369
8.220931 4041441
8.222780 4042513
8.224630 4043585
8.226480 4044657
8.228329 4045729
8.230179 4046801
8.232028 4047873
8.233878 4048945
8.235728 4050017
8.237577 4051089
8.239427 4052161
8.241276 4053233
8.243126 4054305
8.244976 4055377
8.246825 4056449
8.248675 4057521
8.250524 4058593
8.252374 4059665
8.254224 4060737
8.256073 4061809
8.257923 4062881
8.259772 4063953
8.261622 4065025
8.263472 4066097
8.265321 4067169
8.267171 4068241
8.269020 4069313
8.270870 4070385
8.272720 4071457
8.274569 4072529
8.276419 4073601
8.278268 4074673
8.280118 4075745
8.281968 4076817
8.283817 4077889
8.285667 4078961
8.287516 4080033
8.289366 4081105
8.291216 4082177
8.293065 4083249
8.294915 4084321
8.296764 4085393
8.298614 4086465
8.300464 4087537
8.302313 4088609
8.304163 4089681
8.306012 4090753
8.307862 4091825
8.309712 4092897
8.311561 4093969
8.313411 4095041
8.315260 4096113
8.317110 4097185
8.318960 4098257
8.320809 4099329
8.322659 4100401
8.324508 4101473
8.326358 4102545
8.328208 4103617
8.330057 4104689
8.331907 4105761
8.333756 4106833
8.335606 4107905
8.337456 4108977
8.339305 4110049
8.341155 4111121
8.343004 4112193
8.344854 4113265
8.346704 4114337
8.348553 4115409
8.350403 4116481
8.352252 4117553
8.354102 4118625
8.355952 4119697
8.357801 4120769
8.359651 4121841
8.361500 4122913
8.363350 4123985
8.365200 4125057
8.367049 4126129
8.368899 4127201
8.370748 4128273
8.372598 4129345
8.374448 4130417
8.376297 4131489
8.378147 4132561
8.379996 4133633
8.381846 4134705
8.383696 4135777
8.385545 4136849
8.387395 4137921
8.389244 4138993
8.391094 4140065
8.392944 4141137
8.394793 4142209
8.396643 4143281
8.398492 4144353
8.400342 4145425
8.402192 4146497
8.404041 4147569
8.405891 4148641
8.407740 4149713
8.409590 4150785
8.411440 4151857
8.413289 4152929
8.415139 4154001
8.416988 4155073
8.418838 4156145
8.420688 4157217
8.422537 4158289
8.424387 4159361
8.426236 4160433
8.428086 4161505
8.429936 4162577
8.431785 4163649
8.433635 4164721
8.435484 4165793
8.437334 4166865
8.439184 4167937
8.441033 4169009
8.442883 4170081
8.444732 4171153
8.446582 4172225
8.448432 4173297
8.450281 4174369
8.452131 4175441
8.453980 4176513
8.455830 4177585
8.457680 4178657
8.459529 4179729
8.461379 4180801
8.463228 4181873
8.465078 4182945
8.466928 4184017
8.468777 4185089
8.470627 4186161
8.472476 4187233
8.474326 4187769
8.475251 4187769
8.476176 4187769
8.477100 4187769
8.478025 4187769
8.478950 4187769
8.479875 4187769
8.480800 4187769
8.481724 4187769
8.482649 4187769
8.483574 4187769
8.484499 4187769
8.485424 4187769
8.486348 4187769
8.487273 4187769
8.488198 4187769
8.489123 4187769
8.490048 4187769
8.490972 4187769
8.491897 4187769
8.492822 4187769
8.493747 4199561
8.497340 4200633
8.499190 4201705
8.501040 4202777
8.502889 4203849
8.504739 4204921
8.508332 4205993
8.510182 4207065
8.512032 4208137
8.513881 4209209
8.515731 4210281
8.519324 4211353
8.521174 4212425
8.523024 4213497
8.524873 4214569
8.526723 4215641
8.530316 4216713
8.532166 4217785
8.534016 4218857
8.535865 4219929
8.537715 4221001
8.539564 4222073
8.542233 4223145
8.544083 4224217
8.545932 4225289
8.547782 4226361
8.549632 4227433
8.551481 4228505
8.554150 4229577
8.556000 4230649
8.557849 4231721
8.559699 4232793
8.561548 4233865
8.563398 4234937
8.565248 4236009
8.567097 4237081
8.568947 4238153
8.570796 4239225
8.572646 4240297
8.574496 4241369
8.576345 4242441
8.578195 4243513
8.580044 4244585
8.581894 4245657
8.583744 4246729
8.585593 4247801
8.587443 4248873
8.589292 4249945
8.591142 4251017
8.592992 4252089
8.594841 4253161
8.596691 4254233
8.598540 4255305
8.600390 4256377
8.602240 4257449
8.604089 4258521
8.605939 4259593
8.607788 4260665
8.609638 4261737
8.611488 4262809
8.613337 4263881
8.615187 4264953
8.617036 4266025
8.618886 4267097
8.620736 4268169
8.622585 4269241
8.624435 4270313
8.626284 4271385
8.628134 4272457
8.629984 4273529
8.631833 4274601
8.633683 4275673
8.635532 4276745
8.637382 4277817
8.639232 4278889
8.641081 4279961
8.642931 4281033
8.644780 4282105
8.646630 4283177
8.648480 4284249
8.650329 4285321
8.652179 4286393
8.654028 4287465
8.655878 4288537
8.657728 4289609
8.659577 4290681
8.661427 4291753
8.663276 4292825
8.665126 4293897
8.666976 4294969
8.668825 4296041
8.670675 4297113
8.672524 4298185
8.674374 4299257
8.676224 4300329
8.678073 4301401
8.679923 4302473
8.681772 4303545
8.683622 4304617
8.685472 4305689
8.687321 4306761
8.689171 4307833
8.691020 4308905
8.692870 4309977
8.694720 4311049
8.696569 4312121
8.698419 4313193
8.700268 4314265
8.702118 4315337
8.703968 4316409
8.705817 4317481
8.707667 4318553
8.709516 4319625
8.711366 4320697
8.713216 4321769
8.715065 4322841
8.716915 4323913
8.718764 4324985
8.720614 4326057
8.722464 4327129
8.724313 4328201
8.726163 4329273
8.728012 4330345
8.729862 4331417
8.731712 4332489
8.733561 4333561
8.735411 4334633
8.737260 4335705
8.739110 4336777
8.740960 4337849
8.742809 4338921
8.744659 4339993
8.746508 4341065
8.748358 4342137
8.750208 4343209
8.752057 4344281
8.753907 4345353
8.755756 4346425
8.757606 4347497
8.759456 4348569
8.761305 4349641
8.763155 4350713
8.765004 4351785
8.766854 4352857
8.768704 4353929
8.770553 4355001
8.772403 4356073
8.774252 4357145
8.776102 4358217
8.777952 4359289
8.779801 4360361
8.781651 4361433
8.783500 4362505
8.785350 4363577
8.787200 4364649
8.789049 4365721
8.790899 4366793
8.792748 4367865
8.794598 4368937
8.796448 4370009
8.798297 4371081
8.800147 4372153
8.801996 4373225
8.803846 4374297
8.805696 4375369
8.807545 4376441
8.809395 4377513
8.811244 4378585
8.813094 4379657
8.814944 4380729
8.816793 4381801
8.818643 4382873
8.820492 4383945
8.822342 4385017
8.824192 4386089
8.826041 4387161
8.827891 4388233
8.829740 4389305
8.831590 4390377
8.833440 4391449
8.835289 4392521
8.837139 4393593
8.838988 4394665
8.840838 4395737
8.842688 4396809
8.844537 4397881
8.846387 4398953
8.848236 4400025
8.850086 4401097
8.851936 4402169
8.853785 4403241
8.855635 4404313
8.857484 4405385
8.859334 4406457
8.861184 4407529
8.863033 4408065
8.863958 4408065
8.864883 4408065
8.865808 4408065
8.866732 4408065
8.867657 4408065
8.868582 4408065
8.869507 4408065
8.870432 4408065
8.871356 4408065
8.872281 4408065
8.873206 4408065
8.874131 4408065
8.875056 4408065
8.875980 4408065
8.876905 4408065
8.877830 4408065
8.878755 4408065
8.879680 4408065
8.880604 4408065
8.881529 4408065
8.882454 4419857
8.886048 4420929
8.887897 4422001
8.889747 4423073
8.891596 4424145
8.893446 4425217
8.897040 4426289
8.898889 4427361
8.900739 4428433
8.902588 4429505
8.904438 4430577
8.908032 4431649
8.909881 4432721
8.911731 4433793
8.913580 4434865
8.915430 4435937
8.919024 4437009
8.920873 4438081
8.922723 4439153
8.924572 4440225
8.926422 4441297
8.928272 4442369
8.930940 4443441
8.932790 4444513
8.934640 4445585
8.936489 4446657
8.938339 4447729
8.940188 4448801
8.942857 4449873
8.944707 4450945
8.946556 4452017
8.948406 4453089
8.950256 4454161
8.952105 4455233
8.953955 4456305
8.955804 4457377
8.957654 4458449
8.959504 4459521
8.961353 4460593
8.963203 4461665
8.965052 4462737
8.966902 4463809
8.968752 4464881
8.970601 4465953
8.972451 4467025
8.974300 4468097
8.976150 4469169
8.978000 4470241
8.979849 4471313
8.981699 4472385
8.983548 4473457
8.985398 4474529
8.987248 4475601
8.989097 4476673
8.990947 4477745
8.992796 4478817
8.994646 4479889
8.996496 4480961
8.998345 4482033
9.000195 4483105
9.002044 4484177
9.003894 4485249
9.005744 4486321
9.007593 4487393
9.009443 4488465
9.011292 4489537
9.013142 4490609
9.014992 4491681
9.016841 4492753
9.018691 4493825
9.020540 4494897
9.022390 4495969
9.024240 4497041
9.026089 4498113
9.027939 4499185
9.029788 4500257
9.031638 4501329
9.033488 4502401
9.035337 4503473
9.037187 4504545
9.039036 4505617
9.040886 4506689
9.042736 4507761
9.044585 4508833
9.046435 4509905
9.048284 4510977
9.050134 4512049
9.051984 4513121
9.053833 4514193
9.055683 4515265
9.057532 4516337
9.059382 4517409
9.061232 4518481
9.063081 4519553
9.064931 4520625
9.066780 4521697
9.068630 4522769
9.070480 4523841
9.072329 4524913
9.074179 4525985
9.076028 4527057
9.077878 4528129
9.079728 4529201
9.081577 4530273
9.083427 4531345
9.085276 4532417
9.087126 4533489
9.088976 4534561
9.090825 4535633
9.092675 4536705
9.094524 4537777
9.096374 4538849
9.098224 4539921
9.100073 4540993
9.101923 4542065
9.103772 4543137
9.105622 4544209
9.107472 4545281
9.109321 4546353
9.111171 4547425
9.113020 4548497
9.114870 4549569
9.116720 4550641
9.118569 4551713
9.120419 4552785
9.122268 4553857
9.124118 4554929
9.125968 4556001
9.127817 4557073
9.129667 4558145
9.131516 4559217
9.133366 4560289
9.135216 4561361
9.137065 4562433
9.138915 4563505
9.140764 4564577
9.142614 4565649
9.144464 4566721
9.146313 4567793
9.148163 4568865
9.150012 4569937
9.151862 4571009
9.153712 4572081
9.155561 4573153
9.157411 4574225
9.159260 4575297
9.161110 4576369
9.162960 4577441
9.164809 4578513
9.166659 4579585
9.168508 4580657
9.170358 4581729
9.172208 4582801
9.174057 4583873
9.175907 4584945
9.177756 4586017
9.179606 4587089
9.181456 4588161
9.183305 4589233
9.185155 4590305
9.187004 4591377
9.188854 4592449
9.190704 4593521
9.192553 4594593
9.194403 4595665
9.196252 4596737
9.198102 4597809
9.199952 4598881
9.201801 4599953
9.203651 4601025
9.205500 4602097
9.207350 4603169
9.209200 4604241
9.211049 4605313
9.212899 4606385
9.214748 4607457
9.216598 4608529
9.218448 4609601
9.220297 4610673
9.222147 4611745
9.223996 4612817
9.225846 4613889
9.227696 4614961
9.229545 4616033
9.231395 4617105
9.233244 4618177
9.235094 4619249
9.236944 4620321
9.238793 4621393
9.240643 4622465
9.242492 4623537
9.244342 4624609
9.246192 4625681
9.248041 4626753
9.249891 4627825
9.251740 4628361
9.252665 4628361
9.253590 4628361
9.254515 4628361
9.255440 4628361
9.256364 4628361
9.257289 4628361
9.258214 4628361
9.259139 4628361
9.260064 4628361
9.260988 4628361
9.261913 4628361
9.262838 4628361
9.263763 4628361
9.264688 4628361
9.265612 4628361
9.266537 4628361
9.267462 4628361
9.268387 4628361
9.269312 4628361
9.270236 4628361
9.271161 4640153
9.274755 4641225
9.276604 4642297
9.278454 4643369
9.280304 4644441
9.282153 4645513
9.285747 4646585
9.287596 4647657
9.289446 4648729
9.291296 4649801
9.293145 4650873
9.296739 4651945
9.298588 4653017
9.300438 4654089
9.302288 4655161
9.304137 4656233
9.307731 4657305
9.309580 4658377
9.311430 4659449
9.313280 4660521
9.315129 4661593
9.316979 4662665
9.319648 4663737
9.321497 4664809
9.323347 4665881
9.325196 4666953
9.327046 4668025
9.328896 4669097
9.331564 4670169
9.333414 4671241
9.335264 4672313
9.337113 4673385
9.338963 4674457
9.340812 4675529
9.342662 4676601
9.344512 4677673
9.346361 4678745
9.348211 4679817
9.350060 4680889
9.351910 4681961
9.353760 4683033
9.355609 4684105
9.357459 4685177
9.359308 4686249
9.361158 4687321
9.363008 4688393
9.364857 4689465
9.366707 4690537
9.368556 4691609
9.370406 4692681
9.372256 4693753
9.374105 4694825
9.375955 4695897
9.377804 4696969
9.379654 4698041
9.381504 4699113
9.383353 4700185
9.385203 4701257
9.387052 4702329
9.388902 4703401
9.390752 4704473
9.392601 4705545
9.394451 4706617
9.396300 4707689
9.398150 4708761
9.400000 4709833
9.401849 4710905
9.403699 4711977
9.405548 4713049
9.407398 4714121
9.409248 4715193
9.411097 4716265
9.412947 4717337
9.414796 4718409
9.416646 4719481
9.418496 4720553
9.420345 4721625
9.422195 4722697
9.424044 4723769
9.425894 4724841
9.427744 4725913
9.429593 4726985
9.431443 4728057
9.433292 4729129
9.435142 4730201
9.436992 4731273
9.438841 4732345
9.440691 4733417
9.442540 4734489
9.444390 4735561
9.446240 4736633
9.448089 4737705
9.449939 4738777
9.451788 4739849
9.453638 4740921
9.455488 4741993
9.457337 4743065
9.459187 4744137
9.461036 4745209
9.462886 4746281
9.464736 4747353
9.466585 4748425
9.468435 4749497
9.470284 4750569
9.472134 4751641
9.473984 4752713
9.475833 4753785
9.477683 4754857
9.479532 4755929
9.481382 4757001
9.483232 4758073
9.485081 4759145
9.486931 4760217
9.488780 4761289
9.490630 4762361
9.492480 4763433
9.494329 4764505
9.496179 4765577
9.498028 4766649
9.499878 4767721
9.501728 4768793
9.503577 4769865
9.505427 4770937
9.507276 4772009
9.509126 4773081
9.510976 4774153
9.512825 4775225
9.514675 4776297
9.516524 4777369
9.518374 4778441
9.520224 4779513
9.522073 4780585
9.523923 4781657
9.525772 4782729
9.527622 4783801
9.529472 4784873
9.531321 4785945
9.533171 4787017
9.535020 4788089
9.536870 4789161
9.538720 4790233
9.540569 4791305
9.542419 4792377
9.544268 4793449
9.546118 4794521
9.547968 4795593
9.549817 4796665
9.551667 4797737
9.553516 4798809
9.555366 4799881
9.557216 4800953
9.559065 4802025
9.560915 4803097
9.562764 4804169
9.564614 4805241
9.566464 4806313
9.568313 4807385
9.570163 4808457
9.572012 4809529
9.573862 4810601
9.575712 4811673
9.577561 4812745
9.579411 4813817
9.581260 4814889
9.583110 4815961
9.584960 4817033
9.586809 4818105
9.588659 4819177
9.590508 4820249
9.592358 4821321
9.594208 4822393
9.596057 4823465
9.597907 4824537
9.599756 4825609
9.601606 4826681
9.603456 4827753
9.605305 4828825
9.607155 4829897
9.609004 4830969
9.610854 4832041
9.612704 4833113
9.614553 4834185
9.616403 4835257
9.618252 4836329
9.620102 4837401
9.621952 4838473
9.623801 4839545
9.625651 4840617
9.627500 4841689
9.629350 4842761
9.631200 4843833
9.633049 4844905
9.634899 4845977
9.636748 4847049
9.638598 4848121
9.640448 4848657
9.641372 4848657
9.642297 4848657
9.643222 4848657
9.644147 4848657
9.645072 4848657
9.645996 4848657
9.646921 4848657
9.647846 4848657
9.648771 4848657
9.649696 4848657
9.650620 4848657
9.651545 4848657
9.652470 4848657
9.653395 4848657
9.654320 4848657
9.655244 4848657
9.656169 4848657
9.657094 4848657
9.658019 4848657
9.658944 4848657
9.659868 4860449
9.663462 4861521
9.665312 4862593
9.667161 4863665
9.669011 4864737
9.670860 4865809
9.674454 4866881
9.676304 4867953
9.678153 4869025
9.680003 4870097
9.681852 4871169
9.685446 4872241
9.687296 4873313
9.689145 4874385
9.690995 4875457
9.692844 4876529
9.696438 4877601
9.698288 4878673
9.700137 4879745
9.701987 4880817
9.703836 4881889
9.705686 4882961
9.708355 4884033
9.710204 4885105
9.712054 4886177
9.713904 4887249
9.715753 4888321
9.717603 4889393
9.720272 4890465
9.722121 4891537
9.723971 4892609
9.725820 4893681
9.727670 4894753
9.729520 4895825
9.731369 4896897
9.733219 4897969
9.735068 4899041
9.736918 4900113
9.738768 4901185
9.740617 4902257
9.742467 4903329
9.744316 4904401
9.746166 4905473
9.748016 4906545
9.749865 4907617
9.751715 4908689
9.753564 4909761
9.755414 4910833
9.757264 4911905
9.759113 4912977
9.760963 4914049
9.762812 4915121
9.764662 4916193
9.766512 4917265
9.768361 4918337
9.770211 4919409
9.772060 4920481
9.773910 4921553
9.775760 4922625
9.777609 4923697
9.779459 4924769
9.781308 4925841
9.783158 4926913
9.785008 4927985
9.786857 4929057
9.788707 4930129
9.790556 4931201
9.792406 4932273
9.794256 4933345
9.796105 4934417
9.797955 4935489
9.799804 4936561
9.801654 4937633
9.803504 4938705
9.805353 4939777
9.807203 4940849
9.809052 4941921
9.810902 4942993
9.812752 4944065
9.814601 4945137
9.816451 4946209
9.818300 4947281
9.820150 4948353
9.822000 4949425
9.823849 4950497
9.825699 4951569
9.827548 4952641
9.829398 4953713
9.831248 4954785
9.833097 4955857
9.834947 4956929
9.836796 4958001
9.838646 4959073
9.840496 4960145
9.842345 4961217
9.844195 4962289
9.846044 4963361
9.847894 4964433
9.849744 4965505
9.851593 4966577
9.853443 4967649
9.855292 4968721
9.857142 4969793
9.858992 4970865
9.860841 4971937
9.862691 4973009
9.864540 4974081
9.866390 4975153
9.868240 4976225
9.870089 4977297
9.871939 4978369
9.873788 4979441
9.875638 4980513
9.877488 4981585
9.879337 4982657
9.881187 4983729
9.883036 4984801
9.884886 4985873
9.886736 4986945
9.888585 4988017
9.890435 4989089
9.892284 4990161
9.894134 4991233
9.895984 4992305
9.897833 4993377
9.899683 4994449
9.901532 4995521
9.903382 4996593
9.905232 4997665
9.907081 4998737
9.908931 4999809
9.910780 5000881
9.912630 5001953
9.914480 5003025
9.916329 5004097
9.918179 5005169
9.920028 5006241
9.921878 5007313
9.923728 5008385
9.925577 5009457
9.927427 5010529
9.929276 5011601
9.931126 5012673
9.932976 5013745
9.934825 5014817
9.936675 5015889
9.938524 5016961
9.940374 5018033
9.942224 5019105
9.944073 5020177
9.945923 5021249
9.947772 5022321
9.949622 5023393
9.951472 5024465
9.953321 5025537
9.955171 5026609
9.957020 5027681
9.958870 5028753
9.960720 5029825
9.962569 5030897
9.964419 5031969
9.966268 5033041
9.968118 5034113
9.969968 5035185
9.971817 5036257
9.973667 5037329
9.975516 5038401
9.977366 5039473
9.979216 5040545
9.981065 5041617
9.982915 5042689
9.984764 5043761
9.986614 5044833
9.988464 5045905
9.990313 5046977
9.992163 5048049
9.994012 5049121
9.995862 5050193
9.997712 5051265
9.999561 5052337
